        size         count      type   redop    root     time   algbw   busbw #wrong     time   algbw   busbw #wrong
         (B)    (elements)                               (us)  (GB/s)  (GB/s)            (us)  (GB/s)  (GB/s)       
           8             2     float     sum      -1    15.75    0.00    0.00      0    15.54    0.00    0.00      0
          16             4     float     sum      -1    15.13    0.00    0.00      0    15.31    0.00    0.00      0
          32             8     float     sum      -1    14.97    0.00    0.00      0    15.12    0.00    0.00      0
          64            16     float     sum      -1    16.71    0.00    0.01      0    16.56    0.00    0.01      0
         128            32     float     sum      -1    25.87    0.00    0.01      0    25.61    0.00    0.01      0
         256            64     float     sum      -1    26.11    0.01    0.02      0    25.93    0.01    0.02      0
         512           128     float     sum      -1    26.68    0.02    0.03      0    26.25    0.02    0.03      0
        1024           256     float     sum      -1    27.18    0.04    0.07      0    26.89    0.04    0.07      0
        2048           512     float     sum      -1    28.20    0.07    0.13      0    27.95    0.07    0.13      0
        4096          1024     float     sum      -1    30.72    0.13    0.23      0    30.27    0.14    0.24      0
        8192          2048     float     sum      -1    30.95    0.26    0.46      0    31.01    0.26    0.46      0
       16384          4096     float     sum      -1    31.98    0.51    0.90      0    31.10    0.53    0.92      0
       32768          8192     float     sum      -1    34.50    0.95    1.66      0    33.38    0.98    1.72      0
       65536         16384     float     sum      -1    63.25    1.04    1.81      0    62.20    1.05    1.84      0
      131072         32768     float     sum      -1    66.94    1.96    3.43      0    65.95    1.99    3.48      0
      262144         65536     float     sum      -1    98.81    2.65    4.64      0    98.62    2.66    4.65      0
      524288        131072     float     sum      -1    173.5    3.02    5.29      0    171.1    3.06    5.36      0
     1048576        262144     float     sum      -1    256.6    4.09    7.15      0    255.3    4.11    7.19      0
     2097152        524288     float     sum      -1    133.7   15.69   27.46      0    136.5   15.37   26.89      0
     4194304       1048576     float     sum      -1    197.4   21.25   37.19      0    221.4   18.95   33.16      0
     8388608       2097152     float     sum      -1    330.2   25.40   44.46      0    337.8   24.84   43.46      0
    16777216       4194304     float     sum      -1    532.2   31.52   55.16      0    574.6   29.20   51.10      0
    33554432       8388608     float     sum      -1    894.0   37.53   65.68      0    864.9   38.79   67.89      0
    67108864      16777216     float     sum      -1   1391.7   48.22   84.39      0   1488.6   45.08   78.89      0
   134217728      33554432     float     sum      -1   2272.3   59.07  103.37      0   2350.2   57.11   99.94      0
   268435456      67108864     float     sum      -1   3807.4   70.50  123.38      0   3749.0   71.60  125.30      0
   536870912     134217728     float     sum      -1   6674.9   80.43  140.75      0   6726.8   79.81  139.67      0
  1073741824     268435456     float     sum      -1    12481   86.03  150.56      0    12506   85.86  150.25      0
  2147483648     536870912     float     sum      -1    24076   89.20  156.09      0    24089   89.15  156.01      0
  4294967296    1073741824     float     sum      -1    47257   90.89  159.05      0    47256   90.89  159.05      0
           8             2     float     sum      -1    15.70    0.00    0.00      0    15.31    0.00    0.00      0
          16             4     float     sum      -1    15.04    0.00    0.00      0    14.97    0.00    0.00      0
          32             8     float     sum      -1    15.05    0.00    0.00      0    14.95    0.00    0.00      0
          64            16     float     sum      -1    17.01    0.00    0.01      0    16.57    0.00    0.01      0
         128            32     float     sum      -1    25.68    0.00    0.01      0    25.49    0.01    0.01      0
         256            64     float     sum      -1    25.89    0.01    0.02      0    25.51    0.01    0.02      0
         512           128     float     sum      -1    26.55    0.02    0.03      0    26.19    0.02    0.03      0
        1024           256     float     sum      -1    27.38    0.04    0.07      0    27.15    0.04    0.07      0
        2048           512     float     sum      -1    28.46    0.07    0.13      0    28.14    0.07    0.13      0
        4096          1024     float     sum      -1    30.71    0.13    0.23      0    30.34    0.13    0.24      0
        8192          2048     float     sum      -1    30.83    0.27    0.47      0    30.39    0.27    0.47      0
       16384          4096     float     sum      -1    31.89    0.51    0.90      0    30.92    0.53    0.93      0
       32768          8192     float     sum      -1    33.88    0.97    1.69      0    33.44    0.98    1.72      0
       65536         16384     float     sum      -1    62.34    1.05    1.84      0    61.87    1.06    1.85      0
      131072         32768     float     sum      -1    66.17    1.98    3.47      0    66.41    1.97    3.45      0
      262144         65536     float     sum      -1    98.63    2.66    4.65      0    98.37    2.66    4.66      0
      524288        131072     float     sum      -1    173.4    3.02    5.29      0    171.6    3.06    5.35      0
     1048576        262144     float     sum      -1    256.4    4.09    7.16      0    258.3    4.06    7.11      0
     2097152        524288     float     sum      -1    136.1   15.41   26.97      0    137.4   15.27   26.72      0
     4194304       1048576     float     sum      -1    207.6   20.21   35.36      0    218.8   19.17   33.55      0
     8388608       2097152     float     sum      -1    323.5   25.93   45.38      0    340.5   24.63   43.11      0
    16777216       4194304     float     sum      -1    530.4   31.63   55.36      0    562.6   29.82   52.19      0
    33554432       8388608     float     sum      -1    876.4   38.29   67.00      0    877.8   38.23   66.90      0
    67108864      16777216     float     sum      -1   1394.6   48.12   84.21      0   1435.0   46.77   81.84      0
   134217728      33554432     float     sum      -1   2255.7   59.50  104.13      0   2301.4   58.32  102.06      0
   268435456      67108864     float     sum      -1   3813.6   70.39  123.18      0   3822.7   70.22  122.89      0
   536870912     134217728     float     sum      -1   6662.6   80.58  141.01      0   6717.7   79.92  139.86      0
  1073741824     268435456     float     sum      -1    12473   86.09  150.65      0    12457   86.20  150.85      0
  2147483648     536870912     float     sum      -1    24048   89.30  156.28      0    24073   89.21  156.11      0
  4294967296    1073741824     float     sum      -1    47215   90.97  159.19      0    47286   90.83  158.95      0
           8             2     float     sum      -1    15.73    0.00    0.00      0    15.08    0.00    0.00      0
          16             4     float     sum      -1    15.17    0.00    0.00      0    14.90    0.00    0.00      0
          32             8     float     sum      -1    15.05    0.00    0.00      0    15.00    0.00    0.00      0
          64            16     float     sum      -1    16.99    0.00    0.01      0    16.58    0.00    0.01      0
         128            32     float     sum      -1    25.94    0.00    0.01      0    25.77    0.00    0.01      0
         256            64     float     sum      -1    26.05    0.01    0.02      0    26.07    0.01    0.02      0
         512           128     float     sum      -1    26.25    0.02    0.03      0    26.25    0.02    0.03      0
        1024           256     float     sum      -1    27.14    0.04    0.07      0    26.93    0.04    0.07      0
        2048           512     float     sum      -1    28.14    0.07    0.13      0    27.88    0.07    0.13      0
        4096          1024     float     sum      -1    30.67    0.13    0.23      0    30.18    0.14    0.24      0
        8192          2048     float     sum      -1    30.79    0.27    0.47      0    30.62    0.27    0.47      0
       16384          4096     float     sum      -1    31.69    0.52    0.90      0    30.98    0.53    0.93      0
       32768          8192     float     sum      -1    34.06    0.96    1.68      0    33.59    0.98    1.71      0
       65536         16384     float     sum      -1    62.17    1.05    1.84      0    61.86    1.06    1.85      0
      131072         32768     float     sum      -1    67.14    1.95    3.42      0    66.06    1.98    3.47      0
      262144         65536     float     sum      -1    98.26    2.67    4.67      0    97.19    2.70    4.72      0
      524288        131072     float     sum      -1    173.6    3.02    5.29      0    171.2    3.06    5.36      0
     1048576        262144     float     sum      -1    259.6    4.04    7.07      0    255.7    4.10    7.18      0
     2097152        524288     float     sum      -1    132.2   15.86   27.75      0    146.5   14.31   25.05      0
     4194304       1048576     float     sum      -1    195.2   21.49   37.61      0    212.4   19.75   34.55      0
     8388608       2097152     float     sum      -1    329.9   25.43   44.50      0    346.6   24.20   42.35      0
    16777216       4194304     float     sum      -1    515.0   32.58   57.01      0    566.0   29.64   51.87      0
    33554432       8388608     float     sum      -1    878.7   38.19   66.83      0    880.5   38.11   66.69      0
    67108864      16777216     float     sum      -1   1390.0   48.28   84.49      0   1431.9   46.87   82.02      0
   134217728      33554432     float     sum      -1   2257.4   59.46  104.05      0   2379.1   56.41   98.73      0
   268435456      67108864     float     sum      -1   3778.4   71.04  124.33      0   3780.3   71.01  124.26      0
   536870912     134217728     float     sum      -1   6675.2   80.43  140.75      0   6695.1   80.19  140.33      0
  1073741824     268435456     float     sum      -1    12483   86.01  150.52      0    12501   85.89  150.31      0
  2147483648     536870912     float     sum      -1    24054   89.28  156.23      0    24127   89.01  155.77      0
  4294967296    1073741824     float     sum      -1    47268   90.86  159.01      0    47291   90.82  158.93      0
           8             2     float     sum      -1    15.73    0.00    0.00      0    15.36    0.00    0.00      0
          16             4     float     sum      -1    15.22    0.00    0.00      0    15.04    0.00    0.00      0
          32             8     float     sum      -1    15.06    0.00    0.00      0    15.07    0.00    0.00      0
          64            16     float     sum      -1    16.67    0.00    0.01      0    16.60    0.00    0.01      0
         128            32     float     sum      -1    25.98    0.00    0.01      0    25.47    0.01    0.01      0
         256            64     float     sum      -1    26.07    0.01    0.02      0    25.92    0.01    0.02      0
         512           128     float     sum      -1    26.46    0.02    0.03      0    26.26    0.02    0.03      0
        1024           256     float     sum      -1    27.33    0.04    0.07      0    26.94    0.04    0.07      0
        2048           512     float     sum      -1    28.48    0.07    0.13      0    27.92    0.07    0.13      0
        4096          1024     float     sum      -1    30.62    0.13    0.23      0    30.17    0.14    0.24      0
        8192          2048     float     sum      -1    31.12    0.26    0.46      0    30.40    0.27    0.47      0
       16384          4096     float     sum      -1    31.46    0.52    0.91      0    31.01    0.53    0.92      0
       32768          8192     float     sum      -1    33.95    0.97    1.69      0    33.19    0.99    1.73      0
       65536         16384     float     sum      -1    62.46    1.05    1.84      0    61.50    1.07    1.86      0
      131072         32768     float     sum      -1    67.27    1.95    3.41      0    65.78    1.99    3.49      0
      262144         65536     float     sum      -1    98.78    2.65    4.64      0    97.10    2.70    4.72      0
      524288        131072     float     sum      -1    173.5    3.02    5.29      0    169.3    3.10    5.42      0
     1048576        262144     float     sum      -1    256.6    4.09    7.15      0    253.3    4.14    7.24      0
     2097152        524288     float     sum      -1    136.8   15.33   26.83      0    138.9   15.10   26.42      0
     4194304       1048576     float     sum      -1    209.2   20.05   35.09      0    217.3   19.30   33.78      0
     8388608       2097152     float     sum      -1    323.0   25.97   45.45      0    352.2   23.82   41.68      0
    16777216       4194304     float     sum      -1    523.4   32.05   56.09      0    564.2   29.74   52.04      0
    33554432       8388608     float     sum      -1    881.8   38.05   66.59      0    847.8   39.58   69.26      0
    67108864      16777216     float     sum      -1   1402.5   47.85   83.74      0   1475.4   45.48   79.60      0
   134217728      33554432     float     sum      -1   2277.6   58.93  103.13      0   2314.7   57.98  101.47      0
   268435456      67108864     float     sum      -1   3765.6   71.29  124.75      0   3802.2   70.60  123.55      0
   536870912     134217728     float     sum      -1   6649.0   80.75  141.30      0   6706.8   80.05  140.09      0
  1073741824     268435456     float     sum      -1    12473   86.08  150.64      0    12497   85.92  150.36      0
  2147483648     536870912     float     sum      -1    24055   89.27  156.23      0    24076   89.20  156.09      0
  4294967296    1073741824     float     sum      -1    47246   90.91  159.09      0    47280   90.84  158.97      0
           8             2     float     sum      -1    15.70    0.00    0.00      0    15.21    0.00    0.00      0
          16             4     float     sum      -1    15.07    0.00    0.00      0    14.93    0.00    0.00      0
          32             8     float     sum      -1    14.90    0.00    0.00      0    15.00    0.00    0.00      0
          64            16     float     sum      -1    16.67    0.00    0.01      0    16.40    0.00    0.01      0
         128            32     float     sum      -1    25.67    0.00    0.01      0    25.55    0.01    0.01      0
         256            64     float     sum      -1    26.17    0.01    0.02      0    25.87    0.01    0.02      0
         512           128     float     sum      -1    26.38    0.02    0.03      0    26.34    0.02    0.03      0
        1024           256     float     sum      -1    27.27    0.04    0.07      0    27.03    0.04    0.07      0
        2048           512     float     sum      -1    28.19    0.07    0.13      0    27.92    0.07    0.13      0
        4096          1024     float     sum      -1    30.50    0.13    0.24      0    29.98    0.14    0.24      0
        8192          2048     float     sum      -1    31.18    0.26    0.46      0    30.57    0.27    0.47      0
       16384          4096     float     sum      -1    31.92    0.51    0.90      0    31.05    0.53    0.92      0
       32768          8192     float     sum      -1    33.65    0.97    1.70      0    33.94    0.97    1.69      0
       65536         16384     float     sum      -1    61.89    1.06    1.85      0    62.01    1.06    1.85      0
      131072         32768     float     sum      -1    75.51    1.74    3.04      0    66.38    1.97    3.46      0
      262144         65536     float     sum      -1    98.38    2.66    4.66      0    97.45    2.69    4.71      0
      524288        131072     float     sum      -1    173.7    3.02    5.28      0    170.4    3.08    5.38      0
     1048576        262144     float     sum      -1    257.6    4.07    7.12      0    254.1    4.13    7.22      0
     2097152        524288     float     sum      -1    135.3   15.50   27.13      0    138.8   15.11   26.44      0
     4194304       1048576     float     sum      -1    203.5   20.61   36.07      0    212.7   19.72   34.51      0
     8388608       2097152     float     sum      -1    324.8   25.83   45.20      0    346.7   24.20   42.35      0
    16777216       4194304     float     sum      -1    528.3   31.76   55.58      0    562.9   29.80   52.16      0
    33554432       8388608     float     sum      -1    878.3   38.20   66.85      0    886.6   37.85   66.23      0
    67108864      16777216     float     sum      -1   1399.5   47.95   83.92      0   1446.2   46.40   81.21      0
   134217728      33554432     float     sum      -1   2255.4   59.51  104.14      0   2285.8   58.72  102.76      0
   268435456      67108864     float     sum      -1   3808.5   70.48  123.35      0   3816.7   70.33  123.08      0
   536870912     134217728     float     sum      -1   6708.2   80.03  140.06      0   6676.7   80.41  140.72      0
  1073741824     268435456     float     sum      -1    12475   86.07  150.62      0    12510   85.83  150.20      0
  2147483648     536870912     float     sum      -1    24080   89.18  156.07      0    24107   89.08  155.89      0
  4294967296    1073741824     float     sum      -1    47241   90.92  159.10      0    47235   90.93  159.12      0
           8             2     float     sum      -1    15.74    0.00    0.00      0    14.94    0.00    0.00      0
          16             4     float     sum      -1    14.95    0.00    0.00      0    15.22    0.00    0.00      0
          32             8     float     sum      -1    15.02    0.00    0.00      0    14.94    0.00    0.00      0
          64            16     float     sum      -1    16.54    0.00    0.01      0    16.47    0.00    0.01      0
         128            32     float     sum      -1    25.83    0.00    0.01      0    25.46    0.01    0.01      0
         256            64     float     sum      -1    26.02    0.01    0.02      0    25.75    0.01    0.02      0
         512           128     float     sum      -1    26.68    0.02    0.03      0    26.37    0.02    0.03      0
        1024           256     float     sum      -1    27.35    0.04    0.07      0    26.95    0.04    0.07      0
        2048           512     float     sum      -1    28.48    0.07    0.13      0    28.05    0.07    0.13      0
        4096          1024     float     sum      -1    30.78    0.13    0.23      0    29.94    0.14    0.24      0
        8192          2048     float     sum      -1    31.14    0.26    0.46      0    30.83    0.27    0.47      0
       16384          4096     float     sum      -1    31.98    0.51    0.90      0    31.13    0.53    0.92      0
       32768          8192     float     sum      -1    34.10    0.96    1.68      0    33.32    0.98    1.72      0
       65536         16384     float     sum      -1    61.93    1.06    1.85      0    61.40    1.07    1.87      0
      131072         32768     float     sum      -1    66.65    1.97    3.44      0    66.62    1.97    3.44      0
      262144         65536     float     sum      -1    99.04    2.65    4.63      0    97.29    2.69    4.72      0
      524288        131072     float     sum      -1    173.6    3.02    5.29      0    172.2    3.04    5.33      0
     1048576        262144     float     sum      -1    260.1    4.03    7.05      0    258.1    4.06    7.11      0
     2097152        524288     float     sum      -1    138.8   15.11   26.45      0    141.2   14.86   26.00      0
     4194304       1048576     float     sum      -1    202.8   20.68   36.19      0    220.8   19.00   33.25      0
     8388608       2097152     float     sum      -1    324.4   25.86   45.25      0    348.7   24.06   42.10      0
    16777216       4194304     float     sum      -1    524.7   31.98   55.96      0    568.9   29.49   51.61      0
    33554432       8388608     float     sum      -1    891.1   37.66   65.90      0    877.8   38.23   66.90      0
    67108864      16777216     float     sum      -1   1382.5   48.54   84.95      0   1498.7   44.78   78.36      0
   134217728      33554432     float     sum      -1   2269.1   59.15  103.51      0   2345.9   57.21  100.12      0
   268435456      67108864     float     sum      -1   3764.9   71.30  124.77      0   3814.9   70.36  123.14      0
   536870912     134217728     float     sum      -1   6677.7   80.40  140.70      0   6668.3   80.51  140.89      0
  1073741824     268435456     float     sum      -1    12475   86.07  150.62      0    12489   85.98  150.46      0
  2147483648     536870912     float     sum      -1    24061   89.25  156.19      0    24123   89.02  155.79      0
  4294967296    1073741824     float     sum      -1    47253   90.89  159.06      0    47281   90.84  158.97      0
           8             2     float     sum      -1    15.44    0.00    0.00      0    14.94    0.00    0.00      0
          16             4     float     sum      -1    15.03    0.00    0.00      0    14.76    0.00    0.00      0
          32             8     float     sum      -1    15.03    0.00    0.00      0    14.93    0.00    0.00      0
          64            16     float     sum      -1    16.68    0.00    0.01      0    16.40    0.00    0.01      0
         128            32     float     sum      -1    25.84    0.00    0.01      0    25.59    0.01    0.01      0
         256            64     float     sum      -1    26.20    0.01    0.02      0    25.98    0.01    0.02      0
         512           128     float     sum      -1    26.56    0.02    0.03      0    26.22    0.02    0.03      0
        1024           256     float     sum      -1    27.38    0.04    0.07      0    26.93    0.04    0.07      0
        2048           512     float     sum      -1    28.45    0.07    0.13      0    28.21    0.07    0.13      0
        4096          1024     float     sum      -1    30.63    0.13    0.23      0    30.03    0.14    0.24      0
        8192          2048     float     sum      -1    31.02    0.26    0.46      0    31.08    0.26    0.46      0
       16384          4096     float     sum      -1    31.73    0.52    0.90      0    30.95    0.53    0.93      0
       32768          8192     float     sum      -1    34.01    0.96    1.69      0    33.36    0.98    1.72      0
       65536         16384     float     sum      -1    62.05    1.06    1.85      0    61.84    1.06    1.85      0
      131072         32768     float     sum      -1    66.52    1.97    3.45      0    66.66    1.97    3.44      0
      262144         65536     float     sum      -1    99.13    2.64    4.63      0    98.35    2.67    4.66      0
      524288        131072     float     sum      -1    174.7    3.00    5.25      0    171.4    3.06    5.35      0
     1048576        262144     float     sum      -1    259.5    4.04    7.07      0    259.4    4.04    7.07      0
     2097152        524288     float     sum      -1    135.5   15.48   27.08      0    135.8   15.44   27.02      0
     4194304       1048576     float     sum      -1    204.8   20.48   35.84      0    216.5   19.38   33.91      0
     8388608       2097152     float     sum      -1    325.0   25.81   45.16      0    338.9   24.75   43.32      0
    16777216       4194304     float     sum      -1    525.9   31.90   55.83      0    559.1   30.01   52.52      0
    33554432       8388608     float     sum      -1    879.6   38.15   66.76      0    886.7   37.84   66.23      0
    67108864      16777216     float     sum      -1   1396.4   48.06   84.10      0   1489.9   45.04   78.83      0
   134217728      33554432     float     sum      -1   2270.1   59.12  103.47      0   2328.4   57.64  100.88      0
   268435456      67108864     float     sum      -1   3780.5   71.00  124.26      0   3774.6   71.12  124.45      0
   536870912     134217728     float     sum      -1   6670.5   80.48  140.85      0   6703.5   80.09  140.16      0
  1073741824     268435456     float     sum      -1    12494   85.94  150.40      0    12511   85.83  150.20      0
  2147483648     536870912     float     sum      -1    24089   89.15  156.01      0    24057   89.27  156.22      0
  4294967296    1073741824     float     sum      -1    47269   90.86  159.01      0    47301   90.80  158.90      0
           8             2     float     sum      -1    15.76    0.00    0.00      0    14.90    0.00    0.00      0
          16             4     float     sum      -1    15.03    0.00    0.00      0    15.02    0.00    0.00      0
          32             8     float     sum      -1    15.05    0.00    0.00      0    15.13    0.00    0.00      0
          64            16     float     sum      -1    16.70    0.00    0.01      0    16.37    0.00    0.01      0
         128            32     float     sum      -1    25.86    0.00    0.01      0    25.61    0.00    0.01      0
         256            64     float     sum      -1    26.37    0.01    0.02      0    26.59    0.01    0.02      0
         512           128     float     sum      -1    26.51    0.02    0.03      0    26.28    0.02    0.03      0
        1024           256     float     sum      -1    27.26    0.04    0.07      0    27.16    0.04    0.07      0
        2048           512     float     sum      -1    28.46    0.07    0.13      0    28.87    0.07    0.12      0
        4096          1024     float     sum      -1    30.96    0.13    0.23      0    29.93    0.14    0.24      0
        8192          2048     float     sum      -1    30.98    0.26    0.46      0    30.64    0.27    0.47      0
       16384          4096     float     sum      -1    31.89    0.51    0.90      0    31.58    0.52    0.91      0
       32768          8192     float     sum      -1    34.23    0.96    1.68      0    33.41    0.98    1.72      0
       65536         16384     float     sum      -1    62.29    1.05    1.84      0    62.30    1.05    1.84      0
      131072         32768     float     sum      -1    66.36    1.98    3.46      0    66.15    1.98    3.47      0
      262144         65536     float     sum      -1    98.84    2.65    4.64      0    98.04    2.67    4.68      0
      524288        131072     float     sum      -1    175.2    2.99    5.24      0    172.6    3.04    5.32      0
     1048576        262144     float     sum      -1    260.2    4.03    7.05      0    260.2    4.03    7.05      0
     2097152        524288     float     sum      -1    136.3   15.38   26.92      0    136.6   15.35   26.86      0
     4194304       1048576     float     sum      -1    198.0   21.18   37.07      0    224.3   18.70   32.73      0
     8388608       2097152     float     sum      -1    325.1   25.80   45.15      0    343.5   24.42   42.74      0
    16777216       4194304     float     sum      -1    528.1   31.77   55.60      0    571.4   29.36   51.38      0
    33554432       8388608     float     sum      -1    890.2   37.69   65.96      0    870.2   38.56   67.48      0
    67108864      16777216     float     sum      -1   1383.2   48.52   84.90      0   1485.1   45.19   79.08      0
   134217728      33554432     float     sum      -1   2223.5   60.36  105.64      0   2365.1   56.75   99.31      0
   268435456      67108864     float     sum      -1   3843.7   69.84  122.21      0   3748.9   71.60  125.31      0
   536870912     134217728     float     sum      -1   6660.9   80.60  141.05      0   6674.4   80.44  140.76      0
  1073741824     268435456     float     sum      -1    12517   85.78  150.12      0    12535   85.66  149.90      0
  2147483648     536870912     float     sum      -1    24096   89.12  155.96      0    24093   89.13  155.98      0
  4294967296    1073741824     float     sum      -1    47250   90.90  159.07      0    47232   90.93  159.13      0
           8             2     float     sum      -1    15.52    0.00    0.00      0    15.14    0.00    0.00      0
          16             4     float     sum      -1    15.39    0.00    0.00      0    15.10    0.00    0.00      0
          32             8     float     sum      -1    15.00    0.00    0.00      0    14.94    0.00    0.00      0
          64            16     float     sum      -1    16.53    0.00    0.01      0    16.35    0.00    0.01      0
         128            32     float     sum      -1    25.81    0.00    0.01      0    25.55    0.01    0.01      0
         256            64     float     sum      -1    26.29    0.01    0.02      0    25.77    0.01    0.02      0
         512           128     float     sum      -1    26.53    0.02    0.03      0    26.23    0.02    0.03      0
        1024           256     float     sum      -1    27.43    0.04    0.07      0    26.79    0.04    0.07      0
        2048           512     float     sum      -1    28.48    0.07    0.13      0    28.31    0.07    0.13      0
        4096          1024     float     sum      -1    30.41    0.13    0.24      0    30.10    0.14    0.24      0
        8192          2048     float     sum      -1    30.92    0.26    0.46      0    30.55    0.27    0.47      0
       16384          4096     float     sum      -1    31.82    0.51    0.90      0    31.38    0.52    0.91      0
       32768          8192     float     sum      -1    34.13    0.96    1.68      0    33.51    0.98    1.71      0
       65536         16384     float     sum      -1    62.23    1.05    1.84      0    62.23    1.05    1.84      0
      131072         32768     float     sum      -1    66.82    1.96    3.43      0    65.73    1.99    3.49      0
      262144         65536     float     sum      -1    99.08    2.65    4.63      0    97.94    2.68    4.68      0
      524288        131072     float     sum      -1    172.6    3.04    5.32      0    171.6    3.05    5.35      0
     1048576        262144     float     sum      -1    260.0    4.03    7.06      0    259.7    4.04    7.07      0
     2097152        524288     float     sum      -1    135.1   15.53   27.17      0    139.6   15.03   26.30      0
     4194304       1048576     float     sum      -1    202.3   20.73   36.27      0    220.5   19.02   33.29      0
     8388608       2097152     float     sum      -1    321.4   26.10   45.67      0    340.1   24.66   43.16      0
    16777216       4194304     float     sum      -1    525.8   31.91   55.84      0    561.2   29.89   52.31      0
    33554432       8388608     float     sum      -1    882.0   38.04   66.58      0    880.9   38.09   66.66      0
    67108864      16777216     float     sum      -1   1376.8   48.74   85.30      0   1459.0   46.00   80.49      0
   134217728      33554432     float     sum      -1   2259.3   59.41  103.96      0   2343.3   57.28  100.24      0
   268435456      67108864     float     sum      -1   3774.8   71.11  124.45      0   3795.7   70.72  123.76      0
   536870912     134217728     float     sum      -1   6667.1   80.52  140.92      0   6693.2   80.21  140.37      0
  1073741824     268435456     float     sum      -1    12507   85.85  150.24      0    12473   86.09  150.65      0
  2147483648     536870912     float     sum      -1    24089   89.15  156.01      0    24107   89.08  155.89      0
  4294967296    1073741824     float     sum      -1    47257   90.89  159.05      0    47289   90.82  158.94      0
           8             2     float     sum      -1    15.66    0.00    0.00      0    15.21    0.00    0.00      0
          16             4     float     sum      -1    15.25    0.00    0.00      0    15.10    0.00    0.00      0
          32             8     float     sum      -1    15.27    0.00    0.00      0    15.18    0.00    0.00      0
          64            16     float     sum      -1    16.70    0.00    0.01      0    16.41    0.00    0.01      0
         128            32     float     sum      -1    25.75    0.00    0.01      0    25.60    0.01    0.01      0
         256            64     float     sum      -1    26.06    0.01    0.02      0    25.89    0.01    0.02      0
         512           128     float     sum      -1    26.66    0.02    0.03      0    26.33    0.02    0.03      0
        1024           256     float     sum      -1    27.23    0.04    0.07      0    26.84    0.04    0.07      0
        2048           512     float     sum      -1    28.25    0.07    0.13      0    28.02    0.07    0.13      0
        4096          1024     float     sum      -1    30.82    0.13    0.23      0    30.48    0.13    0.24      0
        8192          2048     float     sum      -1    31.30    0.26    0.46      0    30.50    0.27    0.47      0
       16384          4096     float     sum      -1    31.56    0.52    0.91      0    31.11    0.53    0.92      0
       32768          8192     float     sum      -1    34.03    0.96    1.69      0    33.66    0.97    1.70      0
       65536         16384     float     sum      -1    61.52    1.07    1.86      0    61.88    1.06    1.85      0
      131072         32768     float     sum      -1    66.96    1.96    3.43      0    66.13    1.98    3.47      0
      262144         65536     float     sum      -1    98.28    2.67    4.67      0    98.38    2.66    4.66      0
      524288        131072     float     sum      -1    172.5    3.04    5.32      0    173.0    3.03    5.30      0
     1048576        262144     float     sum      -1    256.9    4.08    7.14      0    256.9    4.08    7.14      0
     2097152        524288     float     sum      -1    134.1   15.64   27.37      0    139.2   15.07   26.36      0
     4194304       1048576     float     sum      -1    207.4   20.22   35.39      0    219.6   19.10   33.43      0
     8388608       2097152     float     sum      -1    325.7   25.76   45.08      0    343.2   24.44   42.77      0
    16777216       4194304     float     sum      -1    512.4   32.74   57.30      0    569.0   29.49   51.60      0
    33554432       8388608     float     sum      -1    894.3   37.52   65.66      0    875.2   38.34   67.09      0
    67108864      16777216     float     sum      -1   1404.3   47.79   83.63      0   1457.2   46.05   80.59      0
   134217728      33554432     float     sum      -1   2255.5   59.51  104.14      0   2318.3   57.89  101.31      0
   268435456      67108864     float     sum      -1   3798.0   70.68  123.69      0   3788.7   70.85  123.99      0
   536870912     134217728     float     sum      -1   6668.4   80.51  140.89      0   6740.5   79.65  139.39      0
  1073741824     268435456     float     sum      -1    12496   85.93  150.37      0    12436   86.34  151.10      0
  2147483648     536870912     float     sum      -1    24104   89.09  155.91      0    24101   89.11  155.93      0
  4294967296    1073741824     float     sum      -1    47234   90.93  159.13      0    47291   90.82  158.94      0
