        size         count      type   redop    root     time   algbw   busbw #wrong     time   algbw   busbw #wrong
         (B)    (elements)                               (us)  (GB/s)  (GB/s)            (us)  (GB/s)  (GB/s)       
           8             2     float     sum      -1    25.94    0.00    0.00      0    24.80    0.00    0.00      0
          16             4     float     sum      -1    24.75    0.00    0.00      0    24.78    0.00    0.00      0
          32             8     float     sum      -1    24.94    0.00    0.00      0    25.22    0.00    0.00      0
          64            16     float     sum      -1    28.48    0.00    0.00      0    27.94    0.00    0.00      0
         128            32     float     sum      -1    51.95    0.00    0.00      0    51.19    0.00    0.00      0
         256            64     float     sum      -1    52.27    0.00    0.01      0    52.41    0.00    0.01      0
         512           128     float     sum      -1    53.01    0.01    0.02      0    52.30    0.01    0.02      0
        1024           256     float     sum      -1    54.45    0.02    0.04      0    53.44    0.02    0.04      0
        2048           512     float     sum      -1    56.15    0.04    0.07      0    55.75    0.04    0.07      0
        4096          1024     float     sum      -1    61.47    0.07    0.12      0    60.20    0.07    0.13      0
        8192          2048     float     sum      -1    62.23    0.13    0.25      0    61.11    0.13    0.25      0
       16384          4096     float     sum      -1    63.37    0.26    0.48      0    62.07    0.26    0.49      0
       32768          8192     float     sum      -1    68.14    0.48    0.90      0    66.62    0.49    0.92      0
       65536         16384     float     sum      -1    73.41    0.89    1.67      0    70.93    0.92    1.73      0
      131072         32768     float     sum      -1    135.6    0.97    1.81      0    134.6    0.97    1.83      0
      262144         65536     float     sum      -1    140.8    1.86    3.49      0    139.3    1.88    3.53      0
      524288        131072     float     sum      -1    238.6    2.20    4.12      0    207.1    2.53    4.75      0
     1048576        262144     float     sum      -1    368.4    2.85    5.34      0    364.8    2.87    5.39      0
     2097152        524288     float     sum      -1    233.2    8.99   16.86      0    239.9    8.74   16.39      0
     4194304       1048576     float     sum      -1    368.4   11.38   21.35      0    378.2   11.09   20.79      0
     8388608       2097152     float     sum      -1    635.5   13.20   24.75      0    634.8   13.21   24.78      0
    16777216       4194304     float     sum      -1   1175.3   14.27   26.76      0   1156.4   14.51   27.20      0
    33554432       8388608     float     sum      -1   1243.0   26.99   50.62      0   1224.9   27.39   51.36      0
    67108864      16777216     float     sum      -1   1768.2   37.95   71.16      0   1792.8   37.43   70.19      0
   134217728      33554432     float     sum      -1   3292.7   40.76   76.43      0   3315.3   40.48   75.91      0
   268435456      67108864     float     sum      -1   6602.1   40.66   76.24      0   6644.3   40.40   75.75      0
   536870912     134217728     float     sum      -1    13828   38.82   72.80      0    13674   39.26   73.62      0
  1073741824     268435456     float     sum      -1    27399   39.19   73.48      0    27599   38.90   72.95      0
  2147483648     536870912     float     sum      -1    55972   38.37   71.94      0    55306   38.83   72.81      0
  4294967296    1073741824     float     sum      -1   110767   38.77   72.70      0   110659   38.81   72.77      0
           8             2     float     sum      -1    25.20    0.00    0.00      0    24.92    0.00    0.00      0
          16             4     float     sum      -1    24.87    0.00    0.00      0    24.53    0.00    0.00      0
          32             8     float     sum      -1    25.30    0.00    0.00      0    25.14    0.00    0.00      0
          64            16     float     sum      -1    28.10    0.00    0.00      0    28.04    0.00    0.00      0
         128            32     float     sum      -1    52.23    0.00    0.00      0    51.85    0.00    0.00      0
         256            64     float     sum      -1    52.59    0.00    0.01      0    51.91    0.00    0.01      0
         512           128     float     sum      -1    52.92    0.01    0.02      0    53.39    0.01    0.02      0
        1024           256     float     sum      -1    54.52    0.02    0.04      0    53.81    0.02    0.04      0
        2048           512     float     sum      -1    56.26    0.04    0.07      0    56.17    0.04    0.07      0
        4096          1024     float     sum      -1    61.64    0.07    0.12      0    60.63    0.07    0.13      0
        8192          2048     float     sum      -1    62.52    0.13    0.25      0    61.68    0.13    0.25      0
       16384          4096     float     sum      -1    63.74    0.26    0.48      0    62.88    0.26    0.49      0
       32768          8192     float     sum      -1    67.72    0.48    0.91      0    66.26    0.49    0.93      0
       65536         16384     float     sum      -1    71.98    0.91    1.71      0    71.25    0.92    1.72      0
      131072         32768     float     sum      -1    135.2    0.97    1.82      0    135.1    0.97    1.82      0
      262144         65536     float     sum      -1    141.6    1.85    3.47      0    140.1    1.87    3.51      0
      524288        131072     float     sum      -1    209.6    2.50    4.69      0    206.6    2.54    4.76      0
     1048576        262144     float     sum      -1    370.5    2.83    5.31      0    363.7    2.88    5.41      0
     2097152        524288     float     sum      -1    236.8    8.86   16.61      0    232.8    9.01   16.89      0
     4194304       1048576     float     sum      -1    342.0   12.26   22.99      0    375.8   11.16   20.93      0
     8388608       2097152     float     sum      -1    622.9   13.47   25.25      0    631.2   13.29   24.92      0
    16777216       4194304     float     sum      -1   1171.5   14.32   26.85      0   1154.0   14.54   27.26      0
    33554432       8388608     float     sum      -1   1226.7   27.35   51.29      0   1223.4   27.43   51.43      0
    67108864      16777216     float     sum      -1   1774.3   37.82   70.92      0   1778.5   37.73   70.75      0
   134217728      33554432     float     sum      -1   3284.8   40.86   76.61      0   3301.0   40.66   76.24      0
   268435456      67108864     float     sum      -1   6604.2   40.65   76.21      0   6562.5   40.90   76.70      0
   536870912     134217728     float     sum      -1    13671   39.27   73.63      0    13647   39.34   73.76      0
  1073741824     268435456     float     sum      -1    27602   38.90   72.94      0    27365   39.24   73.57      0
  2147483648     536870912     float     sum      -1    56032   38.33   71.86      0    56775   37.82   70.92      0
  4294967296    1073741824     float     sum      -1   110870   38.74   72.64      0   110663   38.81   72.77      0
           8             2     float     sum      -1    25.20    0.00    0.00      0    24.93    0.00    0.00      0
          16             4     float     sum      -1    24.60    0.00    0.00      0    24.57    0.00    0.00      0
          32             8     float     sum      -1    25.18    0.00    0.00      0    24.83    0.00    0.00      0
          64            16     float     sum      -1    28.21    0.00    0.00      0    27.97    0.00    0.00      0
         128            32     float     sum      -1    52.13    0.00    0.00      0    51.81    0.00    0.00      0
         256            64     float     sum      -1    52.47    0.00    0.01      0    51.54    0.00    0.01      0
         512           128     float     sum      -1    52.98    0.01    0.02      0    52.65    0.01    0.02      0
        1024           256     float     sum      -1    54.33    0.02    0.04      0    53.49    0.02    0.04      0
        2048           512     float     sum      -1    56.70    0.04    0.07      0    56.13    0.04    0.07      0
        4096          1024     float     sum      -1    61.19    0.07    0.13      0    60.27    0.07    0.13      0
        8192          2048     float     sum      -1    63.37    0.13    0.24      0    61.87    0.13    0.25      0
       16384          4096     float     sum      -1    62.97    0.26    0.49      0    62.33    0.26    0.49      0
       32768          8192     float     sum      -1    67.57    0.48    0.91      0    67.14    0.49    0.92      0
       65536         16384     float     sum      -1    73.08    0.90    1.68      0    70.39    0.93    1.75      0
      131072         32768     float     sum      -1    135.1    0.97    1.82      0    134.6    0.97    1.83      0
      262144         65536     float     sum      -1    139.9    1.87    3.51      0    140.6    1.86    3.50      0
      524288        131072     float     sum      -1    207.9    2.52    4.73      0    207.6    2.53    4.74      0
     1048576        262144     float     sum      -1    369.8    2.84    5.32      0    364.4    2.88    5.40      0
     2097152        524288     float     sum      -1    234.1    8.96   16.80      0    239.0    8.77   16.45      0
     4194304       1048576     float     sum      -1    369.1   11.36   21.30      0    378.0   11.09   20.80      0
     8388608       2097152     float     sum      -1    633.5   13.24   24.83      0    626.9   13.38   25.09      0
    16777216       4194304     float     sum      -1   1173.4   14.30   26.81      0   1156.0   14.51   27.21      0
    33554432       8388608     float     sum      -1   1221.8   27.46   51.49      0   1221.4   27.47   51.51      0
    67108864      16777216     float     sum      -1   1768.9   37.94   71.13      0   1775.4   37.80   70.87      0
   134217728      33554432     float     sum      -1   3278.0   40.95   76.77      0   3308.9   40.56   76.05      0
   268435456      67108864     float     sum      -1   6583.8   40.77   76.45      0   6629.9   40.49   75.92      0
   536870912     134217728     float     sum      -1    13587   39.51   74.09      0    13957   38.46   72.12      0
  1073741824     268435456     float     sum      -1    27799   38.63   72.42      0    27626   38.87   72.88      0
  2147483648     536870912     float     sum      -1    55703   38.55   72.29      0    55793   38.49   72.17      0
  4294967296    1073741824     float     sum      -1   110781   38.77   72.69      0   112224   38.27   71.76      0
           8             2     float     sum      -1    25.58    0.00    0.00      0    24.85    0.00    0.00      0
          16             4     float     sum      -1    24.79    0.00    0.00      0    24.27    0.00    0.00      0
          32             8     float     sum      -1    25.47    0.00    0.00      0    24.94    0.00    0.00      0
          64            16     float     sum      -1    28.16    0.00    0.00      0    27.68    0.00    0.00      0
         128            32     float     sum      -1    51.67    0.00    0.00      0    51.59    0.00    0.00      0
         256            64     float     sum      -1    52.34    0.00    0.01      0    51.84    0.00    0.01      0
         512           128     float     sum      -1    53.14    0.01    0.02      0    53.05    0.01    0.02      0
        1024           256     float     sum      -1    54.02    0.02    0.04      0    53.62    0.02    0.04      0
        2048           512     float     sum      -1    56.49    0.04    0.07      0    56.25    0.04    0.07      0
        4096          1024     float     sum      -1    60.88    0.07    0.13      0    60.09    0.07    0.13      0
        8192          2048     float     sum      -1    62.68    0.13    0.25      0    61.51    0.13    0.25      0
       16384          4096     float     sum      -1    63.00    0.26    0.49      0    62.00    0.26    0.50      0
       32768          8192     float     sum      -1    66.72    0.49    0.92      0    66.27    0.49    0.93      0
       65536         16384     float     sum      -1    72.35    0.91    1.70      0    70.70    0.93    1.74      0
      131072         32768     float     sum      -1    134.8    0.97    1.82      0    133.8    0.98    1.84      0
      262144         65536     float     sum      -1    141.5    1.85    3.47      0    139.6    1.88    3.52      0
      524288        131072     float     sum      -1    209.2    2.51    4.70      0    217.0    2.42    4.53      0
     1048576        262144     float     sum      -1    371.4    2.82    5.29      0    366.9    2.86    5.36      0
     2097152        524288     float     sum      -1    232.7    9.01   16.90      0    239.9    8.74   16.39      0
     4194304       1048576     float     sum      -1    368.2   11.39   21.36      0    377.2   11.12   20.85      0
     8388608       2097152     float     sum      -1    632.5   13.26   24.87      0    643.0   13.05   24.46      0
    16777216       4194304     float     sum      -1   1174.9   14.28   26.77      0   1155.1   14.52   27.23      0
    33554432       8388608     float     sum      -1   1224.3   27.41   51.39      0   1221.6   27.47   51.50      0
    67108864      16777216     float     sum      -1   1765.6   38.01   71.27      0   1782.8   37.64   70.58      0
   134217728      33554432     float     sum      -1   3286.3   40.84   76.58      0   3311.2   40.54   76.00      0
   268435456      67108864     float     sum      -1   6599.4   40.68   76.27      0   6625.2   40.52   75.97      0
   536870912     134217728     float     sum      -1    13871   38.70   72.57      0    13791   38.93   72.99      0
  1073741824     268435456     float     sum      -1    28015   38.33   71.86      0    27646   38.84   72.82      0
  2147483648     536870912     float     sum      -1    55235   38.88   72.90      0    55759   38.51   72.21      0
  4294967296    1073741824     float     sum      -1   111472   38.53   72.24      0   111011   38.69   72.54      0
           8             2     float     sum      -1    25.59    0.00    0.00      0    24.93    0.00    0.00      0
          16             4     float     sum      -1    24.60    0.00    0.00      0    24.30    0.00    0.00      0
          32             8     float     sum      -1    25.14    0.00    0.00      0    24.76    0.00    0.00      0
          64            16     float     sum      -1    27.86    0.00    0.00      0    27.75    0.00    0.00      0
         128            32     float     sum      -1    51.84    0.00    0.00      0    51.76    0.00    0.00      0
         256            64     float     sum      -1    52.21    0.00    0.01      0    52.14    0.00    0.01      0
         512           128     float     sum      -1    53.08    0.01    0.02      0    52.68    0.01    0.02      0
        1024           256     float     sum      -1    54.08    0.02    0.04      0    53.38    0.02    0.04      0
        2048           512     float     sum      -1    56.54    0.04    0.07      0    56.15    0.04    0.07      0
        4096          1024     float     sum      -1    61.53    0.07    0.12      0    60.74    0.07    0.13      0
        8192          2048     float     sum      -1    62.92    0.13    0.24      0    61.84    0.13    0.25      0
       16384          4096     float     sum      -1    63.07    0.26    0.49      0    62.07    0.26    0.49      0
       32768          8192     float     sum      -1    67.26    0.49    0.91      0    66.40    0.49    0.93      0
       65536         16384     float     sum      -1    71.67    0.91    1.71      0    71.09    0.92    1.73      0
      131072         32768     float     sum      -1    135.7    0.97    1.81      0    133.8    0.98    1.84      0
      262144         65536     float     sum      -1    141.5    1.85    3.47      0    139.9    1.87    3.51      0
      524288        131072     float     sum      -1    208.1    2.52    4.72      0    207.6    2.53    4.74      0
     1048576        262144     float     sum      -1    368.4    2.85    5.34      0    381.0    2.75    5.16      0
     2097152        524288     float     sum      -1    236.6    8.86   16.62      0    236.6    8.86   16.62      0
     4194304       1048576     float     sum      -1    366.6   11.44   21.45      0    385.1   10.89   20.42      0
     8388608       2097152     float     sum      -1    632.1   13.27   24.88      0    641.4   13.08   24.52      0
    16777216       4194304     float     sum      -1   1174.2   14.29   26.79      0   1153.7   14.54   27.27      0
    33554432       8388608     float     sum      -1   1223.7   27.42   51.42      0   1225.3   27.38   51.35      0
    67108864      16777216     float     sum      -1   1771.7   37.88   71.02      0   1774.3   37.82   70.92      0
   134217728      33554432     float     sum      -1   3293.2   40.76   76.42      0   3310.5   40.54   76.02      0
   268435456      67108864     float     sum      -1   6572.3   40.84   76.58      0   6626.4   40.51   75.96      0
   536870912     134217728     float     sum      -1    13803   38.90   72.93      0    13827   38.83   72.80      0
  1073741824     268435456     float     sum      -1    27680   38.79   72.73      0    27863   38.54   72.26      0
  2147483648     536870912     float     sum      -1    55143   38.94   73.02      0    56226   38.19   71.61      0
  4294967296    1073741824     float     sum      -1   111477   38.53   72.24      0   112751   38.09   71.42      0
           8             2     float     sum      -1    25.48    0.00    0.00      0    24.98    0.00    0.00      0
          16             4     float     sum      -1    24.79    0.00    0.00      0    24.54    0.00    0.00      0
          32             8     float     sum      -1    24.88    0.00    0.00      0    24.80    0.00    0.00      0
          64            16     float     sum      -1    28.07    0.00    0.00      0    27.70    0.00    0.00      0
         128            32     float     sum      -1    51.77    0.00    0.00      0    51.67    0.00    0.00      0
         256            64     float     sum      -1    52.43    0.00    0.01      0    52.27    0.00    0.01      0
         512           128     float     sum      -1    52.72    0.01    0.02      0    52.26    0.01    0.02      0
        1024           256     float     sum      -1    54.16    0.02    0.04      0    53.55    0.02    0.04      0
        2048           512     float     sum      -1    56.77    0.04    0.07      0    56.25    0.04    0.07      0
        4096          1024     float     sum      -1    60.81    0.07    0.13      0    59.76    0.07    0.13      0
        8192          2048     float     sum      -1    62.46    0.13    0.25      0    61.70    0.13    0.25      0
       16384          4096     float     sum      -1    63.62    0.26    0.48      0    62.74    0.26    0.49      0
       32768          8192     float     sum      -1    67.37    0.49    0.91      0    66.39    0.49    0.93      0
       65536         16384     float     sum      -1    72.40    0.91    1.70      0    70.76    0.93    1.74      0
      131072         32768     float     sum      -1    135.1    0.97    1.82      0    135.2    0.97    1.82      0
      262144         65536     float     sum      -1    141.1    1.86    3.48      0    139.2    1.88    3.53      0
      524288        131072     float     sum      -1    210.1    2.50    4.68      0    206.4    2.54    4.76      0
     1048576        262144     float     sum      -1    368.5    2.85    5.34      0    364.7    2.88    5.39      0
     2097152        524288     float     sum      -1    236.2    8.88   16.65      0    234.1    8.96   16.80      0
     4194304       1048576     float     sum      -1    365.7   11.47   21.51      0    375.1   11.18   20.97      0
     8388608       2097152     float     sum      -1    627.3   13.37   25.07      0    640.5   13.10   24.56      0
    16777216       4194304     float     sum      -1   1172.5   14.31   26.83      0   1154.3   14.53   27.25      0
    33554432       8388608     float     sum      -1   1223.3   27.43   51.43      0   1222.2   27.45   51.48      0
    67108864      16777216     float     sum      -1   1769.3   37.93   71.12      0   1776.3   37.78   70.84      0
   134217728      33554432     float     sum      -1   3260.2   41.17   77.19      0   3317.7   40.46   75.85      0
   268435456      67108864     float     sum      -1   6612.0   40.60   76.12      0   6862.9   39.11   73.34      0
   536870912     134217728     float     sum      -1    13666   39.29   73.66      0    13613   39.44   73.94      0
  1073741824     268435456     float     sum      -1    27547   38.98   73.08      0    28038   38.30   71.81      0
  2147483648     536870912     float     sum      -1    55477   38.71   72.58      0    56093   38.28   71.78      0
  4294967296    1073741824     float     sum      -1   111105   38.66   72.48      0   110689   38.80   72.75      0
           8             2     float     sum      -1    25.96    0.00    0.00      0    24.85    0.00    0.00      0
          16             4     float     sum      -1    24.85    0.00    0.00      0    24.67    0.00    0.00      0
          32             8     float     sum      -1    25.29    0.00    0.00      0    25.10    0.00    0.00      0
          64            16     float     sum      -1    28.29    0.00    0.00      0    27.80    0.00    0.00      0
         128            32     float     sum      -1    52.21    0.00    0.00      0    51.92    0.00    0.00      0
         256            64     float     sum      -1    52.91    0.00    0.01      0    52.38    0.00    0.01      0
         512           128     float     sum      -1    53.68    0.01    0.02      0    53.19    0.01    0.02      0
        1024           256     float     sum      -1    54.32    0.02    0.04      0    53.38    0.02    0.04      0
        2048           512     float     sum      -1    56.46    0.04    0.07      0    55.76    0.04    0.07      0
        4096          1024     float     sum      -1    61.63    0.07    0.12      0    60.06    0.07    0.13      0
        8192          2048     float     sum      -1    62.75    0.13    0.24      0    62.52    0.13    0.25      0
       16384          4096     float     sum      -1    64.21    0.26    0.48      0    65.15    0.25    0.47      0
       32768          8192     float     sum      -1    78.26    0.42    0.79      0    66.89    0.49    0.92      0
       65536         16384     float     sum      -1    72.77    0.90    1.69      0    70.70    0.93    1.74      0
      131072         32768     float     sum      -1    134.1    0.98    1.83      0    135.2    0.97    1.82      0
      262144         65536     float     sum      -1    140.2    1.87    3.51      0    140.7    1.86    3.49      0
      524288        131072     float     sum      -1    206.4    2.54    4.76      0    207.7    2.52    4.73      0
     1048576        262144     float     sum      -1    370.0    2.83    5.31      0    367.5    2.85    5.35      0
     2097152        524288     float     sum      -1    229.4    9.14   17.14      0    239.0    8.78   16.46      0
     4194304       1048576     float     sum      -1    368.5   11.38   21.34      0    363.3   11.54   21.65      0
     8388608       2097152     float     sum      -1    615.3   13.63   25.56      0    640.0   13.11   24.58      0
    16777216       4194304     float     sum      -1   1176.0   14.27   26.75      0   1155.2   14.52   27.23      0
    33554432       8388608     float     sum      -1   1226.4   27.36   51.30      0   1227.2   27.34   51.27      0
    67108864      16777216     float     sum      -1   1762.6   38.07   71.39      0   1753.7   38.27   71.75      0
   134217728      33554432     float     sum      -1   3301.0   40.66   76.24      0   3298.3   40.69   76.30      0
   268435456      67108864     float     sum      -1   6609.7   40.61   76.15      0   6605.1   40.64   76.20      0
   536870912     134217728     float     sum      -1    14119   38.02   71.29      0    13609   39.45   73.97      0
  1073741824     268435456     float     sum      -1    27434   39.14   73.39      0    27586   38.92   72.98      0
  2147483648     536870912     float     sum      -1    55264   38.86   72.86      0    55100   38.97   73.08      0
  4294967296    1073741824     float     sum      -1   112403   38.21   71.64      0   113023   38.00   71.25      0
           8             2     float     sum      -1    25.26    0.00    0.00      0    24.93    0.00    0.00      0
          16             4     float     sum      -1    24.66    0.00    0.00      0    24.69    0.00    0.00      0
          32             8     float     sum      -1    25.34    0.00    0.00      0    25.01    0.00    0.00      0
          64            16     float     sum      -1    27.77    0.00    0.00      0    27.90    0.00    0.00      0
         128            32     float     sum      -1    51.61    0.00    0.00      0    51.66    0.00    0.00      0
         256            64     float     sum      -1    52.45    0.00    0.01      0    51.89    0.00    0.01      0
         512           128     float     sum      -1    53.04    0.01    0.02      0    52.79    0.01    0.02      0
        1024           256     float     sum      -1    53.90    0.02    0.04      0    53.48    0.02    0.04      0
        2048           512     float     sum      -1    56.53    0.04    0.07      0    56.37    0.04    0.07      0
        4096          1024     float     sum      -1    60.98    0.07    0.13      0    60.35    0.07    0.13      0
        8192          2048     float     sum      -1    62.26    0.13    0.25      0    61.76    0.13    0.25      0
       16384          4096     float     sum      -1    63.46    0.26    0.48      0    61.91    0.26    0.50      0
       32768          8192     float     sum      -1    66.79    0.49    0.92      0    66.44    0.49    0.92      0
       65536         16384     float     sum      -1    72.03    0.91    1.71      0    70.45    0.93    1.74      0
      131072         32768     float     sum      -1    134.4    0.98    1.83      0    134.2    0.98    1.83      0
      262144         65536     float     sum      -1    140.6    1.86    3.49      0    140.3    1.87    3.50      0
      524288        131072     float     sum      -1    208.5    2.51    4.71      0    206.9    2.53    4.75      0
     1048576        262144     float     sum      -1    369.2    2.84    5.33      0    365.8    2.87    5.37      0
     2097152        524288     float     sum      -1    234.8    8.93   16.75      0    236.7    8.86   16.61      0
     4194304       1048576     float     sum      -1    369.1   11.36   21.31      0    373.4   11.23   21.06      0
     8388608       2097152     float     sum      -1    630.5   13.30   24.95      0    621.4   13.50   25.31      0
    16777216       4194304     float     sum      -1   1173.2   14.30   26.81      0   1156.7   14.50   27.20      0
    33554432       8388608     float     sum      -1   1223.4   27.43   51.42      0   1221.3   27.47   51.51      0
    67108864      16777216     float     sum      -1   1776.0   37.79   70.85      0   1783.0   37.64   70.57      0
   134217728      33554432     float     sum      -1   3303.1   40.63   76.19      0   3299.9   40.67   76.26      0
   268435456      67108864     float     sum      -1   6705.7   40.03   75.06      0   6557.0   40.94   76.76      0
   536870912     134217728     float     sum      -1    13923   38.56   72.30      0    13619   39.42   73.92      0
  1073741824     268435456     float     sum      -1    27471   39.09   73.29      0    27376   39.22   73.54      0
  2147483648     536870912     float     sum      -1    56212   38.20   71.63      0    55184   38.92   72.97      0
  4294967296    1073741824     float     sum      -1   110796   38.76   72.68      0   110908   38.73   72.61      0
           8             2     float     sum      -1    25.24    0.00    0.00      0    24.76    0.00    0.00      0
          16             4     float     sum      -1    24.64    0.00    0.00      0    24.58    0.00    0.00      0
          32             8     float     sum      -1    25.21    0.00    0.00      0    24.62    0.00    0.00      0
          64            16     float     sum      -1    28.12    0.00    0.00      0    27.47    0.00    0.00      0
         128            32     float     sum      -1    51.98    0.00    0.00      0    51.28    0.00    0.00      0
         256            64     float     sum      -1    52.54    0.00    0.01      0    51.84    0.00    0.01      0
         512           128     float     sum      -1    53.25    0.01    0.02      0    52.97    0.01    0.02      0
        1024           256     float     sum      -1    54.55    0.02    0.04      0    53.62    0.02    0.04      0
        2048           512     float     sum      -1    56.70    0.04    0.07      0    56.24    0.04    0.07      0
        4096          1024     float     sum      -1    61.74    0.07    0.12      0    60.47    0.07    0.13      0
        8192          2048     float     sum      -1    62.14    0.13    0.25      0    61.09    0.13    0.25      0
       16384          4096     float     sum      -1    64.06    0.26    0.48      0    62.44    0.26    0.49      0
       32768          8192     float     sum      -1    67.34    0.49    0.91      0    66.20    0.50    0.93      0
       65536         16384     float     sum      -1    73.13    0.90    1.68      0    70.90    0.92    1.73      0
      131072         32768     float     sum      -1    134.6    0.97    1.83      0    134.5    0.97    1.83      0
      262144         65536     float     sum      -1    140.5    1.87    3.50      0    140.4    1.87    3.50      0
      524288        131072     float     sum      -1    209.0    2.51    4.70      0    206.9    2.53    4.75      0
     1048576        262144     float     sum      -1    443.0    2.37    4.44      0    366.6    2.86    5.36      0
     2097152        524288     float     sum      -1    235.1    8.92   16.73      0    239.7    8.75   16.40      0
     4194304       1048576     float     sum      -1    369.6   11.35   21.28      0    379.2   11.06   20.74      0
     8388608       2097152     float     sum      -1    644.1   13.02   24.42      0    631.8   13.28   24.90      0
    16777216       4194304     float     sum      -1   1175.5   14.27   26.76      0   1156.3   14.51   27.21      0
    33554432       8388608     float     sum      -1   1225.1   27.39   51.35      0   1226.4   27.36   51.30      0
    67108864      16777216     float     sum      -1   1754.5   38.25   71.72      0   1787.0   37.55   70.41      0
   134217728      33554432     float     sum      -1   3277.8   40.95   76.78      0   3278.3   40.94   76.76      0
   268435456      67108864     float     sum      -1   6547.9   41.00   76.87      0   6640.4   40.42   75.80      0
   536870912     134217728     float     sum      -1    13865   38.72   72.60      0    13815   38.86   72.86      0
  1073741824     268435456     float     sum      -1    27549   38.98   73.08      0    27321   39.30   73.69      0
  2147483648     536870912     float     sum      -1    55303   38.83   72.81      0    56190   38.22   71.66      0
  4294967296    1073741824     float     sum      -1   114113   37.64   70.57      0   111306   38.59   72.35      0
           8             2     float     sum      -1    25.65    0.00    0.00      0    24.61    0.00    0.00      0
          16             4     float     sum      -1    24.61    0.00    0.00      0    24.37    0.00    0.00      0
          32             8     float     sum      -1    24.88    0.00    0.00      0    24.56    0.00    0.00      0
          64            16     float     sum      -1    27.99    0.00    0.00      0    27.50    0.00    0.00      0
         128            32     float     sum      -1    52.38    0.00    0.00      0    51.48    0.00    0.00      0
         256            64     float     sum      -1    52.83    0.00    0.01      0    51.60    0.00    0.01      0
         512           128     float     sum      -1    53.10    0.01    0.02      0    53.06    0.01    0.02      0
        1024           256     float     sum      -1    53.76    0.02    0.04      0    53.46    0.02    0.04      0
        2048           512     float     sum      -1    56.29    0.04    0.07      0    56.28    0.04    0.07      0
        4096          1024     float     sum      -1    61.21    0.07    0.13      0    60.38    0.07    0.13      0
        8192          2048     float     sum      -1    62.96    0.13    0.24      0    61.74    0.13    0.25      0
       16384          4096     float     sum      -1    63.29    0.26    0.49      0    62.25    0.26    0.49      0
       32768          8192     float     sum      -1    67.35    0.49    0.91      0    66.32    0.49    0.93      0
       65536         16384     float     sum      -1    72.18    0.91    1.70      0    71.18    0.92    1.73      0
      131072         32768     float     sum      -1    135.4    0.97    1.82      0    134.7    0.97    1.82      0
      262144         65536     float     sum      -1    141.7    1.85    3.47      0    139.6    1.88    3.52      0
      524288        131072     float     sum      -1    209.9    2.50    4.68      0    206.8    2.54    4.75      0
     1048576        262144     float     sum      -1    369.6    2.84    5.32      0    365.6    2.87    5.38      0
     2097152        524288     float     sum      -1    231.9    9.04   16.96      0    240.5    8.72   16.35      0
     4194304       1048576     float     sum      -1    374.7   11.19   20.99      0    374.3   11.20   21.01      0
     8388608       2097152     float     sum      -1    629.9   13.32   24.97      0    642.5   13.06   24.48      0
    16777216       4194304     float     sum      -1   1178.0   14.24   26.70      0   1162.1   14.44   27.07      0
    33554432       8388608     float     sum      -1   1231.0   27.26   51.11      0   1229.1   27.30   51.19      0
    67108864      16777216     float     sum      -1   1745.5   38.45   72.09      0   1771.9   37.87   71.01      0
   134217728      33554432     float     sum      -1   3280.9   40.91   76.70      0   3314.4   40.50   75.93      0
   268435456      67108864     float     sum      -1   6567.5   40.87   76.64      0   6605.0   40.64   76.20      0
   536870912     134217728     float     sum      -1    13682   39.24   73.57      0    13631   39.39   73.85      0
  1073741824     268435456     float     sum      -1    27329   39.29   73.67      0    28142   38.15   71.54      0
  2147483648     536870912     float     sum      -1    55200   38.90   72.94      0    56893   37.75   70.77      0
  4294967296    1073741824     float     sum      -1   110743   38.78   72.72      0   111801   38.42   72.03      0
