        size         count      type   redop    root     time   algbw   busbw #wrong     time   algbw   busbw #wrong
         (B)    (elements)                               (us)  (GB/s)  (GB/s)            (us)  (GB/s)  (GB/s)       
           8             2     float     sum      -1    39.66    0.00    0.00      0    38.14    0.00    0.00      0
          16             4     float     sum      -1    38.65    0.00    0.00      0    38.10    0.00    0.00      0
          32             8     float     sum      -1    37.81    0.00    0.00      0    37.31    0.00    0.00      0
          64            16     float     sum      -1    44.14    0.00    0.00      0    43.52    0.00    0.00      0
         128            32     float     sum      -1    81.66    0.00    0.00      0    82.49    0.00    0.00      0
         256            64     float     sum      -1    88.87    0.00    0.01      0    81.35    0.00    0.01      0
         512           128     float     sum      -1    87.32    0.01    0.01      0    83.70    0.01    0.01      0
        1024           256     float     sum      -1    85.01    0.01    0.02      0    100.9    0.01    0.02      0
        2048           512     float     sum      -1    91.96    0.02    0.04      0    92.14    0.02    0.04      0
        4096          1024     float     sum      -1    102.5    0.04    0.08      0    100.6    0.04    0.08      0
        8192          2048     float     sum      -1    101.1    0.08    0.16      0    103.3    0.08    0.16      0
       16384          4096     float     sum      -1    107.0    0.15    0.30      0    105.0    0.16    0.31      0
       32768          8192     float     sum      -1    112.6    0.29    0.57      0    108.2    0.30    0.60      0
       65536         16384     float     sum      -1    118.7    0.55    1.09      0    116.0    0.56    1.11      0
      131072         32768     float     sum      -1    134.0    0.98    1.93      0    130.8    1.00    1.97      0
      262144         65536     float     sum      -1    175.2    1.50    2.95      0    173.2    1.51    2.98      0
      524288        131072     float     sum      -1    248.9    2.11    4.15      0    247.4    2.12    4.17      0
     1048576        262144     float     sum      -1    296.1    3.54    6.97      0    297.3    3.53    6.94      0
     2097152        524288     float     sum      -1    395.1    5.31   10.45      0    400.3    5.24   10.31      0
     4194304       1048576     float     sum      -1    643.9    6.51   12.82      0    635.7    6.60   12.99      0
     8388608       2097152     float     sum      -1   1074.2    7.81   15.37      0   1081.4    7.76   15.27      0
    16777216       4194304     float     sum      -1   1805.3    9.29   18.30      0   1827.3    9.18   18.08      0
    33554432       8388608     float     sum      -1   2434.6   13.78   27.13      0   2417.8   13.88   27.32      0
    67108864      16777216     float     sum      -1   4813.7   13.94   27.45      0   4756.6   14.11   27.78      0
   134217728      33554432     float     sum      -1   5036.8   26.65   52.46      0   5046.4   26.60   52.36      0
   268435456      67108864     float     sum      -1   6897.2   38.92   76.62      0   6997.7   38.36   75.52      0
   536870912     134217728     float     sum      -1    13710   39.16   77.09      0    13871   38.71   76.20      0
  1073741824     268435456     float     sum      -1    28212   38.06   74.93      0    28394   37.82   74.45      0
  2147483648     536870912     float     sum      -1    59341   36.19   71.25      0    59920   35.84   70.56      0
  4294967296    1073741824     float     sum      -1   123109   34.89   68.68      0   123679   34.73   68.37      0
           8             2     float     sum      -1    39.59    0.00    0.00      0    38.36    0.00    0.00      0
          16             4     float     sum      -1    38.09    0.00    0.00      0    36.65    0.00    0.00      0
          32             8     float     sum      -1    36.98    0.00    0.00      0    37.31    0.00    0.00      0
          64            16     float     sum      -1    42.58    0.00    0.00      0    43.25    0.00    0.00      0
         128            32     float     sum      -1    81.12    0.00    0.00      0    80.23    0.00    0.00      0
         256            64     float     sum      -1    81.89    0.00    0.01      0    81.69    0.00    0.01      0
         512           128     float     sum      -1    83.66    0.01    0.01      0    82.86    0.01    0.01      0
        1024           256     float     sum      -1    84.81    0.01    0.02      0    84.59    0.01    0.02      0
        2048           512     float     sum      -1    90.16    0.02    0.04      0    89.58    0.02    0.05      0
        4096          1024     float     sum      -1    99.79    0.04    0.08      0    98.48    0.04    0.08      0
        8192          2048     float     sum      -1    100.6    0.08    0.16      0    99.52    0.08    0.16      0
       16384          4096     float     sum      -1    101.7    0.16    0.32      0    99.62    0.16    0.32      0
       32768          8192     float     sum      -1    109.1    0.30    0.59      0    107.9    0.30    0.60      0
       65536         16384     float     sum      -1    118.6    0.55    1.09      0    116.6    0.56    1.11      0
      131072         32768     float     sum      -1    132.8    0.99    1.94      0    130.8    1.00    1.97      0
      262144         65536     float     sum      -1    174.7    1.50    2.95      0    173.0    1.52    2.98      0
      524288        131072     float     sum      -1    249.7    2.10    4.13      0    248.5    2.11    4.15      0
     1048576        262144     float     sum      -1    295.3    3.55    6.99      0    297.3    3.53    6.94      0
     2097152        524288     float     sum      -1    395.9    5.30   10.43      0    400.3    5.24   10.31      0
     4194304       1048576     float     sum      -1    631.1    6.65   13.09      0    636.5    6.59   12.97      0
     8388608       2097152     float     sum      -1   1076.1    7.80   15.35      0   1092.2    7.68   15.12      0
    16777216       4194304     float     sum      -1   1778.9    9.43   18.57      0   1832.0    9.16   18.03      0
    33554432       8388608     float     sum      -1   2443.1   13.73   27.04      0   2427.1   13.82   27.22      0
    67108864      16777216     float     sum      -1   4799.4   13.98   27.53      0   4747.3   14.14   27.83      0
   134217728      33554432     float     sum      -1   5018.8   26.74   52.65      0   5016.4   26.76   52.68      0
   268435456      67108864     float     sum      -1   6925.9   38.76   76.31      0   7000.6   38.34   75.49      0
   536870912     134217728     float     sum      -1    13676   39.26   77.29      0    13795   38.92   76.62      0
  1073741824     268435456     float     sum      -1    28262   37.99   74.80      0    28291   37.95   74.72      0
  2147483648     536870912     float     sum      -1    59215   36.27   71.40      0    59827   35.89   70.67      0
  4294967296    1073741824     float     sum      -1   122921   34.94   68.79      0   122395   35.09   69.09      0
           8             2     float     sum      -1    102.3    0.00    0.00      0    38.39    0.00    0.00      0
          16             4     float     sum      -1    37.47    0.00    0.00      0    37.09    0.00    0.00      0
          32             8     float     sum      -1    37.37    0.00    0.00      0    37.15    0.00    0.00      0
          64            16     float     sum      -1    43.35    0.00    0.00      0    43.09    0.00    0.00      0
         128            32     float     sum      -1    81.03    0.00    0.00      0    79.90    0.00    0.00      0
         256            64     float     sum      -1    82.63    0.00    0.01      0    81.38    0.00    0.01      0
         512           128     float     sum      -1    83.66    0.01    0.01      0    82.22    0.01    0.01      0
        1024           256     float     sum      -1    84.16    0.01    0.02      0    83.97    0.01    0.02      0
        2048           512     float     sum      -1    90.03    0.02    0.04      0    88.60    0.02    0.05      0
        4096          1024     float     sum      -1    106.2    0.04    0.08      0    98.90    0.04    0.08      0
        8192          2048     float     sum      -1    100.7    0.08    0.16      0    98.22    0.08    0.16      0
       16384          4096     float     sum      -1    101.8    0.16    0.32      0    100.5    0.16    0.32      0
       32768          8192     float     sum      -1    109.7    0.30    0.59      0    108.1    0.30    0.60      0
       65536         16384     float     sum      -1    118.4    0.55    1.09      0    116.9    0.56    1.10      0
      131072         32768     float     sum      -1    132.3    0.99    1.95      0    130.3    1.01    1.98      0
      262144         65536     float     sum      -1    174.5    1.50    2.96      0    173.7    1.51    2.97      0
      524288        131072     float     sum      -1    249.2    2.10    4.14      0    247.5    2.12    4.17      0
     1048576        262144     float     sum      -1    294.5    3.56    7.01      0    296.9    3.53    6.95      0
     2097152        524288     float     sum      -1    396.2    5.29   10.42      0    399.6    5.25   10.33      0
     4194304       1048576     float     sum      -1    634.5    6.61   13.01      0    636.6    6.59   12.97      0
     8388608       2097152     float     sum      -1   1074.0    7.81   15.38      0   1088.8    7.70   15.17      0
    16777216       4194304     float     sum      -1   1778.0    9.44   18.58      0   1845.6    9.09   17.90      0
    33554432       8388608     float     sum      -1   2441.0   13.75   27.06      0   2453.4   13.68   26.93      0
    67108864      16777216     float     sum      -1   4800.3   13.98   27.52      0   4744.0   14.15   27.85      0
   134217728      33554432     float     sum      -1   5015.5   26.76   52.68      0   5015.4   26.76   52.69      0
   268435456      67108864     float     sum      -1   6928.0   38.75   76.28      0   7019.4   38.24   75.29      0
   536870912     134217728     float     sum      -1    13713   39.15   77.08      0    13804   38.89   76.57      0
  1073741824     268435456     float     sum      -1    28229   38.04   74.88      0    28364   37.86   74.53      0
  2147483648     536870912     float     sum      -1    59642   36.01   70.89      0    59405   36.15   71.17      0
  4294967296    1073741824     float     sum      -1   122664   35.01   68.93      0   122276   35.13   69.15      0
           8             2     float     sum      -1    39.44    0.00    0.00      0    37.99    0.00    0.00      0
          16             4     float     sum      -1    38.11    0.00    0.00      0    37.41    0.00    0.00      0
          32             8     float     sum      -1    37.54    0.00    0.00      0    37.93    0.00    0.00      0
          64            16     float     sum      -1    43.69    0.00    0.00      0    42.98    0.00    0.00      0
         128            32     float     sum      -1    81.56    0.00    0.00      0    79.96    0.00    0.00      0
         256            64     float     sum      -1    82.03    0.00    0.01      0    81.22    0.00    0.01      0
         512           128     float     sum      -1    83.77    0.01    0.01      0    83.01    0.01    0.01      0
        1024           256     float     sum      -1    85.40    0.01    0.02      0    84.26    0.01    0.02      0
        2048           512     float     sum      -1    90.42    0.02    0.04      0    89.35    0.02    0.05      0
        4096          1024     float     sum      -1    99.70    0.04    0.08      0    98.25    0.04    0.08      0
        8192          2048     float     sum      -1    101.0    0.08    0.16      0    99.08    0.08    0.16      0
       16384          4096     float     sum      -1    103.6    0.16    0.31      0    99.90    0.16    0.32      0
       32768          8192     float     sum      -1    109.6    0.30    0.59      0    108.7    0.30    0.59      0
       65536         16384     float     sum      -1    118.9    0.55    1.09      0    116.3    0.56    1.11      0
      131072         32768     float     sum      -1    134.1    0.98    1.92      0    131.0    1.00    1.97      0
      262144         65536     float     sum      -1    174.4    1.50    2.96      0    171.6    1.53    3.01      0
      524288        131072     float     sum      -1    249.4    2.10    4.14      0    248.2    2.11    4.16      0
     1048576        262144     float     sum      -1    294.9    3.56    7.00      0    297.4    3.53    6.94      0
     2097152        524288     float     sum      -1    416.2    5.04    9.92      0    400.4    5.24   10.31      0
     4194304       1048576     float     sum      -1    625.8    6.70   13.19      0    635.8    6.60   12.99      0
     8388608       2097152     float     sum      -1   1071.7    7.83   15.41      0   1089.8    7.70   15.15      0
    16777216       4194304     float     sum      -1   1779.6    9.43   18.56      0   1830.0    9.17   18.05      0
    33554432       8388608     float     sum      -1   2412.1   13.91   27.39      0   2426.4   13.83   27.23      0
    67108864      16777216     float     sum      -1   4798.1   13.99   27.54      0   4751.0   14.13   27.81      0
   134217728      33554432     float     sum      -1   5018.1   26.75   52.66      0   5016.8   26.75   52.67      0
   268435456      67108864     float     sum      -1   6880.6   39.01   76.81      0   6995.9   38.37   75.54      0
   536870912     134217728     float     sum      -1    13663   39.29   77.36      0    13794   38.92   76.62      0
  1073741824     268435456     float     sum      -1    28425   37.78   74.37      0    28493   37.68   74.19      0
  2147483648     536870912     float     sum      -1    59311   36.21   71.28      0    59980   35.80   70.49      0
  4294967296    1073741824     float     sum      -1   121701   35.29   69.48      0   122802   34.97   68.86      0
           8             2     float     sum      -1    39.74    0.00    0.00      0    38.33    0.00    0.00      0
          16             4     float     sum      -1    38.42    0.00    0.00      0    37.29    0.00    0.00      0
          32             8     float     sum      -1    38.26    0.00    0.00      0    37.99    0.00    0.00      0
          64            16     float     sum      -1    43.32    0.00    0.00      0    42.60    0.00    0.00      0
         128            32     float     sum      -1    81.68    0.00    0.00      0    80.92    0.00    0.00      0
         256            64     float     sum      -1    82.33    0.00    0.01      0    80.87    0.00    0.01      0
         512           128     float     sum      -1    83.06    0.01    0.01      0    82.89    0.01    0.01      0
        1024           256     float     sum      -1    84.99    0.01    0.02      0    83.72    0.01    0.02      0
        2048           512     float     sum      -1    90.98    0.02    0.04      0    89.19    0.02    0.05      0
        4096          1024     float     sum      -1    100.2    0.04    0.08      0    97.49    0.04    0.08      0
        8192          2048     float     sum      -1    101.8    0.08    0.16      0    99.23    0.08    0.16      0
       16384          4096     float     sum      -1    101.5    0.16    0.32      0    99.74    0.16    0.32      0
       32768          8192     float     sum      -1    110.1    0.30    0.59      0    108.2    0.30    0.60      0
       65536         16384     float     sum      -1    118.5    0.55    1.09      0    116.1    0.56    1.11      0
      131072         32768     float     sum      -1    134.3    0.98    1.92      0    131.3    1.00    1.97      0
      262144         65536     float     sum      -1    173.2    1.51    2.98      0    172.5    1.52    2.99      0
      524288        131072     float     sum      -1    249.7    2.10    4.13      0    248.0    2.11    4.16      0
     1048576        262144     float     sum      -1    294.2    3.56    7.02      0    296.8    3.53    6.96      0
     2097152        524288     float     sum      -1    394.6    5.31   10.46      0    399.0    5.26   10.35      0
     4194304       1048576     float     sum      -1    628.3    6.68   13.14      0    636.5    6.59   12.97      0
     8388608       2097152     float     sum      -1   1074.9    7.80   15.36      0   1087.4    7.71   15.19      0
    16777216       4194304     float     sum      -1   1781.5    9.42   18.54      0   1823.5    9.20   18.11      0
    33554432       8388608     float     sum      -1   2434.5   13.78   27.13      0   2450.7   13.69   26.96      0
    67108864      16777216     float     sum      -1   4800.2   13.98   27.52      0   4745.4   14.14   27.84      0
   134217728      33554432     float     sum      -1   5013.0   26.77   52.71      0   5021.1   26.73   52.63      0
   268435456      67108864     float     sum      -1   6912.0   38.84   76.46      0   7013.1   38.28   75.36      0
   536870912     134217728     float     sum      -1    13698   39.19   77.16      0    13817   38.85   76.50      0
  1073741824     268435456     float     sum      -1    28085   38.23   75.27      0    28320   37.91   74.64      0
  2147483648     536870912     float     sum      -1    59586   36.04   70.95      0    59927   35.84   70.55      0
  4294967296    1073741824     float     sum      -1   122141   35.16   69.23      0   122545   35.05   69.00      0
           8             2     float     sum      -1    39.31    0.00    0.00      0    37.99    0.00    0.00      0
          16             4     float     sum      -1    38.51    0.00    0.00      0    37.01    0.00    0.00      0
          32             8     float     sum      -1    38.40    0.00    0.00      0    38.55    0.00    0.00      0
          64            16     float     sum      -1    43.53    0.00    0.00      0    44.06    0.00    0.00      0
         128            32     float     sum      -1    82.85    0.00    0.00      0    82.50    0.00    0.00      0
         256            64     float     sum      -1    83.19    0.00    0.01      0    82.53    0.00    0.01      0
         512           128     float     sum      -1    86.95    0.01    0.01      0    82.83    0.01    0.01      0
        1024           256     float     sum      -1    85.43    0.01    0.02      0    86.21    0.01    0.02      0
        2048           512     float     sum      -1    92.08    0.02    0.04      0    91.19    0.02    0.04      0
        4096          1024     float     sum      -1    101.1    0.04    0.08      0    100.0    0.04    0.08      0
        8192          2048     float     sum      -1    103.6    0.08    0.16      0    100.7    0.08    0.16      0
       16384          4096     float     sum      -1    102.6    0.16    0.31      0    102.5    0.16    0.31      0
       32768          8192     float     sum      -1    109.9    0.30    0.59      0    108.2    0.30    0.60      0
       65536         16384     float     sum      -1    121.4    0.54    1.06      0    118.0    0.56    1.09      0
      131072         32768     float     sum      -1    134.9    0.97    1.91      0    132.4    0.99    1.95      0
      262144         65536     float     sum      -1    175.6    1.49    2.94      0    173.9    1.51    2.97      0
      524288        131072     float     sum      -1    251.6    2.08    4.10      0    249.1    2.10    4.14      0
     1048576        262144     float     sum      -1    296.2    3.54    6.97      0    298.4    3.51    6.92      0
     2097152        524288     float     sum      -1    398.4    5.26   10.36      0    402.4    5.21   10.26      0
     4194304       1048576     float     sum      -1    635.5    6.60   12.99      0    638.5    6.57   12.93      0
     8388608       2097152     float     sum      -1   1074.4    7.81   15.37      0   1090.6    7.69   15.14      0
    16777216       4194304     float     sum      -1   1781.5    9.42   18.54      0   1826.2    9.19   18.09      0
    33554432       8388608     float     sum      -1   2417.3   13.88   27.33      0   2423.9   13.84   27.25      0
    67108864      16777216     float     sum      -1   4789.7   14.01   27.58      0   4741.9   14.15   27.86      0
   134217728      33554432     float     sum      -1   5016.7   26.75   52.67      0   5018.0   26.75   52.66      0
   268435456      67108864     float     sum      -1   6924.6   38.77   76.32      0   7021.8   38.23   75.26      0
   536870912     134217728     float     sum      -1    13694   39.21   77.19      0    13848   38.77   76.32      0
  1073741824     268435456     float     sum      -1    28314   37.92   74.66      0    28353   37.87   74.56      0
  2147483648     536870912     float     sum      -1    59110   36.33   71.53      0    59595   36.03   70.94      0
  4294967296    1073741824     float     sum      -1   123338   34.82   68.56      0   122353   35.10   69.11      0
           8             2     float     sum      -1    39.45    0.00    0.00      0    39.12    0.00    0.00      0
          16             4     float     sum      -1    37.82    0.00    0.00      0    37.60    0.00    0.00      0
          32             8     float     sum      -1    38.10    0.00    0.00      0    37.17    0.00    0.00      0
          64            16     float     sum      -1    43.36    0.00    0.00      0    43.07    0.00    0.00      0
         128            32     float     sum      -1    81.25    0.00    0.00      0    81.29    0.00    0.00      0
         256            64     float     sum      -1    82.48    0.00    0.01      0    81.32    0.00    0.01      0
         512           128     float     sum      -1    84.05    0.01    0.01      0    82.40    0.01    0.01      0
        1024           256     float     sum      -1    86.04    0.01    0.02      0    84.07    0.01    0.02      0
        2048           512     float     sum      -1    89.97    0.02    0.04      0    89.65    0.02    0.04      0
        4096          1024     float     sum      -1    100.0    0.04    0.08      0    97.76    0.04    0.08      0
        8192          2048     float     sum      -1    101.3    0.08    0.16      0    99.13    0.08    0.16      0
       16384          4096     float     sum      -1    101.7    0.16    0.32      0    100.2    0.16    0.32      0
       32768          8192     float     sum      -1    110.8    0.30    0.58      0    108.0    0.30    0.60      0
       65536         16384     float     sum      -1    119.7    0.55    1.08      0    116.4    0.56    1.11      0
      131072         32768     float     sum      -1    133.2    0.98    1.94      0    133.0    0.99    1.94      0
      262144         65536     float     sum      -1    174.6    1.50    2.96      0    174.1    1.51    2.96      0
      524288        131072     float     sum      -1    249.7    2.10    4.13      0    247.7    2.12    4.17      0
     1048576        262144     float     sum      -1    294.8    3.56    7.00      0    297.4    3.53    6.94      0
     2097152        524288     float     sum      -1    395.4    5.30   10.44      0    398.5    5.26   10.36      0
     4194304       1048576     float     sum      -1    634.5    6.61   13.01      0    635.9    6.60   12.98      0
     8388608       2097152     float     sum      -1   1072.1    7.82   15.40      0   1089.1    7.70   15.16      0
    16777216       4194304     float     sum      -1   1785.6    9.40   18.50      0   1829.6    9.17   18.05      0
    33554432       8388608     float     sum      -1   2439.0   13.76   27.08      0   2444.2   13.73   27.03      0
    67108864      16777216     float     sum      -1   4799.2   13.98   27.53      0   4746.9   14.14   27.83      0
   134217728      33554432     float     sum      -1   5018.6   26.74   52.65      0   5020.8   26.73   52.63      0
   268435456      67108864     float     sum      -1   6928.1   38.75   76.28      0   7009.6   38.30   75.39      0
   536870912     134217728     float     sum      -1    13651   39.33   77.43      0    13826   38.83   76.45      0
  1073741824     268435456     float     sum      -1    28220   38.05   74.91      0    28467   37.72   74.26      0
  2147483648     536870912     float     sum      -1    58927   36.44   71.75      0    60040   35.77   70.42      0
  4294967296    1073741824     float     sum      -1   121904   35.23   69.36      0   122894   34.95   68.80      0
           8             2     float     sum      -1    39.44    0.00    0.00      0    38.17    0.00    0.00      0
          16             4     float     sum      -1    41.55    0.00    0.00      0    37.30    0.00    0.00      0
          32             8     float     sum      -1    38.06    0.00    0.00      0    37.67    0.00    0.00      0
          64            16     float     sum      -1    43.59    0.00    0.00      0    42.74    0.00    0.00      0
         128            32     float     sum      -1    81.13    0.00    0.00      0    80.64    0.00    0.00      0
         256            64     float     sum      -1    81.93    0.00    0.01      0    80.86    0.00    0.01      0
         512           128     float     sum      -1    83.54    0.01    0.01      0    82.55    0.01    0.01      0
        1024           256     float     sum      -1    85.74    0.01    0.02      0    84.40    0.01    0.02      0
        2048           512     float     sum      -1    90.26    0.02    0.04      0    89.86    0.02    0.04      0
        4096          1024     float     sum      -1    99.80    0.04    0.08      0    98.12    0.04    0.08      0
        8192          2048     float     sum      -1    101.1    0.08    0.16      0    99.22    0.08    0.16      0
       16384          4096     float     sum      -1    102.1    0.16    0.32      0    100.2    0.16    0.32      0
       32768          8192     float     sum      -1    109.7    0.30    0.59      0    108.4    0.30    0.59      0
       65536         16384     float     sum      -1    118.8    0.55    1.09      0    116.7    0.56    1.11      0
      131072         32768     float     sum      -1    133.3    0.98    1.94      0    131.4    1.00    1.96      0
      262144         65536     float     sum      -1    175.8    1.49    2.94      0    173.8    1.51    2.97      0
      524288        131072     float     sum      -1    249.8    2.10    4.13      0    250.0    2.10    4.13      0
     1048576        262144     float     sum      -1    295.7    3.55    6.98      0    296.4    3.54    6.97      0
     2097152        524288     float     sum      -1    395.0    5.31   10.45      0    399.5    5.25   10.34      0
     4194304       1048576     float     sum      -1    630.2    6.66   13.10      0    636.4    6.59   12.97      0
     8388608       2097152     float     sum      -1   1073.5    7.81   15.38      0   1086.8    7.72   15.20      0
    16777216       4194304     float     sum      -1   1798.8    9.33   18.36      0   1837.3    9.13   17.98      0
    33554432       8388608     float     sum      -1   2419.7   13.87   27.30      0   2421.0   13.86   27.29      0
    67108864      16777216     float     sum      -1   4795.5   13.99   27.55      0   4749.5   14.13   27.82      0
   134217728      33554432     float     sum      -1   5019.9   26.74   52.64      0   5023.4   26.72   52.60      0
   268435456      67108864     float     sum      -1   6903.7   38.88   76.55      0   7003.6   38.33   75.46      0
   536870912     134217728     float     sum      -1    13706   39.17   77.11      0    13801   38.90   76.59      0
  1073741824     268435456     float     sum      -1    28119   38.19   75.18      0    28365   37.85   74.53      0
  2147483648     536870912     float     sum      -1    59300   36.21   71.30      0    60048   35.76   70.41      0
  4294967296    1073741824     float     sum      -1   122407   35.09   69.08      0   123195   34.86   68.64      0
           8             2     float     sum      -1    39.53    0.00    0.00      0    37.80    0.00    0.00      0
          16             4     float     sum      -1    38.36    0.00    0.00      0    38.94    0.00    0.00      0
          32             8     float     sum      -1    38.33    0.00    0.00      0    38.25    0.00    0.00      0
          64            16     float     sum      -1    44.28    0.00    0.00      0    43.83    0.00    0.00      0
         128            32     float     sum      -1    82.29    0.00    0.00      0    81.76    0.00    0.00      0
         256            64     float     sum      -1    84.14    0.00    0.01      0    82.69    0.00    0.01      0
         512           128     float     sum      -1    85.58    0.01    0.01      0    84.42    0.01    0.01      0
        1024           256     float     sum      -1    87.02    0.01    0.02      0    85.93    0.01    0.02      0
        2048           512     float     sum      -1    91.11    0.02    0.04      0    91.80    0.02    0.04      0
        4096          1024     float     sum      -1    102.1    0.04    0.08      0    99.20    0.04    0.08      0
        8192          2048     float     sum      -1    101.8    0.08    0.16      0    101.7    0.08    0.16      0
       16384          4096     float     sum      -1    103.4    0.16    0.31      0    101.2    0.16    0.32      0
       32768          8192     float     sum      -1    111.5    0.29    0.58      0    109.4    0.30    0.59      0
       65536         16384     float     sum      -1    119.9    0.55    1.08      0    118.1    0.55    1.09      0
      131072         32768     float     sum      -1    135.0    0.97    1.91      0    131.7    1.00    1.96      0
      262144         65536     float     sum      -1    175.6    1.49    2.94      0    173.3    1.51    2.98      0
      524288        131072     float     sum      -1    250.5    2.09    4.12      0    249.2    2.10    4.14      0
     1048576        262144     float     sum      -1    295.3    3.55    6.99      0    297.8    3.52    6.93      0
     2097152        524288     float     sum      -1    394.7    5.31   10.46      0    399.2    5.25   10.34      0
     4194304       1048576     float     sum      -1    630.1    6.66   13.10      0    640.0    6.55   12.90      0
     8388608       2097152     float     sum      -1   1071.1    7.83   15.42      0   1083.9    7.74   15.24      0
    16777216       4194304     float     sum      -1   1786.7    9.39   18.49      0   1832.6    9.15   18.02      0
    33554432       8388608     float     sum      -1   2450.2   13.69   26.96      0   2428.5   13.82   27.20      0
    67108864      16777216     float     sum      -1   4795.4   13.99   27.55      0   4748.7   14.13   27.82      0
   134217728      33554432     float     sum      -1   5019.6   26.74   52.64      0   5016.9   26.75   52.67      0
   268435456      67108864     float     sum      -1   6921.4   38.78   76.35      0   6986.3   38.42   75.65      0
   536870912     134217728     float     sum      -1    13657   39.31   77.39      0    13836   38.80   76.39      0
  1073741824     268435456     float     sum      -1    28313   37.92   74.66      0    28482   37.70   74.22      0
  2147483648     536870912     float     sum      -1    58990   36.40   71.67      0    59453   36.12   71.11      0
  4294967296    1073741824     float     sum      -1   122847   34.96   68.83      0   122197   35.15   69.20      0
           8             2     float     sum      -1    42.06    0.00    0.00      0    38.97    0.00    0.00      0
          16             4     float     sum      -1    38.36    0.00    0.00      0    38.23    0.00    0.00      0
          32             8     float     sum      -1    38.43    0.00    0.00      0    38.84    0.00    0.00      0
          64            16     float     sum      -1    44.89    0.00    0.00      0    44.10    0.00    0.00      0
         128            32     float     sum      -1    84.78    0.00    0.00      0    82.56    0.00    0.00      0
         256            64     float     sum      -1    85.38    0.00    0.01      0    84.87    0.00    0.01      0
         512           128     float     sum      -1    86.44    0.01    0.01      0    86.40    0.01    0.01      0
        1024           256     float     sum      -1    87.54    0.01    0.02      0    87.71    0.01    0.02      0
        2048           512     float     sum      -1    93.70    0.02    0.04      0    92.51    0.02    0.04      0
        4096          1024     float     sum      -1    101.5    0.04    0.08      0    100.6    0.04    0.08      0
        8192          2048     float     sum      -1    103.1    0.08    0.16      0    101.4    0.08    0.16      0
       16384          4096     float     sum      -1    104.7    0.16    0.31      0    103.0    0.16    0.31      0
       32768          8192     float     sum      -1    111.8    0.29    0.58      0    109.6    0.30    0.59      0
       65536         16384     float     sum      -1    120.5    0.54    1.07      0    118.6    0.55    1.09      0
      131072         32768     float     sum      -1    135.5    0.97    1.90      0    133.6    0.98    1.93      0
      262144         65536     float     sum      -1    176.4    1.49    2.93      0    174.1    1.51    2.96      0
      524288        131072     float     sum      -1    251.5    2.08    4.10      0    251.0    2.09    4.11      0
     1048576        262144     float     sum      -1    299.3    3.50    6.90      0    297.8    3.52    6.93      0
     2097152        524288     float     sum      -1    397.1    5.28   10.40      0    401.6    5.22   10.28      0
     4194304       1048576     float     sum      -1    629.5    6.66   13.12      0    638.7    6.57   12.93      0
     8388608       2097152     float     sum      -1   1072.0    7.83   15.41      0   1085.7    7.73   15.21      0
    16777216       4194304     float     sum      -1   1778.0    9.44   18.58      0   1817.3    9.23   18.18      0
    33554432       8388608     float     sum      -1   2442.0   13.74   27.05      0   2429.2   13.81   27.19      0
    67108864      16777216     float     sum      -1   4796.5   13.99   27.55      0   4743.7   14.15   27.85      0
   134217728      33554432     float     sum      -1   5015.3   26.76   52.69      0   5015.7   26.76   52.68      0
   268435456      67108864     float     sum      -1   6910.5   38.84   76.48      0   7000.7   38.34   75.49      0
   536870912     134217728     float     sum      -1    13694   39.21   77.19      0    13830   38.82   76.42      0
  1073741824     268435456     float     sum      -1    28154   38.14   75.09      0    28673   37.45   73.73      0
  2147483648     536870912     float     sum      -1    59529   36.07   71.02      0    59694   35.97   70.83      0
  4294967296    1073741824     float     sum      -1   122537   35.05   69.01      0   122346   35.11   69.11      0
