        size         count      type   redop    root     time   algbw   busbw #wrong     time   algbw   busbw #wrong
         (B)    (elements)                               (us)  (GB/s)  (GB/s)            (us)  (GB/s)  (GB/s)       
           8             2     float     sum      -1     8.98    0.00    0.00      0     8.38    0.00    0.00      0
          16             4     float     sum      -1     8.33    0.00    0.00      0     8.42    0.00    0.00      0
          32             8     float     sum      -1     8.80    0.00    0.01      0     8.90    0.00    0.01      0
          64            16     float     sum      -1     9.35    0.01    0.01      0     9.23    0.01    0.01      0
         128            32     float     sum      -1     9.38    0.01    0.02      0     9.28    0.01    0.02      0
         256            64     float     sum      -1     9.78    0.03    0.04      0     9.28    0.03    0.04      0
         512           128     float     sum      -1     9.76    0.05    0.08      0     9.38    0.05    0.08      0
        1024           256     float     sum      -1     9.87    0.10    0.16      0     9.44    0.11    0.16      0
        2048           512     float     sum      -1     9.86    0.21    0.31      0     9.55    0.21    0.32      0
        4096          1024     float     sum      -1    10.01    0.41    0.61      0     9.64    0.42    0.64      0
        8192          2048     float     sum      -1    10.23    0.80    1.20      0     9.99    0.82    1.23      0
       16384          4096     float     sum      -1    11.13    1.47    2.21      0    10.57    1.55    2.32      0
       32768          8192     float     sum      -1    11.20    2.93    4.39      0    10.89    3.01    4.51      0
       65536         16384     float     sum      -1    11.45    5.72    8.58      0    10.91    6.01    9.01      0
      131072         32768     float     sum      -1    11.80   11.10   16.65      0    11.38   11.51   17.27      0
      262144         65536     float     sum      -1    12.00   21.85   32.77      0    11.52   22.75   34.12      0
      524288        131072     float     sum      -1    15.18   34.53   51.80      0    14.09   37.20   55.80      0
     1048576        262144     float     sum      -1    18.90   55.47   83.21      0    18.74   55.96   83.94      0
     2097152        524288     float     sum      -1    30.14   69.59  104.38      0    30.05   69.78  104.68      0
     4194304       1048576     float     sum      -1    43.06   97.41  146.11      0    42.39   98.95  148.43      0
     8388608       2097152     float     sum      -1    61.97  135.37  203.05      0    61.16  137.15  205.73      0
    16777216       4194304     float     sum      -1    106.8  157.08  235.62      0    100.2  167.44  251.16      0
    33554432       8388608     float     sum      -1    186.1  180.31  270.46      0    177.7  188.78  283.18      0
    67108864      16777216     float     sum      -1    358.0  187.46  281.20      0    334.7  200.53  300.80      0
   134217728      33554432     float     sum      -1    679.6  197.51  296.26      0    633.1  211.99  317.99      0
   268435456      67108864     float     sum      -1   1336.7  200.82  301.24      0   1223.9  219.33  328.99      0
   536870912     134217728     float     sum      -1   2641.3  203.26  304.89      0   2406.9  223.05  334.58      0
  1073741824     268435456     float     sum      -1   5300.1  202.59  303.88      0   4752.9  225.91  338.87      0
  2147483648     536870912     float     sum      -1    10535  203.84  305.76      0   9481.8  226.49  339.73      0
  4294967296    1073741824     float     sum      -1    20714  207.34  311.01      0    18963  226.49  339.74      0
           8             2     float     sum      -1     8.50    0.00    0.00      0     8.42    0.00    0.00      0
          16             4     float     sum      -1     8.52    0.00    0.00      0     8.43    0.00    0.00      0
          32             8     float     sum      -1     8.85    0.00    0.01      0     8.78    0.00    0.01      0
          64            16     float     sum      -1     9.35    0.01    0.01      0     9.27    0.01    0.01      0
         128            32     float     sum      -1     9.45    0.01    0.02      0     9.25    0.01    0.02      0
         256            64     float     sum      -1     9.69    0.03    0.04      0     9.35    0.03    0.04      0
         512           128     float     sum      -1     9.87    0.05    0.08      0     9.38    0.05    0.08      0
        1024           256     float     sum      -1     9.85    0.10    0.16      0     9.55    0.11    0.16      0
        2048           512     float     sum      -1     9.89    0.21    0.31      0     9.51    0.22    0.32      0
        4096          1024     float     sum      -1    10.05    0.41    0.61      0     9.66    0.42    0.64      0
        8192          2048     float     sum      -1    10.29    0.80    1.19      0     9.88    0.83    1.24      0
       16384          4096     float     sum      -1    11.04    1.48    2.23      0    10.60    1.54    2.32      0
       32768          8192     float     sum      -1    11.18    2.93    4.40      0    10.92    3.00    4.50      0
       65536         16384     float     sum      -1    11.41    5.74    8.61      0    10.95    5.98    8.98      0
      131072         32768     float     sum      -1    11.80   11.11   16.66      0    11.40   11.50   17.25      0
      262144         65536     float     sum      -1    12.14   21.60   32.40      0    11.59   22.62   33.93      0
      524288        131072     float     sum      -1    15.10   34.73   52.09      0    14.08   37.24   55.86      0
     1048576        262144     float     sum      -1    18.93   55.39   83.08      0    18.90   55.48   83.22      0
     2097152        524288     float     sum      -1    30.05   69.78  104.68      0    30.06   69.77  104.65      0
     4194304       1048576     float     sum      -1    42.94   97.68  146.52      0    42.59   98.48  147.72      0
     8388608       2097152     float     sum      -1    61.98  135.34  203.00      0    61.04  137.42  206.13      0
    16777216       4194304     float     sum      -1    106.6  157.43  236.15      0    99.63  168.39  252.59      0
    33554432       8388608     float     sum      -1    188.2  178.30  267.45      0    178.6  187.89  281.84      0
    67108864      16777216     float     sum      -1    351.8  190.75  286.12      0    335.6  199.98  299.96      0
   134217728      33554432     float     sum      -1    699.6  191.85  287.77      0    631.8  212.42  318.64      0
   268435456      67108864     float     sum      -1   1363.3  196.90  295.36      0   1224.2  219.28  328.91      0
   536870912     134217728     float     sum      -1   2682.8  200.12  300.18      0   2400.1  223.69  335.53      0
  1073741824     268435456     float     sum      -1   5329.4  201.47  302.21      0   4751.7  225.97  338.95      0
  2147483648     536870912     float     sum      -1    10538  203.78  305.67      0   9490.6  226.27  339.41      0
  4294967296    1073741824     float     sum      -1    21184  202.75  304.13      0    18963  226.49  339.74      0
           8             2     float     sum      -1     8.42    0.00    0.00      0     8.40    0.00    0.00      0
          16             4     float     sum      -1     8.37    0.00    0.00      0     8.37    0.00    0.00      0
          32             8     float     sum      -1     8.88    0.00    0.01      0     8.88    0.00    0.01      0
          64            16     float     sum      -1     9.32    0.01    0.01      0     9.24    0.01    0.01      0
         128            32     float     sum      -1     9.39    0.01    0.02      0     9.31    0.01    0.02      0
         256            64     float     sum      -1     9.77    0.03    0.04      0     9.29    0.03    0.04      0
         512           128     float     sum      -1     9.81    0.05    0.08      0     9.37    0.05    0.08      0
        1024           256     float     sum      -1     9.81    0.10    0.16      0     9.37    0.11    0.16      0
        2048           512     float     sum      -1     9.92    0.21    0.31      0     9.57    0.21    0.32      0
        4096          1024     float     sum      -1    10.13    0.40    0.61      0     9.71    0.42    0.63      0
        8192          2048     float     sum      -1    10.29    0.80    1.19      0     9.96    0.82    1.23      0
       16384          4096     float     sum      -1    11.08    1.48    2.22      0    10.58    1.55    2.32      0
       32768          8192     float     sum      -1    11.15    2.94    4.41      0    10.80    3.03    4.55      0
       65536         16384     float     sum      -1    11.40    5.75    8.62      0    10.94    5.99    8.99      0
      131072         32768     float     sum      -1    11.76   11.14   16.72      0    11.29   11.61   17.41      0
      262144         65536     float     sum      -1    11.95   21.93   32.89      0    11.51   22.78   34.17      0
      524288        131072     float     sum      -1    15.05   34.84   52.26      0    14.05   37.32   55.98      0
     1048576        262144     float     sum      -1    18.89   55.50   83.26      0    18.76   55.89   83.83      0
     2097152        524288     float     sum      -1    30.14   69.57  104.35      0    30.13   69.61  104.42      0
     4194304       1048576     float     sum      -1    43.04   97.44  146.16      0    42.72   98.17  147.26      0
     8388608       2097152     float     sum      -1    61.94  135.42  203.14      0    61.05  137.41  206.12      0
    16777216       4194304     float     sum      -1    107.4  156.19  234.28      0    100.6  166.73  250.10      0
    33554432       8388608     float     sum      -1    188.2  178.30  267.44      0    177.5  189.01  283.51      0
    67108864      16777216     float     sum      -1    359.1  186.89  280.33      0    333.7  201.08  301.62      0
   134217728      33554432     float     sum      -1    668.0  200.91  301.37      0    630.4  212.92  319.38      0
   268435456      67108864     float     sum      -1   1329.1  201.96  302.95      0   1223.4  219.42  329.14      0
   536870912     134217728     float     sum      -1   2664.5  201.49  302.24      0   2401.7  223.54  335.31      0
  1073741824     268435456     float     sum      -1   5225.5  205.48  308.22      0   4755.2  225.81  338.71      0
  2147483648     536870912     float     sum      -1    10560  203.36  305.03      0   9472.4  226.71  340.06      0
  4294967296    1073741824     float     sum      -1    20728  207.21  310.81      0    18932  226.86  340.29      0
           8             2     float     sum      -1     8.46    0.00    0.00      0     8.42    0.00    0.00      0
          16             4     float     sum      -1     8.43    0.00    0.00      0     8.40    0.00    0.00      0
          32             8     float     sum      -1     8.85    0.00    0.01      0     8.82    0.00    0.01      0
          64            16     float     sum      -1     9.30    0.01    0.01      0     9.24    0.01    0.01      0
         128            32     float     sum      -1     9.39    0.01    0.02      0     9.21    0.01    0.02      0
         256            64     float     sum      -1     9.74    0.03    0.04      0     9.31    0.03    0.04      0
         512           128     float     sum      -1     9.81    0.05    0.08      0     9.43    0.05    0.08      0
        1024           256     float     sum      -1     9.88    0.10    0.16      0     9.41    0.11    0.16      0
        2048           512     float     sum      -1     9.84    0.21    0.31      0     9.49    0.22    0.32      0
        4096          1024     float     sum      -1    10.05    0.41    0.61      0     9.52    0.43    0.65      0
        8192          2048     float     sum      -1    10.25    0.80    1.20      0     9.91    0.83    1.24      0
       16384          4096     float     sum      -1    11.06    1.48    2.22      0    10.59    1.55    2.32      0
       32768          8192     float     sum      -1    11.24    2.92    4.37      0    10.86    3.02    4.52      0
       65536         16384     float     sum      -1    11.38    5.76    8.64      0    10.99    5.96    8.94      0
      131072         32768     float     sum      -1    11.73   11.17   16.75      0    11.30   11.60   17.39      0
      262144         65536     float     sum      -1    12.05   21.76   32.63      0    11.51   22.77   34.15      0
      524288        131072     float     sum      -1    15.08   34.76   52.14      0    14.08   37.23   55.84      0
     1048576        262144     float     sum      -1    18.89   55.50   83.25      0    18.90   55.49   83.24      0
     2097152        524288     float     sum      -1    30.10   69.68  104.53      0    30.07   69.74  104.60      0
     4194304       1048576     float     sum      -1    42.97   97.60  146.40      0    42.59   98.49  147.73      0
     8388608       2097152     float     sum      -1    61.73  135.89  203.83      0    61.07  137.35  206.03      0
    16777216       4194304     float     sum      -1    106.6  157.44  236.17      0    100.3  167.33  250.99      0
    33554432       8388608     float     sum      -1    187.1  179.37  269.05      0    177.9  188.61  282.92      0
    67108864      16777216     float     sum      -1    351.8  190.76  286.14      0    333.8  201.02  301.52      0
   134217728      33554432     float     sum      -1    669.8  200.38  300.56      0    635.0  211.35  317.02      0
   268435456      67108864     float     sum      -1   1331.9  201.54  302.31      0   1223.5  219.40  329.11      0
   536870912     134217728     float     sum      -1   2684.1  200.02  300.03      0   2403.9  223.33  335.00      0
  1073741824     268435456     float     sum      -1   5313.8  202.07  303.10      0   4754.3  225.85  338.77      0
  2147483648     536870912     float     sum      -1    10597  202.66  303.98      0   9462.5  226.95  340.42      0
  4294967296    1073741824     float     sum      -1    21150  203.08  304.61      0    18952  226.62  339.93      0
           8             2     float     sum      -1     8.45    0.00    0.00      0     8.40    0.00    0.00      0
          16             4     float     sum      -1     8.42    0.00    0.00      0     8.37    0.00    0.00      0
          32             8     float     sum      -1     8.82    0.00    0.01      0     8.88    0.00    0.01      0
          64            16     float     sum      -1     9.35    0.01    0.01      0     9.24    0.01    0.01      0
         128            32     float     sum      -1     9.38    0.01    0.02      0     9.33    0.01    0.02      0
         256            64     float     sum      -1     9.71    0.03    0.04      0     9.32    0.03    0.04      0
         512           128     float     sum      -1     9.79    0.05    0.08      0     9.36    0.05    0.08      0
        1024           256     float     sum      -1     9.81    0.10    0.16      0     9.46    0.11    0.16      0
        2048           512     float     sum      -1     9.89    0.21    0.31      0     9.53    0.21    0.32      0
        4096          1024     float     sum      -1    10.04    0.41    0.61      0     9.63    0.43    0.64      0
        8192          2048     float     sum      -1    10.35    0.79    1.19      0     9.97    0.82    1.23      0
       16384          4096     float     sum      -1    11.14    1.47    2.21      0    10.70    1.53    2.30      0
       32768          8192     float     sum      -1    11.20    2.93    4.39      0    10.84    3.02    4.54      0
       65536         16384     float     sum      -1    11.41    5.74    8.61      0    10.98    5.97    8.96      0
      131072         32768     float     sum      -1    11.79   11.11   16.67      0    11.35   11.55   17.32      0
      262144         65536     float     sum      -1    11.96   21.91   32.87      0    11.49   22.81   34.22      0
      524288        131072     float     sum      -1    15.77   33.24   49.85      0    14.04   37.34   56.01      0
     1048576        262144     float     sum      -1    18.95   55.34   83.01      0    18.84   55.65   83.48      0
     2097152        524288     float     sum      -1    30.04   69.80  104.70      0    30.09   69.70  104.56      0
     4194304       1048576     float     sum      -1    43.06   97.40  146.11      0    42.57   98.54  147.80      0
     8388608       2097152     float     sum      -1    61.80  135.73  203.59      0    61.11  137.27  205.90      0
    16777216       4194304     float     sum      -1    106.5  157.59  236.39      0    100.2  167.47  251.21      0
    33554432       8388608     float     sum      -1    190.0  176.65  264.97      0    177.5  189.00  283.49      0
    67108864      16777216     float     sum      -1    360.4  186.23  279.35      0    333.3  201.33  302.00      0
   134217728      33554432     float     sum      -1    678.3  197.87  296.80      0    631.0  212.70  319.06      0
   268435456      67108864     float     sum      -1   1326.8  202.32  303.48      0   1223.7  219.36  329.05      0
   536870912     134217728     float     sum      -1   2696.9  199.07  298.60      0   2398.6  223.82  335.74      0
  1073741824     268435456     float     sum      -1   5282.3  203.27  304.91      0   4748.4  226.13  339.19      0
  2147483648     536870912     float     sum      -1    10530  203.94  305.90      0   9471.1  226.74  340.11      0
  4294967296    1073741824     float     sum      -1    20742  207.07  310.61      0    18953  226.62  339.92      0
           8             2     float     sum      -1     8.47    0.00    0.00      0     8.36    0.00    0.00      0
          16             4     float     sum      -1     8.46    0.00    0.00      0     8.42    0.00    0.00      0
          32             8     float     sum      -1     8.78    0.00    0.01      0     8.84    0.00    0.01      0
          64            16     float     sum      -1     9.34    0.01    0.01      0     9.24    0.01    0.01      0
         128            32     float     sum      -1     9.38    0.01    0.02      0     9.25    0.01    0.02      0
         256            64     float     sum      -1     9.71    0.03    0.04      0     9.31    0.03    0.04      0
         512           128     float     sum      -1     9.78    0.05    0.08      0     9.31    0.05    0.08      0
        1024           256     float     sum      -1     9.86    0.10    0.16      0     9.44    0.11    0.16      0
        2048           512     float     sum      -1     9.85    0.21    0.31      0     9.52    0.22    0.32      0
        4096          1024     float     sum      -1    10.02    0.41    0.61      0     9.67    0.42    0.64      0
        8192          2048     float     sum      -1    10.26    0.80    1.20      0     9.91    0.83    1.24      0
       16384          4096     float     sum      -1    11.03    1.48    2.23      0    10.64    1.54    2.31      0
       32768          8192     float     sum      -1    11.18    2.93    4.40      0    10.78    3.04    4.56      0
       65536         16384     float     sum      -1    11.39    5.75    8.63      0    10.95    5.98    8.97      0
      131072         32768     float     sum      -1    11.75   11.15   16.73      0    11.28   11.62   17.42      0
      262144         65536     float     sum      -1    11.99   21.85   32.78      0    11.60   22.59   33.89      0
      524288        131072     float     sum      -1    15.08   34.78   52.16      0    14.07   37.26   55.90      0
     1048576        262144     float     sum      -1    18.94   55.36   83.04      0    18.82   55.73   83.59      0
     2097152        524288     float     sum      -1    30.06   69.77  104.66      0    30.08   69.71  104.56      0
     4194304       1048576     float     sum      -1    42.92   97.71  146.57      0    42.53   98.63  147.94      0
     8388608       2097152     float     sum      -1    61.93  135.46  203.19      0    61.21  137.04  205.57      0
    16777216       4194304     float     sum      -1    106.4  157.75  236.63      0    100.5  167.00  250.50      0
    33554432       8388608     float     sum      -1    188.0  178.45  267.68      0    178.1  188.36  282.54      0
    67108864      16777216     float     sum      -1    350.3  191.59  287.39      0    333.9  200.96  301.44      0
   134217728      33554432     float     sum      -1    672.6  199.56  299.34      0    632.3  212.26  318.39      0
   268435456      67108864     float     sum      -1   1331.0  201.68  302.52      0   1222.7  219.54  329.31      0
   536870912     134217728     float     sum      -1   2672.5  200.89  301.33      0   2405.3  223.21  334.81      0
  1073741824     268435456     float     sum      -1   5299.4  202.61  303.92      0   4744.3  226.32  339.49      0
  2147483648     536870912     float     sum      -1    10531  203.91  305.87      0   9479.0  226.55  339.83      0
  4294967296    1073741824     float     sum      -1    20768  206.81  310.21      0    18950  226.65  339.97      0
           8             2     float     sum      -1     8.41    0.00    0.00      0     8.41    0.00    0.00      0
          16             4     float     sum      -1     8.44    0.00    0.00      0     8.36    0.00    0.00      0
          32             8     float     sum      -1     8.80    0.00    0.01      0     8.86    0.00    0.01      0
          64            16     float     sum      -1     9.36    0.01    0.01      0     9.24    0.01    0.01      0
         128            32     float     sum      -1     9.46    0.01    0.02      0     9.39    0.01    0.02      0
         256            64     float     sum      -1     9.72    0.03    0.04      0     9.30    0.03    0.04      0
         512           128     float     sum      -1     9.74    0.05    0.08      0     9.36    0.05    0.08      0
        1024           256     float     sum      -1     9.85    0.10    0.16      0     9.43    0.11    0.16      0
        2048           512     float     sum      -1     9.85    0.21    0.31      0     9.50    0.22    0.32      0
        4096          1024     float     sum      -1    10.03    0.41    0.61      0     9.61    0.43    0.64      0
        8192          2048     float     sum      -1    10.24    0.80    1.20      0     9.98    0.82    1.23      0
       16384          4096     float     sum      -1    10.98    1.49    2.24      0    10.61    1.54    2.32      0
       32768          8192     float     sum      -1    11.20    2.93    4.39      0    10.85    3.02    4.53      0
       65536         16384     float     sum      -1    11.42    5.74    8.61      0    11.06    5.93    8.89      0
      131072         32768     float     sum      -1    11.97   10.95   16.43      0    11.35   11.55   17.32      0
      262144         65536     float     sum      -1    12.01   21.83   32.75      0    11.51   22.77   34.15      0
      524288        131072     float     sum      -1    15.06   34.81   52.22      0    14.09   37.20   55.81      0
     1048576        262144     float     sum      -1    18.90   55.48   83.23      0    18.84   55.67   83.50      0
     2097152        524288     float     sum      -1    30.15   69.56  104.35      0    30.20   69.45  104.17      0
     4194304       1048576     float     sum      -1    42.93   97.71  146.56      0    42.72   98.18  147.27      0
     8388608       2097152     float     sum      -1    62.13  135.01  202.51      0    61.24  136.98  205.46      0
    16777216       4194304     float     sum      -1    106.4  157.72  236.58      0    100.3  167.24  250.86      0
    33554432       8388608     float     sum      -1    189.2  177.32  265.98      0    178.8  187.68  281.52      0
    67108864      16777216     float     sum      -1    343.0  195.66  293.49      0    334.3  200.76  301.15      0
   134217728      33554432     float     sum      -1    669.3  200.54  300.81      0    632.6  212.17  318.25      0
   268435456      67108864     float     sum      -1   1325.8  202.47  303.70      0   1221.1  219.82  329.74      0
   536870912     134217728     float     sum      -1   2679.9  200.33  300.50      0   2399.5  223.75  335.62      0
  1073741824     268435456     float     sum      -1   5230.5  205.28  307.93      0   4745.7  226.25  339.38      0
  2147483648     536870912     float     sum      -1    10383  206.84  310.25      0   9476.3  226.62  339.92      0
  4294967296    1073741824     float     sum      -1    21099  203.57  305.35      0    18942  226.75  340.12      0
           8             2     float     sum      -1     8.40    0.00    0.00      0     8.43    0.00    0.00      0
          16             4     float     sum      -1     8.43    0.00    0.00      0     8.43    0.00    0.00      0
          32             8     float     sum      -1     8.77    0.00    0.01      0     8.89    0.00    0.01      0
          64            16     float     sum      -1     9.35    0.01    0.01      0     9.24    0.01    0.01      0
         128            32     float     sum      -1     9.38    0.01    0.02      0     9.32    0.01    0.02      0
         256            64     float     sum      -1     9.77    0.03    0.04      0     9.30    0.03    0.04      0
         512           128     float     sum      -1     9.72    0.05    0.08      0     9.39    0.05    0.08      0
        1024           256     float     sum      -1     9.82    0.10    0.16      0     9.40    0.11    0.16      0
        2048           512     float     sum      -1     9.86    0.21    0.31      0     9.57    0.21    0.32      0
        4096          1024     float     sum      -1     9.98    0.41    0.62      0     9.63    0.43    0.64      0
        8192          2048     float     sum      -1    10.24    0.80    1.20      0    10.01    0.82    1.23      0
       16384          4096     float     sum      -1    11.07    1.48    2.22      0    10.62    1.54    2.31      0
       32768          8192     float     sum      -1    11.20    2.93    4.39      0    10.82    3.03    4.54      0
       65536         16384     float     sum      -1    11.33    5.78    8.68      0    11.00    5.96    8.94      0
      131072         32768     float     sum      -1    11.79   11.12   16.68      0    11.28   11.62   17.43      0
      262144         65536     float     sum      -1    11.96   21.92   32.88      0    11.48   22.83   34.25      0
      524288        131072     float     sum      -1    15.10   34.73   52.09      0    14.08   37.23   55.85      0
     1048576        262144     float     sum      -1    18.85   55.62   83.43      0    18.78   55.83   83.75      0
     2097152        524288     float     sum      -1    30.07   69.74  104.61      0    30.08   69.73  104.59      0
     4194304       1048576     float     sum      -1    43.10   97.33  145.99      0    42.53   98.63  147.94      0
     8388608       2097152     float     sum      -1    62.06  135.17  202.75      0    61.32  136.80  205.20      0
    16777216       4194304     float     sum      -1    106.6  157.39  236.09      0    100.3  167.23  250.84      0
    33554432       8388608     float     sum      -1    189.4  177.12  265.67      0    178.9  187.57  281.36      0
    67108864      16777216     float     sum      -1    347.1  193.34  290.00      0    331.8  202.23  303.35      0
   134217728      33554432     float     sum      -1    701.3  191.37  287.06      0    633.4  211.89  317.84      0
   268435456      67108864     float     sum      -1   1334.7  201.13  301.69      0   1224.9  219.15  328.73      0
   536870912     134217728     float     sum      -1   2642.4  203.18  304.77      0   2401.3  223.58  335.37      0
  1073741824     268435456     float     sum      -1   5305.4  202.39  303.58      0   4751.2  225.99  338.99      0
  2147483648     536870912     float     sum      -1    10517  204.20  306.30      0   9471.3  226.74  340.10      0
  4294967296    1073741824     float     sum      -1    21169  202.89  304.34      0    18929  226.90  340.35      0
           8             2     float     sum      -1     8.43    0.00    0.00      0     8.40    0.00    0.00      0
          16             4     float     sum      -1     8.41    0.00    0.00      0     8.39    0.00    0.00      0
          32             8     float     sum      -1     8.87    0.00    0.01      0     8.85    0.00    0.01      0
          64            16     float     sum      -1     9.34    0.01    0.01      0     9.24    0.01    0.01      0
         128            32     float     sum      -1     9.45    0.01    0.02      0     9.30    0.01    0.02      0
         256            64     float     sum      -1     9.84    0.03    0.04      0     9.34    0.03    0.04      0
         512           128     float     sum      -1     9.80    0.05    0.08      0     9.41    0.05    0.08      0
        1024           256     float     sum      -1     9.85    0.10    0.16      0     9.39    0.11    0.16      0
        2048           512     float     sum      -1     9.91    0.21    0.31      0     9.49    0.22    0.32      0
        4096          1024     float     sum      -1    10.07    0.41    0.61      0     9.65    0.42    0.64      0
        8192          2048     float     sum      -1    10.28    0.80    1.20      0     9.96    0.82    1.23      0
       16384          4096     float     sum      -1    11.07    1.48    2.22      0    10.68    1.53    2.30      0
       32768          8192     float     sum      -1    11.20    2.93    4.39      0    10.82    3.03    4.54      0
       65536         16384     float     sum      -1    11.38    5.76    8.64      0    10.97    5.98    8.96      0
      131072         32768     float     sum      -1    11.78   11.13   16.69      0    11.33   11.57   17.35      0
      262144         65536     float     sum      -1    11.99   21.87   32.80      0    11.53   22.74   34.11      0
      524288        131072     float     sum      -1    15.13   34.65   51.97      0    14.07   37.25   55.88      0
     1048576        262144     float     sum      -1    18.92   55.42   83.14      0    18.84   55.67   83.50      0
     2097152        524288     float     sum      -1    30.08   69.72  104.58      0    30.17   69.50  104.26      0
     4194304       1048576     float     sum      -1    43.01   97.51  146.27      0    42.55   98.58  147.88      0
     8388608       2097152     float     sum      -1    62.10  135.07  202.61      0    61.32  136.80  205.19      0
    16777216       4194304     float     sum      -1    106.8  157.12  235.68      0    100.3  167.22  250.83      0
    33554432       8388608     float     sum      -1    189.2  177.37  266.06      0    179.0  187.46  281.19      0
    67108864      16777216     float     sum      -1    360.8  186.02  279.04      0    334.0  200.90  301.36      0
   134217728      33554432     float     sum      -1    670.1  200.28  300.43      0    632.4  212.24  318.37      0
   268435456      67108864     float     sum      -1   1336.4  200.86  301.29      0   1224.8  219.16  328.74      0
   536870912     134217728     float     sum      -1   2671.9  200.93  301.40      0   2404.7  223.26  334.88      0
  1073741824     268435456     float     sum      -1   5332.0  201.38  302.06      0   4745.3  226.27  339.41      0
  2147483648     536870912     float     sum      -1    10582  202.94  304.40      0   9473.8  226.68  340.01      0
  4294967296    1073741824     float     sum      -1    21005  204.47  306.70      0    18946  226.70  340.05      0
           8             2     float     sum      -1     8.42    0.00    0.00      0     8.45    0.00    0.00      0
          16             4     float     sum      -1     8.38    0.00    0.00      0     8.42    0.00    0.00      0
          32             8     float     sum      -1     8.78    0.00    0.01      0     8.89    0.00    0.01      0
          64            16     float     sum      -1     9.34    0.01    0.01      0     9.23    0.01    0.01      0
         128            32     float     sum      -1     9.41    0.01    0.02      0     9.25    0.01    0.02      0
         256            64     float     sum      -1     9.75    0.03    0.04      0     9.32    0.03    0.04      0
         512           128     float     sum      -1     9.81    0.05    0.08      0     9.44    0.05    0.08      0
        1024           256     float     sum      -1     9.85    0.10    0.16      0     9.43    0.11    0.16      0
        2048           512     float     sum      -1     9.81    0.21    0.31      0     9.57    0.21    0.32      0
        4096          1024     float     sum      -1    10.04    0.41    0.61      0     9.63    0.43    0.64      0
        8192          2048     float     sum      -1    10.25    0.80    1.20      0    10.00    0.82    1.23      0
       16384          4096     float     sum      -1    11.03    1.48    2.23      0    10.65    1.54    2.31      0
       32768          8192     float     sum      -1    11.27    2.91    4.36      0    10.85    3.02    4.53      0
       65536         16384     float     sum      -1    11.38    5.76    8.64      0    10.91    6.01    9.01      0
      131072         32768     float     sum      -1    11.79   11.12   16.68      0    11.32   11.58   17.36      0
      262144         65536     float     sum      -1    12.02   21.81   32.71      0    11.53   22.73   34.10      0
      524288        131072     float     sum      -1    15.03   34.88   52.32      0    14.06   37.29   55.93      0
     1048576        262144     float     sum      -1    18.90   55.48   83.22      0    18.80   55.79   83.68      0
     2097152        524288     float     sum      -1    30.05   69.78  104.67      0    30.15   69.55  104.33      0
     4194304       1048576     float     sum      -1    42.87   97.83  146.74      0    42.49   98.72  148.07      0
     8388608       2097152     float     sum      -1    61.94  135.43  203.14      0    61.18  137.11  205.67      0
    16777216       4194304     float     sum      -1    106.6  157.32  235.98      0    100.2  167.48  251.22      0
    33554432       8388608     float     sum      -1    188.1  178.41  267.62      0    177.8  188.67  283.00      0
    67108864      16777216     float     sum      -1    345.5  194.21  291.32      0    333.3  201.34  302.02      0
   134217728      33554432     float     sum      -1    670.5  200.18  300.27      0    631.3  212.60  318.90      0
   268435456      67108864     float     sum      -1   1330.8  201.70  302.56      0   1226.1  218.93  328.39      0
   536870912     134217728     float     sum      -1   2687.0  199.80  299.70      0   2406.0  223.13  334.70      0
  1073741824     268435456     float     sum      -1   5303.1  202.48  303.71      0   4756.0  225.77  338.65      0
  2147483648     536870912     float     sum      -1    10383  206.83  310.25      0   9488.5  226.32  339.49      0
  4294967296    1073741824     float     sum      -1    21106  203.50  305.25      0    18941  226.75  340.13      0
