        size         count      type   redop    root     time   algbw   busbw #wrong     time   algbw   busbw #wrong
         (B)    (elements)                               (us)  (GB/s)  (GB/s)            (us)  (GB/s)  (GB/s)       
           8             2     float     sum      -1    25.82    0.00    0.00      0    25.07    0.00    0.00      0
          16             4     float     sum      -1    25.34    0.00    0.00      0    24.96    0.00    0.00      0
          32             8     float     sum      -1    24.98    0.00    0.00      0    25.29    0.00    0.00      0
          64            16     float     sum      -1    27.79    0.00    0.00      0    28.06    0.00    0.00      0
         128            32     float     sum      -1    157.8    0.00    0.00      0    28.39    0.00    0.01      0
         256            64     float     sum      -1    31.35    0.01    0.02      0    28.70    0.01    0.02      0
         512           128     float     sum      -1    29.59    0.02    0.03      0    29.07    0.02    0.03      0
        1024           256     float     sum      -1    30.87    0.03    0.06      0    30.65    0.03    0.06      0
        2048           512     float     sum      -1    32.39    0.06    0.12      0    32.06    0.06    0.12      0
        4096          1024     float     sum      -1    62.81    0.07    0.12      0    62.22    0.07    0.12      0
        8192          2048     float     sum      -1    63.85    0.13    0.24      0    63.38    0.13    0.24      0
       16384          4096     float     sum      -1    64.37    0.25    0.48      0    63.13    0.26    0.49      0
       32768          8192     float     sum      -1    68.61    0.48    0.90      0    67.39    0.49    0.91      0
       65536         16384     float     sum      -1    73.70    0.89    1.67      0    72.64    0.90    1.69      0
      131072         32768     float     sum      -1    144.8    0.91    1.70      0    143.5    0.91    1.71      0
      262144         65536     float     sum      -1    148.9    1.76    3.30      0    147.7    1.77    3.33      0
      524288        131072     float     sum      -1    241.5    2.17    4.07      0    248.4    2.11    3.96      0
     1048576        262144     float     sum      -1    446.3    2.35    4.40      0    448.5    2.34    4.38      0
     2097152        524288     float     sum      -1    232.2    9.03   16.93      0    237.0    8.85   16.59      0
     4194304       1048576     float     sum      -1    367.2   11.42   21.42      0    372.9   11.25   21.09      0
     8388608       2097152     float     sum      -1    623.1   13.46   25.24      0    631.7   13.28   24.90      0
    16777216       4194304     float     sum      -1   1429.9   11.73   22.00      0   1408.9   11.91   22.33      0
    33554432       8388608     float     sum      -1   1480.7   22.66   42.49      0   1478.9   22.69   42.54      0
    67108864      16777216     float     sum      -1   1655.7   40.53   76.00      0   1662.5   40.37   75.69      0
   134217728      33554432     float     sum      -1   3214.5   41.75   78.29      0   3210.1   41.81   78.40      0
   268435456      67108864     float     sum      -1   6351.4   42.26   79.24      0   6393.7   41.98   78.72      0
   536870912     134217728     float     sum      -1    13335   40.26   75.49      0    13313   40.33   75.61      0
  1073741824     268435456     float     sum      -1    26617   40.34   75.64      0    26625   40.33   75.61      0
  2147483648     536870912     float     sum      -1    54112   39.69   74.41      0    54298   39.55   74.16      0
  4294967296    1073741824     float     sum      -1   108299   39.66   74.36      0   108591   39.55   74.16      0
           8             2     float     sum      -1    26.15    0.00    0.00      0    25.68    0.00    0.00      0
          16             4     float     sum      -1    25.48    0.00    0.00      0    25.20    0.00    0.00      0
          32             8     float     sum      -1    25.53    0.00    0.00      0    25.06    0.00    0.00      0
          64            16     float     sum      -1    28.00    0.00    0.00      0    27.82    0.00    0.00      0
         128            32     float     sum      -1    28.56    0.00    0.01      0    28.35    0.00    0.01      0
         256            64     float     sum      -1    29.06    0.01    0.02      0    28.95    0.01    0.02      0
         512           128     float     sum      -1    29.75    0.02    0.03      0    29.50    0.02    0.03      0
        1024           256     float     sum      -1    30.82    0.03    0.06      0    30.33    0.03    0.06      0
        2048           512     float     sum      -1    32.17    0.06    0.12      0    32.10    0.06    0.12      0
        4096          1024     float     sum      -1    63.72    0.06    0.12      0    63.21    0.06    0.12      0
        8192          2048     float     sum      -1    62.94    0.13    0.24      0    62.44    0.13    0.25      0
       16384          4096     float     sum      -1    63.64    0.26    0.48      0    63.36    0.26    0.48      0
       32768          8192     float     sum      -1    68.19    0.48    0.90      0    67.51    0.49    0.91      0
       65536         16384     float     sum      -1    74.00    0.89    1.66      0    72.28    0.91    1.70      0
      131072         32768     float     sum      -1    144.0    0.91    1.71      0    143.4    0.91    1.71      0
      262144         65536     float     sum      -1    148.4    1.77    3.31      0    148.5    1.76    3.31      0
      524288        131072     float     sum      -1    242.0    2.17    4.06      0    239.1    2.19    4.11      0
     1048576        262144     float     sum      -1    445.6    2.35    4.41      0    442.7    2.37    4.44      0
     2097152        524288     float     sum      -1    234.2    8.95   16.79      0    236.0    8.88   16.66      0
     4194304       1048576     float     sum      -1    369.2   11.36   21.30      0    371.1   11.30   21.19      0
     8388608       2097152     float     sum      -1    617.4   13.59   25.47      0    619.8   13.53   25.38      0
    16777216       4194304     float     sum      -1   1417.7   11.83   22.19      0   1406.5   11.93   22.37      0
    33554432       8388608     float     sum      -1   1477.4   22.71   42.58      0   1473.0   22.78   42.71      0
    67108864      16777216     float     sum      -1   1657.1   40.50   75.93      0   1667.1   40.26   75.48      0
   134217728      33554432     float     sum      -1   3229.1   41.57   77.94      0   3200.7   41.93   78.63      0
   268435456      67108864     float     sum      -1   6372.7   42.12   78.98      0   6405.9   41.90   78.57      0
   536870912     134217728     float     sum      -1    13311   40.33   75.63      0    13356   40.20   75.37      0
  1073741824     268435456     float     sum      -1    26653   40.29   75.54      0    27049   39.70   74.43      0
  2147483648     536870912     float     sum      -1    54150   39.66   74.36      0    54237   39.59   74.24      0
  4294967296    1073741824     float     sum      -1   108313   39.65   74.35      0   108484   39.59   74.23      0
           8             2     float     sum      -1    26.02    0.00    0.00      0    25.29    0.00    0.00      0
          16             4     float     sum      -1    25.09    0.00    0.00      0    24.79    0.00    0.00      0
          32             8     float     sum      -1    25.44    0.00    0.00      0    25.13    0.00    0.00      0
          64            16     float     sum      -1    27.97    0.00    0.00      0    28.20    0.00    0.00      0
         128            32     float     sum      -1    28.52    0.00    0.01      0    28.22    0.00    0.01      0
         256            64     float     sum      -1    29.18    0.01    0.02      0    28.45    0.01    0.02      0
         512           128     float     sum      -1    29.89    0.02    0.03      0    29.32    0.02    0.03      0
        1024           256     float     sum      -1    30.96    0.03    0.06      0    30.18    0.03    0.06      0
        2048           512     float     sum      -1    32.16    0.06    0.12      0    31.81    0.06    0.12      0
        4096          1024     float     sum      -1    63.02    0.06    0.12      0    62.11    0.07    0.12      0
        8192          2048     float     sum      -1    63.54    0.13    0.24      0    62.30    0.13    0.25      0
       16384          4096     float     sum      -1    64.31    0.25    0.48      0    63.66    0.26    0.48      0
       32768          8192     float     sum      -1    68.57    0.48    0.90      0    67.85    0.48    0.91      0
       65536         16384     float     sum      -1    73.75    0.89    1.67      0    72.36    0.91    1.70      0
      131072         32768     float     sum      -1    143.5    0.91    1.71      0    143.4    0.91    1.71      0
      262144         65536     float     sum      -1    148.9    1.76    3.30      0    148.0    1.77    3.32      0
      524288        131072     float     sum      -1    240.1    2.18    4.09      0    238.1    2.20    4.13      0
     1048576        262144     float     sum      -1    446.5    2.35    4.40      0    446.2    2.35    4.41      0
     2097152        524288     float     sum      -1    234.4    8.95   16.78      0    237.7    8.82   16.54      0
     4194304       1048576     float     sum      -1    364.3   11.51   21.59      0    374.4   11.20   21.00      0
     8388608       2097152     float     sum      -1    620.0   13.53   25.37      0    632.1   13.27   24.88      0
    16777216       4194304     float     sum      -1   1427.8   11.75   22.03      0   1406.0   11.93   22.37      0
    33554432       8388608     float     sum      -1   1476.2   22.73   42.62      0   1477.0   22.72   42.60      0
    67108864      16777216     float     sum      -1   1651.0   40.65   76.22      0   1658.4   40.47   75.87      0
   134217728      33554432     float     sum      -1   3206.5   41.86   78.48      0   3218.1   41.71   78.20      0
   268435456      67108864     float     sum      -1   6389.9   42.01   78.77      0   6350.0   42.27   79.26      0
   536870912     134217728     float     sum      -1    13368   40.16   75.30      0    13337   40.25   75.47      0
  1073741824     268435456     float     sum      -1    26653   40.29   75.54      0    26740   40.15   75.29      0
  2147483648     536870912     float     sum      -1    54154   39.65   74.35      0    54138   39.67   74.38      0
  4294967296    1073741824     float     sum      -1   108306   39.66   74.35      0   108382   39.63   74.30      0
           8             2     float     sum      -1    25.50    0.00    0.00      0    25.28    0.00    0.00      0
          16             4     float     sum      -1    25.04    0.00    0.00      0    25.05    0.00    0.00      0
          32             8     float     sum      -1    25.46    0.00    0.00      0    25.63    0.00    0.00      0
          64            16     float     sum      -1    28.12    0.00    0.00      0    27.97    0.00    0.00      0
         128            32     float     sum      -1    28.32    0.00    0.01      0    28.35    0.00    0.01      0
         256            64     float     sum      -1    28.90    0.01    0.02      0    28.52    0.01    0.02      0
         512           128     float     sum      -1    29.32    0.02    0.03      0    29.04    0.02    0.03      0
        1024           256     float     sum      -1    30.85    0.03    0.06      0    30.43    0.03    0.06      0
        2048           512     float     sum      -1    32.01    0.06    0.12      0    32.12    0.06    0.12      0
        4096          1024     float     sum      -1    63.25    0.06    0.12      0    61.82    0.07    0.12      0
        8192          2048     float     sum      -1    63.03    0.13    0.24      0    62.94    0.13    0.24      0
       16384          4096     float     sum      -1    64.37    0.25    0.48      0    63.23    0.26    0.49      0
       32768          8192     float     sum      -1    68.24    0.48    0.90      0    67.56    0.49    0.91      0
       65536         16384     float     sum      -1    73.72    0.89    1.67      0    72.84    0.90    1.69      0
      131072         32768     float     sum      -1    143.9    0.91    1.71      0    142.9    0.92    1.72      0
      262144         65536     float     sum      -1    149.3    1.76    3.29      0    147.8    1.77    3.33      0
      524288        131072     float     sum      -1    242.0    2.17    4.06      0    239.0    2.19    4.11      0
     1048576        262144     float     sum      -1    452.8    2.32    4.34      0    450.0    2.33    4.37      0
     2097152        524288     float     sum      -1    233.3    8.99   16.85      0    237.4    8.84   16.57      0
     4194304       1048576     float     sum      -1    366.8   11.44   21.44      0    375.0   11.18   20.97      0
     8388608       2097152     float     sum      -1    625.0   13.42   25.17      0    641.3   13.08   24.53      0
    16777216       4194304     float     sum      -1   1426.9   11.76   22.05      0   1405.0   11.94   22.39      0
    33554432       8388608     float     sum      -1   1479.7   22.68   42.52      0   1476.7   22.72   42.61      0
    67108864      16777216     float     sum      -1   1655.5   40.54   76.01      0   1658.8   40.46   75.86      0
   134217728      33554432     float     sum      -1   3207.4   41.85   78.46      0   3216.2   41.73   78.25      0
   268435456      67108864     float     sum      -1   6373.3   42.12   78.97      0   6358.2   42.22   79.16      0
   536870912     134217728     float     sum      -1    13372   40.15   75.28      0    13330   40.28   75.52      0
  1073741824     268435456     float     sum      -1    26691   40.23   75.43      0    26766   40.12   75.22      0
  2147483648     536870912     float     sum      -1    54078   39.71   74.46      0    54891   39.12   73.35      0
  4294967296    1073741824     float     sum      -1   108366   39.63   74.31      0   108328   39.65   74.34      0
           8             2     float     sum      -1    25.93    0.00    0.00      0    25.49    0.00    0.00      0
          16             4     float     sum      -1    25.03    0.00    0.00      0    25.00    0.00    0.00      0
          32             8     float     sum      -1    24.98    0.00    0.00      0    25.29    0.00    0.00      0
          64            16     float     sum      -1    27.98    0.00    0.00      0    28.14    0.00    0.00      0
         128            32     float     sum      -1    28.60    0.00    0.01      0    28.11    0.00    0.01      0
         256            64     float     sum      -1    28.97    0.01    0.02      0    28.39    0.01    0.02      0
         512           128     float     sum      -1    29.50    0.02    0.03      0    29.22    0.02    0.03      0
        1024           256     float     sum      -1    30.69    0.03    0.06      0    30.35    0.03    0.06      0
        2048           512     float     sum      -1    32.59    0.06    0.12      0    32.11    0.06    0.12      0
        4096          1024     float     sum      -1    62.81    0.07    0.12      0    62.42    0.07    0.12      0
        8192          2048     float     sum      -1    63.53    0.13    0.24      0    62.12    0.13    0.25      0
       16384          4096     float     sum      -1    64.79    0.25    0.47      0    62.90    0.26    0.49      0
       32768          8192     float     sum      -1    68.12    0.48    0.90      0    67.16    0.49    0.91      0
       65536         16384     float     sum      -1    73.87    0.89    1.66      0    72.05    0.91    1.71      0
      131072         32768     float     sum      -1    144.5    0.91    1.70      0    143.2    0.92    1.72      0
      262144         65536     float     sum      -1    148.7    1.76    3.31      0    148.7    1.76    3.30      0
      524288        131072     float     sum      -1    242.0    2.17    4.06      0    241.4    2.17    4.07      0
     1048576        262144     float     sum      -1    448.9    2.34    4.38      0    443.4    2.36    4.43      0
     2097152        524288     float     sum      -1    234.2    8.95   16.79      0    234.2    8.96   16.79      0
     4194304       1048576     float     sum      -1    365.2   11.49   21.54      0    373.3   11.24   21.07      0
     8388608       2097152     float     sum      -1    618.5   13.56   25.43      0    622.0   13.49   25.29      0
    16777216       4194304     float     sum      -1   1422.3   11.80   22.12      0   1408.8   11.91   22.33      0
    33554432       8388608     float     sum      -1   1487.2   22.56   42.30      0   1480.5   22.66   42.50      0
    67108864      16777216     float     sum      -1   1657.8   40.48   75.90      0   1661.9   40.38   75.72      0
   134217728      33554432     float     sum      -1   3221.2   41.67   78.12      0   3213.7   41.76   78.31      0
   268435456      67108864     float     sum      -1   6338.6   42.35   79.41      0   6365.3   42.17   79.07      0
   536870912     134217728     float     sum      -1    13337   40.25   75.48      0    13402   40.06   75.11      0
  1073741824     268435456     float     sum      -1    26723   40.18   75.34      0    26720   40.18   75.35      0
  2147483648     536870912     float     sum      -1    53885   39.85   74.72      0    54131   39.67   74.39      0
  4294967296    1073741824     float     sum      -1   108672   39.52   74.10      0   108388   39.63   74.30      0
           8             2     float     sum      -1    25.92    0.00    0.00      0    25.61    0.00    0.00      0
          16             4     float     sum      -1    25.15    0.00    0.00      0    25.16    0.00    0.00      0
          32             8     float     sum      -1    25.04    0.00    0.00      0    25.08    0.00    0.00      0
          64            16     float     sum      -1    28.10    0.00    0.00      0    27.98    0.00    0.00      0
         128            32     float     sum      -1    28.90    0.00    0.01      0    28.21    0.00    0.01      0
         256            64     float     sum      -1    28.99    0.01    0.02      0    28.71    0.01    0.02      0
         512           128     float     sum      -1    29.69    0.02    0.03      0    29.41    0.02    0.03      0
        1024           256     float     sum      -1    30.84    0.03    0.06      0    30.24    0.03    0.06      0
        2048           512     float     sum      -1    32.20    0.06    0.12      0    31.74    0.06    0.12      0
        4096          1024     float     sum      -1    62.76    0.07    0.12      0    62.44    0.07    0.12      0
        8192          2048     float     sum      -1    63.89    0.13    0.24      0    62.56    0.13    0.25      0
       16384          4096     float     sum      -1    64.78    0.25    0.47      0    62.92    0.26    0.49      0
       32768          8192     float     sum      -1    68.39    0.48    0.90      0    68.15    0.48    0.90      0
       65536         16384     float     sum      -1    73.99    0.89    1.66      0    72.22    0.91    1.70      0
      131072         32768     float     sum      -1    144.2    0.91    1.70      0    143.1    0.92    1.72      0
      262144         65536     float     sum      -1    149.0    1.76    3.30      0    148.0    1.77    3.32      0
      524288        131072     float     sum      -1    240.7    2.18    4.08      0    241.0    2.18    4.08      0
     1048576        262144     float     sum      -1    448.3    2.34    4.39      0    445.9    2.35    4.41      0
     2097152        524288     float     sum      -1    230.6    9.09   17.05      0    237.2    8.84   16.58      0
     4194304       1048576     float     sum      -1    369.2   11.36   21.30      0    373.8   11.22   21.04      0
     8388608       2097152     float     sum      -1    615.3   13.63   25.56      0    637.8   13.15   24.66      0
    16777216       4194304     float     sum      -1   1430.0   11.73   22.00      0   1409.8   11.90   22.31      0
    33554432       8388608     float     sum      -1   1480.9   22.66   42.48      0   1482.0   22.64   42.45      0
    67108864      16777216     float     sum      -1   1661.5   40.39   75.73      0   1665.4   40.30   75.55      0
   134217728      33554432     float     sum      -1   3207.9   41.84   78.45      0   3234.0   41.50   77.82      0
   268435456      67108864     float     sum      -1   6374.1   42.11   78.96      0   6415.8   41.84   78.45      0
   536870912     134217728     float     sum      -1    13372   40.15   75.28      0    13333   40.27   75.50      0
  1073741824     268435456     float     sum      -1    26745   40.15   75.28      0    26850   39.99   74.98      0
  2147483648     536870912     float     sum      -1    54144   39.66   74.37      0    54135   39.67   74.38      0
  4294967296    1073741824     float     sum      -1   108440   39.61   74.26      0   108729   39.50   74.07      0
           8             2     float     sum      -1    25.77    0.00    0.00      0    25.35    0.00    0.00      0
          16             4     float     sum      -1    25.12    0.00    0.00      0    25.11    0.00    0.00      0
          32             8     float     sum      -1    25.40    0.00    0.00      0    25.19    0.00    0.00      0
          64            16     float     sum      -1    28.07    0.00    0.00      0    27.59    0.00    0.00      0
         128            32     float     sum      -1    28.27    0.00    0.01      0    28.44    0.00    0.01      0
         256            64     float     sum      -1    28.94    0.01    0.02      0    28.54    0.01    0.02      0
         512           128     float     sum      -1    29.45    0.02    0.03      0    29.08    0.02    0.03      0
        1024           256     float     sum      -1    30.84    0.03    0.06      0    30.19    0.03    0.06      0
        2048           512     float     sum      -1    32.22    0.06    0.12      0    31.58    0.06    0.12      0
        4096          1024     float     sum      -1    63.25    0.06    0.12      0    62.64    0.07    0.12      0
        8192          2048     float     sum      -1    63.42    0.13    0.24      0    62.55    0.13    0.25      0
       16384          4096     float     sum      -1    64.58    0.25    0.48      0    63.55    0.26    0.48      0
       32768          8192     float     sum      -1    68.57    0.48    0.90      0    68.21    0.48    0.90      0
       65536         16384     float     sum      -1    73.60    0.89    1.67      0    72.44    0.90    1.70      0
      131072         32768     float     sum      -1    144.7    0.91    1.70      0    143.5    0.91    1.71      0
      262144         65536     float     sum      -1    148.9    1.76    3.30      0    148.3    1.77    3.32      0
      524288        131072     float     sum      -1    256.4    2.04    3.83      0    240.9    2.18    4.08      0
     1048576        262144     float     sum      -1    445.4    2.35    4.41      0    445.8    2.35    4.41      0
     2097152        524288     float     sum      -1    235.2    8.92   16.72      0    237.5    8.83   16.55      0
     4194304       1048576     float     sum      -1    364.0   11.52   21.60      0    374.6   11.20   21.00      0
     8388608       2097152     float     sum      -1    615.8   13.62   25.54      0    641.5   13.08   24.52      0
    16777216       4194304     float     sum      -1   1429.3   11.74   22.01      0   1403.5   11.95   22.41      0
    33554432       8388608     float     sum      -1   1484.5   22.60   42.38      0   1487.8   22.55   42.29      0
    67108864      16777216     float     sum      -1   1653.8   40.58   76.08      0   1667.8   40.24   75.45      0
   134217728      33554432     float     sum      -1   3197.5   41.98   78.71      0   3220.1   41.68   78.15      0
   268435456      67108864     float     sum      -1   6382.4   42.06   78.86      0   6405.5   41.91   78.58      0
   536870912     134217728     float     sum      -1    13322   40.30   75.56      0    13337   40.25   75.48      0
  1073741824     268435456     float     sum      -1    26684   40.24   75.45      0    26662   40.27   75.51      0
  2147483648     536870912     float     sum      -1    54111   39.69   74.41      0    54141   39.66   74.37      0
  4294967296    1073741824     float     sum      -1   108295   39.66   74.36      0   108366   39.63   74.31      0
           8             2     float     sum      -1    25.64    0.00    0.00      0    25.29    0.00    0.00      0
          16             4     float     sum      -1    25.01    0.00    0.00      0    25.67    0.00    0.00      0
          32             8     float     sum      -1    25.13    0.00    0.00      0    25.62    0.00    0.00      0
          64            16     float     sum      -1    28.15    0.00    0.00      0    27.89    0.00    0.00      0
         128            32     float     sum      -1    28.77    0.00    0.01      0    28.07    0.00    0.01      0
         256            64     float     sum      -1    28.76    0.01    0.02      0    28.64    0.01    0.02      0
         512           128     float     sum      -1    29.81    0.02    0.03      0    29.06    0.02    0.03      0
        1024           256     float     sum      -1    30.92    0.03    0.06      0    30.14    0.03    0.06      0
        2048           512     float     sum      -1    32.40    0.06    0.12      0    31.85    0.06    0.12      0
        4096          1024     float     sum      -1    62.79    0.07    0.12      0    62.24    0.07    0.12      0
        8192          2048     float     sum      -1    63.34    0.13    0.24      0    62.05    0.13    0.25      0
       16384          4096     float     sum      -1    63.87    0.26    0.48      0    63.43    0.26    0.48      0
       32768          8192     float     sum      -1    68.36    0.48    0.90      0    67.96    0.48    0.90      0
       65536         16384     float     sum      -1    73.56    0.89    1.67      0    71.85    0.91    1.71      0
      131072         32768     float     sum      -1    143.6    0.91    1.71      0    144.1    0.91    1.71      0
      262144         65536     float     sum      -1    148.5    1.77    3.31      0    148.4    1.77    3.31      0
      524288        131072     float     sum      -1    242.1    2.17    4.06      0    248.2    2.11    3.96      0
     1048576        262144     float     sum      -1    446.1    2.35    4.41      0    442.2    2.37    4.45      0
     2097152        524288     float     sum      -1    234.9    8.93   16.74      0    238.6    8.79   16.48      0
     4194304       1048576     float     sum      -1    364.5   11.51   21.58      0    374.5   11.20   21.00      0
     8388608       2097152     float     sum      -1    620.6   13.52   25.34      0    634.8   13.22   24.78      0
    16777216       4194304     float     sum      -1   1431.1   11.72   21.98      0   1406.3   11.93   22.37      0
    33554432       8388608     float     sum      -1   1482.3   22.64   42.45      0   1479.1   22.69   42.53      0
    67108864      16777216     float     sum      -1   1661.1   40.40   75.75      0   1664.4   40.32   75.60      0
   134217728      33554432     float     sum      -1   3209.5   41.82   78.41      0   3214.6   41.75   78.29      0
   268435456      67108864     float     sum      -1   6369.8   42.14   79.02      0   6377.7   42.09   78.92      0
   536870912     134217728     float     sum      -1    13354   40.20   75.38      0    13355   40.20   75.38      0
  1073741824     268435456     float     sum      -1    26709   40.20   75.38      0    26658   40.28   75.52      0
  2147483648     536870912     float     sum      -1    54222   39.61   74.26      0    54177   39.64   74.32      0
  4294967296    1073741824     float     sum      -1   108422   39.61   74.28      0   108342   39.64   74.33      0
           8             2     float     sum      -1    26.08    0.00    0.00      0    25.60    0.00    0.00      0
          16             4     float     sum      -1    25.34    0.00    0.00      0    25.37    0.00    0.00      0
          32             8     float     sum      -1    25.32    0.00    0.00      0    25.32    0.00    0.00      0
          64            16     float     sum      -1    28.18    0.00    0.00      0    28.06    0.00    0.00      0
         128            32     float     sum      -1    28.46    0.00    0.01      0    28.50    0.00    0.01      0
         256            64     float     sum      -1    28.98    0.01    0.02      0    28.80    0.01    0.02      0
         512           128     float     sum      -1    29.64    0.02    0.03      0    29.29    0.02    0.03      0
        1024           256     float     sum      -1    30.91    0.03    0.06      0    30.42    0.03    0.06      0
        2048           512     float     sum      -1    32.00    0.06    0.12      0    31.73    0.06    0.12      0
        4096          1024     float     sum      -1    62.48    0.07    0.12      0    62.27    0.07    0.12      0
        8192          2048     float     sum      -1    63.12    0.13    0.24      0    62.81    0.13    0.24      0
       16384          4096     float     sum      -1    64.60    0.25    0.48      0    63.94    0.26    0.48      0
       32768          8192     float     sum      -1    68.15    0.48    0.90      0    67.63    0.48    0.91      0
       65536         16384     float     sum      -1    73.55    0.89    1.67      0    72.20    0.91    1.70      0
      131072         32768     float     sum      -1    143.7    0.91    1.71      0    143.1    0.92    1.72      0
      262144         65536     float     sum      -1    149.2    1.76    3.29      0    148.1    1.77    3.32      0
      524288        131072     float     sum      -1    240.5    2.18    4.09      0    242.3    2.16    4.06      0
     1048576        262144     float     sum      -1    455.8    2.30    4.31      0    453.9    2.31    4.33      0
     2097152        524288     float     sum      -1    231.1    9.07   17.02      0    237.4    8.83   16.56      0
     4194304       1048576     float     sum      -1    367.2   11.42   21.42      0    373.3   11.23   21.06      0
     8388608       2097152     float     sum      -1    616.6   13.60   25.51      0    629.2   13.33   25.00      0
    16777216       4194304     float     sum      -1   1425.8   11.77   22.06      0   1403.8   11.95   22.41      0
    33554432       8388608     float     sum      -1   1480.5   22.66   42.50      0   1478.8   22.69   42.55      0
    67108864      16777216     float     sum      -1   1652.6   40.61   76.14      0   1665.8   40.29   75.54      0
   134217728      33554432     float     sum      -1   3202.5   41.91   78.58      0   3228.3   41.58   77.95      0
   268435456      67108864     float     sum      -1   6394.1   41.98   78.72      0   6430.6   41.74   78.27      0
   536870912     134217728     float     sum      -1    13381   40.12   75.23      0    13375   40.14   75.26      0
  1073741824     268435456     float     sum      -1    27041   39.71   74.45      0    26624   40.33   75.62      0
  2147483648     536870912     float     sum      -1    54135   39.67   74.38      0    54165   39.65   74.34      0
  4294967296    1073741824     float     sum      -1   108391   39.62   74.30      0   108516   39.58   74.21      0
           8             2     float     sum      -1    25.51    0.00    0.00      0    25.13    0.00    0.00      0
          16             4     float     sum      -1    24.92    0.00    0.00      0    24.93    0.00    0.00      0
          32             8     float     sum      -1    25.52    0.00    0.00      0    25.57    0.00    0.00      0
          64            16     float     sum      -1    27.84    0.00    0.00      0    27.70    0.00    0.00      0
         128            32     float     sum      -1    28.40    0.00    0.01      0    28.14    0.00    0.01      0
         256            64     float     sum      -1    28.96    0.01    0.02      0    28.89    0.01    0.02      0
         512           128     float     sum      -1    29.71    0.02    0.03      0    29.11    0.02    0.03      0
        1024           256     float     sum      -1    30.97    0.03    0.06      0    30.59    0.03    0.06      0
        2048           512     float     sum      -1    32.35    0.06    0.12      0    31.84    0.06    0.12      0
        4096          1024     float     sum      -1    62.94    0.07    0.12      0    62.66    0.07    0.12      0
        8192          2048     float     sum      -1    63.42    0.13    0.24      0    62.33    0.13    0.25      0
       16384          4096     float     sum      -1    64.36    0.25    0.48      0    63.56    0.26    0.48      0
       32768          8192     float     sum      -1    68.40    0.48    0.90      0    68.01    0.48    0.90      0
       65536         16384     float     sum      -1    73.45    0.89    1.67      0    72.35    0.91    1.70      0
      131072         32768     float     sum      -1    144.5    0.91    1.70      0    143.1    0.92    1.72      0
      262144         65536     float     sum      -1    148.4    1.77    3.31      0    148.2    1.77    3.32      0
      524288        131072     float     sum      -1    240.0    2.18    4.10      0    241.9    2.17    4.06      0
     1048576        262144     float     sum      -1    447.2    2.34    4.40      0    449.5    2.33    4.37      0
     2097152        524288     float     sum      -1    233.9    8.96   16.81      0    238.2    8.80   16.51      0
     4194304       1048576     float     sum      -1    366.5   11.44   21.46      0    374.2   11.21   21.01      0
     8388608       2097152     float     sum      -1    624.9   13.42   25.17      0    606.5   13.83   25.94      0
    16777216       4194304     float     sum      -1   1426.1   11.76   22.06      0   1413.2   11.87   22.26      0
    33554432       8388608     float     sum      -1   1481.1   22.66   42.48      0   1474.2   22.76   42.68      0
    67108864      16777216     float     sum      -1   1660.2   40.42   75.79      0   1659.6   40.44   75.82      0
   134217728      33554432     float     sum      -1   3204.9   41.88   78.52      0   3228.3   41.58   77.95      0
   268435456      67108864     float     sum      -1   6391.7   42.00   78.75      0   6391.8   42.00   78.74      0
   536870912     134217728     float     sum      -1    13329   40.28   75.52      0    13381   40.12   75.23      0
  1073741824     268435456     float     sum      -1    26639   40.31   75.58      0    26746   40.15   75.27      0
  2147483648     536870912     float     sum      -1    54106   39.69   74.42      0    54276   39.57   74.19      0
  4294967296    1073741824     float     sum      -1   108397   39.62   74.29      0   108494   39.59   74.23      0
