        size         count      type   redop    root     time   algbw   busbw #wrong     time   algbw   busbw #wrong
         (B)    (elements)                               (us)  (GB/s)  (GB/s)            (us)  (GB/s)  (GB/s)       
           8             2     float     sum      -1    31.41    0.00    0.00      0    29.97    0.00    0.00      0
          16             4     float     sum      -1    30.27    0.00    0.00      0    29.68    0.00    0.00      0
          32             8     float     sum      -1    29.76    0.00    0.00      0    30.56    0.00    0.00      0
          64            16     float     sum      -1    34.17    0.00    0.00      0    33.80    0.00    0.00      0
         128            32     float     sum      -1    61.61    0.00    0.00      0    61.46    0.00    0.00      0
         256            64     float     sum      -1    68.69    0.00    0.01      0    62.64    0.00    0.01      0
         512           128     float     sum      -1    64.41    0.01    0.02      0    63.77    0.01    0.02      0
        1024           256     float     sum      -1    66.00    0.02    0.03      0    64.27    0.02    0.03      0
        2048           512     float     sum      -1    68.38    0.03    0.06      0    67.42    0.03    0.06      0
        4096          1024     float     sum      -1    75.55    0.05    0.11      0    74.86    0.05    0.11      0
        8192          2048     float     sum      -1    81.85    0.10    0.19      0    79.66    0.10    0.20      0
       16384          4096     float     sum      -1    90.51    0.18    0.35      0    87.05    0.19    0.36      0
       32768          8192     float     sum      -1    98.69    0.33    0.64      0    101.2    0.32    0.63      0
       65536         16384     float     sum      -1    120.9    0.54    1.05      0    123.8    0.53    1.03      0
      131072         32768     float     sum      -1    181.9    0.72    1.40      0    179.8    0.73    1.41      0
      262144         65536     float     sum      -1    543.0    0.48    0.94      0    556.0    0.47    0.91      0
      524288        131072     float     sum      -1    859.3    0.61    1.18      0    858.7    0.61    1.18      0
     1048576        262144     float     sum      -1    574.3    1.83    3.54      0    555.8    1.89    3.66      0
     2097152        524288     float     sum      -1    745.5    2.81    5.45      0    713.2    2.94    5.70      0
     4194304       1048576     float     sum      -1   1024.0    4.10    7.94      0   1025.2    4.09    7.93      0
     8388608       2097152     float     sum      -1   1635.5    5.13    9.94      0   1635.2    5.13    9.94      0
    16777216       4194304     float     sum      -1    12940    1.30    2.51      0    12909    1.30    2.52      0
    33554432       8388608     float     sum      -1    23640    1.42    2.75      0    23386    1.43    2.78      0
    67108864      16777216     float     sum      -1    29893    2.25    4.35      0    30521    2.20    4.26      0
   134217728      33554432     float     sum      -1    28536    4.70    9.11      0    29599    4.53    8.79      0
   268435456      67108864     float     sum      -1    36097    7.44   14.41      0    34494    7.78   15.08      0
   536870912     134217728     float     sum      -1    46538   11.54   22.35      0    44316   12.11   23.47      0
  1073741824     268435456     float     sum      -1    55299   19.42   37.62      0    55965   19.19   37.17      0
  2147483648     536870912     float     sum      -1   123564   17.38   33.67      0   122203   17.57   34.05      0
  4294967296    1073741824     float     sum      -1   215543   19.93   38.61      0   215639   19.92   38.59      0
           8             2     float     sum      -1    43.27    0.00    0.00      0    30.66    0.00    0.00      0
          16             4     float     sum      -1    30.67    0.00    0.00      0    30.19    0.00    0.00      0
          32             8     float     sum      -1    31.15    0.00    0.00      0    30.79    0.00    0.00      0
          64            16     float     sum      -1    34.97    0.00    0.00      0    34.67    0.00    0.00      0
         128            32     float     sum      -1    63.73    0.00    0.00      0    63.11    0.00    0.00      0
         256            64     float     sum      -1    65.55    0.00    0.01      0    63.12    0.00    0.01      0
         512           128     float     sum      -1    65.16    0.01    0.02      0    64.82    0.01    0.02      0
        1024           256     float     sum      -1    66.96    0.02    0.03      0    65.98    0.02    0.03      0
        2048           512     float     sum      -1    69.89    0.03    0.06      0    69.62    0.03    0.06      0
        4096          1024     float     sum      -1    77.23    0.05    0.10      0    76.35    0.05    0.10      0
        8192          2048     float     sum      -1    82.19    0.10    0.19      0    81.36    0.10    0.20      0
       16384          4096     float     sum      -1    84.15    0.19    0.38      0    83.06    0.20    0.38      0
       32768          8192     float     sum      -1    96.25    0.34    0.66      0    90.81    0.36    0.70      0
       65536         16384     float     sum      -1    145.6    0.45    0.87      0    152.3    0.43    0.83      0
      131072         32768     float     sum      -1    191.8    0.68    1.32      0    174.8    0.75    1.45      0
      262144         65536     float     sum      -1    564.3    0.46    0.90      0    554.9    0.47    0.92      0
      524288        131072     float     sum      -1    869.9    0.60    1.17      0    827.0    0.63    1.23      0
     1048576        262144     float     sum      -1    575.9    1.82    3.53      0    589.2    1.78    3.45      0
     2097152        524288     float     sum      -1    717.7    2.92    5.66      0    720.6    2.91    5.64      0
     4194304       1048576     float     sum      -1   1034.6    4.05    7.85      0   1043.4    4.02    7.79      0
     8388608       2097152     float     sum      -1   1636.8    5.13    9.93      0   1627.7    5.15    9.98      0
    16777216       4194304     float     sum      -1    13758    1.22    2.36      0    13800    1.22    2.36      0
    33554432       8388608     float     sum      -1    23018    1.46    2.82      0    23036    1.46    2.82      0
    67108864      16777216     float     sum      -1    28908    2.32    4.50      0    26944    2.49    4.83      0
   134217728      33554432     float     sum      -1    29445    4.56    8.83      0    29321    4.58    8.87      0
   268435456      67108864     float     sum      -1    34182    7.85   15.22      0    33972    7.90   15.31      0
   536870912     134217728     float     sum      -1    45024   11.92   23.10      0    43724   12.28   23.79      0
  1073741824     268435456     float     sum      -1    56021   19.17   37.14      0    56012   19.17   37.14      0
  2147483648     536870912     float     sum      -1   123684   17.36   33.64      0   122277   17.56   34.03      0
  4294967296    1073741824     float     sum      -1   185125   23.20   44.95      0   121655   35.30   68.40      0
           8             2     float     sum      -1    31.64    0.00    0.00      0    30.74    0.00    0.00      0
          16             4     float     sum      -1    30.53    0.00    0.00      0    29.77    0.00    0.00      0
          32             8     float     sum      -1    30.25    0.00    0.00      0    30.13    0.00    0.00      0
          64            16     float     sum      -1    33.55    0.00    0.00      0    33.65    0.00    0.00      0
         128            32     float     sum      -1    61.95    0.00    0.00      0    61.22    0.00    0.00      0
         256            64     float     sum      -1    63.34    0.00    0.01      0    62.62    0.00    0.01      0
         512           128     float     sum      -1    63.85    0.01    0.02      0    63.95    0.01    0.02      0
        1024           256     float     sum      -1    65.32    0.02    0.03      0    64.58    0.02    0.03      0
        2048           512     float     sum      -1    68.33    0.03    0.06      0    68.02    0.03    0.06      0
        4096          1024     float     sum      -1    75.43    0.05    0.11      0    75.05    0.05    0.11      0
        8192          2048     float     sum      -1    76.75    0.11    0.21      0    75.22    0.11    0.21      0
       16384          4096     float     sum      -1    78.73    0.21    0.40      0    77.09    0.21    0.41      0
       32768          8192     float     sum      -1    84.31    0.39    0.75      0    82.61    0.40    0.77      0
       65536         16384     float     sum      -1    90.53    0.72    1.40      0    88.76    0.74    1.43      0
      131072         32768     float     sum      -1    102.0    1.29    2.49      0    101.2    1.30    2.51      0
      262144         65536     float     sum      -1    242.0    1.08    2.10      0    238.7    1.10    2.13      0
      524288        131072     float     sum      -1    259.7    2.02    3.91      0    253.2    2.07    4.01      0
     1048576        262144     float     sum      -1    231.2    4.54    8.79      0    231.3    4.53    8.78      0
     2097152        524288     float     sum      -1    310.0    6.77   13.11      0    308.7    6.79   13.16      0
     4194304       1048576     float     sum      -1    488.0    8.60   16.65      0    487.5    8.60   16.67      0
     8388608       2097152     float     sum      -1    838.2   10.01   19.39      0    832.2   10.08   19.53      0
    16777216       4194304     float     sum      -1   1993.5    8.42   16.31      0   1961.5    8.55   16.57      0
    33554432       8388608     float     sum      -1   2339.2   14.34   27.79      0   2339.3   14.34   27.79      0
    67108864      16777216     float     sum      -1   2479.5   27.07   52.44      0   2476.4   27.10   52.51      0
   134217728      33554432     float     sum      -1   3527.1   38.05   73.73      0   3527.8   38.05   73.71      0
   268435456      67108864     float     sum      -1   6933.1   38.72   75.02      0   6960.7   38.56   74.72      0
   536870912     134217728     float     sum      -1    14291   37.57   72.79      0    14672   36.59   70.90      0
  1073741824     268435456     float     sum      -1    30607   35.08   67.97      0    30087   35.69   69.14      0
  2147483648     536870912     float     sum      -1    60378   35.57   68.91      0    62246   34.50   66.84      0
  4294967296    1073741824     float     sum      -1   121271   35.42   68.62      0   122195   35.15   68.10      0
           8             2     float     sum      -1    31.45    0.00    0.00      0    30.37    0.00    0.00      0
          16             4     float     sum      -1    30.40    0.00    0.00      0    29.74    0.00    0.00      0
          32             8     float     sum      -1    29.70    0.00    0.00      0    29.83    0.00    0.00      0
          64            16     float     sum      -1    34.30    0.00    0.00      0    33.72    0.00    0.00      0
         128            32     float     sum      -1    62.25    0.00    0.00      0    61.57    0.00    0.00      0
         256            64     float     sum      -1    62.94    0.00    0.01      0    62.45    0.00    0.01      0
         512           128     float     sum      -1    63.67    0.01    0.02      0    63.59    0.01    0.02      0
        1024           256     float     sum      -1    64.79    0.02    0.03      0    64.64    0.02    0.03      0
        2048           512     float     sum      -1    67.93    0.03    0.06      0    67.80    0.03    0.06      0
        4096          1024     float     sum      -1    76.13    0.05    0.10      0    74.96    0.05    0.11      0
        8192          2048     float     sum      -1    76.70    0.11    0.21      0    75.52    0.11    0.21      0
       16384          4096     float     sum      -1    78.27    0.21    0.41      0    77.16    0.21    0.41      0
       32768          8192     float     sum      -1    84.02    0.39    0.76      0    82.38    0.40    0.77      0
       65536         16384     float     sum      -1    92.32    0.71    1.38      0    89.84    0.73    1.41      0
      131072         32768     float     sum      -1    103.0    1.27    2.47      0    101.1    1.30    2.51      0
      262144         65536     float     sum      -1    241.7    1.08    2.10      0    239.6    1.09    2.12      0
      524288        131072     float     sum      -1    253.1    2.07    4.01      0    251.9    2.08    4.03      0
     1048576        262144     float     sum      -1    231.2    4.54    8.79      0    232.7    4.51    8.73      0
     2097152        524288     float     sum      -1    308.1    6.81   13.19      0    308.0    6.81   13.19      0
     4194304       1048576     float     sum      -1    487.7    8.60   16.66      0    487.2    8.61   16.68      0
     8388608       2097152     float     sum      -1    837.3   10.02   19.41      0    836.4   10.03   19.43      0
    16777216       4194304     float     sum      -1   1992.3    8.42   16.32      0   1958.7    8.57   16.60      0
    33554432       8388608     float     sum      -1   2341.0   14.33   27.77      0   2338.8   14.35   27.80      0
    67108864      16777216     float     sum      -1   2475.8   27.11   52.52      0   2477.2   27.09   52.49      0
   134217728      33554432     float     sum      -1   3525.3   38.07   73.76      0   3544.0   37.87   73.38      0
   268435456      67108864     float     sum      -1   6912.7   38.83   75.24      0   6898.3   38.91   75.39      0
   536870912     134217728     float     sum      -1    14486   37.06   71.81      0    14509   37.00   71.69      0
  1073741824     268435456     float     sum      -1    29800   36.03   69.81      0    29406   36.51   70.75      0
  2147483648     536870912     float     sum      -1    62646   34.28   66.42      0    62464   34.38   66.61      0
  4294967296    1073741824     float     sum      -1   121668   35.30   68.40      0   123663   34.73   67.29      0
           8             2     float     sum      -1    30.60    0.00    0.00      0    30.21    0.00    0.00      0
          16             4     float     sum      -1    29.69    0.00    0.00      0    29.52    0.00    0.00      0
          32             8     float     sum      -1    30.21    0.00    0.00      0    30.09    0.00    0.00      0
          64            16     float     sum      -1    34.14    0.00    0.00      0    34.24    0.00    0.00      0
         128            32     float     sum      -1    62.39    0.00    0.00      0    61.74    0.00    0.00      0
         256            64     float     sum      -1    63.24    0.00    0.01      0    62.29    0.00    0.01      0
         512           128     float     sum      -1    64.65    0.01    0.02      0    63.87    0.01    0.02      0
        1024           256     float     sum      -1    65.66    0.02    0.03      0    64.48    0.02    0.03      0
        2048           512     float     sum      -1    68.64    0.03    0.06      0    68.03    0.03    0.06      0
        4096          1024     float     sum      -1    75.87    0.05    0.10      0    74.04    0.06    0.11      0
        8192          2048     float     sum      -1    76.20    0.11    0.21      0    75.85    0.11    0.21      0
       16384          4096     float     sum      -1    78.16    0.21    0.41      0    76.42    0.21    0.42      0
       32768          8192     float     sum      -1    83.33    0.39    0.76      0    82.72    0.40    0.77      0
       65536         16384     float     sum      -1    91.90    0.71    1.38      0    89.52    0.73    1.42      0
      131072         32768     float     sum      -1    102.9    1.27    2.47      0    101.0    1.30    2.51      0
      262144         65536     float     sum      -1    242.9    1.08    2.09      0    240.1    1.09    2.12      0
      524288        131072     float     sum      -1    253.7    2.07    4.00      0    251.5    2.08    4.04      0
     1048576        262144     float     sum      -1    231.0    4.54    8.80      0    230.4    4.55    8.82      0
     2097152        524288     float     sum      -1    309.0    6.79   13.15      0    308.1    6.81   13.19      0
     4194304       1048576     float     sum      -1    489.5    8.57   16.60      0    487.1    8.61   16.68      0
     8388608       2097152     float     sum      -1    839.9    9.99   19.35      0    835.1   10.05   19.46      0
    16777216       4194304     float     sum      -1   1995.3    8.41   16.29      0   1968.7    8.52   16.51      0
    33554432       8388608     float     sum      -1   2346.5   14.30   27.71      0   2343.4   14.32   27.74      0
    67108864      16777216     float     sum      -1   2483.9   27.02   52.35      0   2482.6   27.03   52.37      0
   134217728      33554432     float     sum      -1   3528.5   38.04   73.70      0   3516.8   38.16   73.94      0
   268435456      67108864     float     sum      -1   6977.3   38.47   74.54      0   6929.6   38.74   75.05      0
   536870912     134217728     float     sum      -1    14364   37.38   72.42      0    14487   37.06   71.80      0
  1073741824     268435456     float     sum      -1    29575   36.31   70.34      0    29693   36.16   70.06      0
  2147483648     536870912     float     sum      -1    62180   34.54   66.92      0    61721   34.79   67.41      0
  4294967296    1073741824     float     sum      -1   121756   35.28   68.35      0   121604   35.32   68.43      0
           8             2     float     sum      -1    31.10    0.00    0.00      0    29.93    0.00    0.00      0
          16             4     float     sum      -1    29.62    0.00    0.00      0    29.77    0.00    0.00      0
          32             8     float     sum      -1    29.94    0.00    0.00      0    29.97    0.00    0.00      0
          64            16     float     sum      -1    33.94    0.00    0.00      0    33.70    0.00    0.00      0
         128            32     float     sum      -1    62.26    0.00    0.00      0    61.41    0.00    0.00      0
         256            64     float     sum      -1    62.93    0.00    0.01      0    62.34    0.00    0.01      0
         512           128     float     sum      -1    63.63    0.01    0.02      0    63.70    0.01    0.02      0
        1024           256     float     sum      -1    65.99    0.02    0.03      0    64.79    0.02    0.03      0
        2048           512     float     sum      -1    68.65    0.03    0.06      0    68.44    0.03    0.06      0
        4096          1024     float     sum      -1    75.68    0.05    0.10      0    74.74    0.05    0.11      0
        8192          2048     float     sum      -1    77.03    0.11    0.21      0    76.18    0.11    0.21      0
       16384          4096     float     sum      -1    78.78    0.21    0.40      0    75.97    0.22    0.42      0
       32768          8192     float     sum      -1    83.34    0.39    0.76      0    82.49    0.40    0.77      0
       65536         16384     float     sum      -1    91.53    0.72    1.39      0    89.55    0.73    1.42      0
      131072         32768     float     sum      -1    103.1    1.27    2.46      0    101.5    1.29    2.50      0
      262144         65536     float     sum      -1    242.1    1.08    2.10      0    239.2    1.10    2.12      0
      524288        131072     float     sum      -1    254.0    2.06    4.00      0    251.9    2.08    4.03      0
     1048576        262144     float     sum      -1    231.2    4.54    8.79      0    231.8    4.52    8.77      0
     2097152        524288     float     sum      -1    309.4    6.78   13.13      0    309.9    6.77   13.11      0
     4194304       1048576     float     sum      -1    487.1    8.61   16.68      0    487.4    8.61   16.67      0
     8388608       2097152     float     sum      -1    845.8    9.92   19.22      0    847.6    9.90   19.18      0
    16777216       4194304     float     sum      -1   1998.7    8.39   16.26      0   1965.8    8.53   16.54      0
    33554432       8388608     float     sum      -1   2343.5   14.32   27.74      0   2336.9   14.36   27.82      0
    67108864      16777216     float     sum      -1   2476.6   27.10   52.50      0   2476.5   27.10   52.50      0
   134217728      33554432     float     sum      -1   3528.4   38.04   73.70      0   3518.0   38.15   73.92      0
   268435456      67108864     float     sum      -1   6930.9   38.73   75.04      0   6905.0   38.88   75.32      0
   536870912     134217728     float     sum      -1    14171   37.89   73.40      0    14199   37.81   73.26      0
  1073741824     268435456     float     sum      -1    29523   36.37   70.47      0    29823   36.00   69.76      0
  2147483648     536870912     float     sum      -1    61397   34.98   67.77      0    61682   34.82   67.46      0
  4294967296    1073741824     float     sum      -1   122303   35.12   68.04      0   122674   35.01   67.83      0
           8             2     float     sum      -1    30.36    0.00    0.00      0    30.34    0.00    0.00      0
          16             4     float     sum      -1    29.77    0.00    0.00      0    29.33    0.00    0.00      0
          32             8     float     sum      -1    29.96    0.00    0.00      0    29.76    0.00    0.00      0
          64            16     float     sum      -1    34.08    0.00    0.00      0    34.00    0.00    0.00      0
         128            32     float     sum      -1    62.57    0.00    0.00      0    61.48    0.00    0.00      0
         256            64     float     sum      -1    62.52    0.00    0.01      0    61.84    0.00    0.01      0
         512           128     float     sum      -1    64.02    0.01    0.02      0    63.38    0.01    0.02      0
        1024           256     float     sum      -1    65.94    0.02    0.03      0    64.26    0.02    0.03      0
        2048           512     float     sum      -1    68.94    0.03    0.06      0    68.31    0.03    0.06      0
        4096          1024     float     sum      -1    75.39    0.05    0.11      0    74.07    0.06    0.11      0
        8192          2048     float     sum      -1    77.03    0.11    0.21      0    75.21    0.11    0.21      0
       16384          4096     float     sum      -1    78.46    0.21    0.40      0    76.08    0.22    0.42      0
       32768          8192     float     sum      -1    84.12    0.39    0.75      0    82.89    0.40    0.77      0
       65536         16384     float     sum      -1    91.07    0.72    1.39      0    89.60    0.73    1.42      0
      131072         32768     float     sum      -1    103.0    1.27    2.47      0    101.1    1.30    2.51      0
      262144         65536     float     sum      -1    241.0    1.09    2.11      0    240.2    1.09    2.11      0
      524288        131072     float     sum      -1    252.5    2.08    4.02      0    251.4    2.09    4.04      0
     1048576        262144     float     sum      -1    231.5    4.53    8.78      0    231.5    4.53    8.78      0
     2097152        524288     float     sum      -1    309.0    6.79   13.15      0    308.5    6.80   13.17      0
     4194304       1048576     float     sum      -1    487.8    8.60   16.66      0    487.8    8.60   16.66      0
     8388608       2097152     float     sum      -1    849.5    9.87   19.13      0    833.1   10.07   19.51      0
    16777216       4194304     float     sum      -1   1998.0    8.40   16.27      0   1967.3    8.53   16.52      0
    33554432       8388608     float     sum      -1   2344.9   14.31   27.73      0   2341.8   14.33   27.76      0
    67108864      16777216     float     sum      -1   2479.2   27.07   52.45      0   2477.5   27.09   52.48      0
   134217728      33554432     float     sum      -1   3517.8   38.15   73.92      0   3534.6   37.97   73.57      0
   268435456      67108864     float     sum      -1   6940.5   38.68   74.94      0   6938.0   38.69   74.96      0
   536870912     134217728     float     sum      -1    14561   36.87   71.44      0    14153   37.93   73.50      0
  1073741824     268435456     float     sum      -1    30159   35.60   68.98      0    30256   35.49   68.76      0
  2147483648     536870912     float     sum      -1    61895   34.70   67.22      0    60995   35.21   68.21      0
  4294967296    1073741824     float     sum      -1   121941   35.22   68.24      0   120505   35.64   69.06      0
           8             2     float     sum      -1    31.38    0.00    0.00      0    30.38    0.00    0.00      0
          16             4     float     sum      -1    30.04    0.00    0.00      0    29.50    0.00    0.00      0
          32             8     float     sum      -1    30.01    0.00    0.00      0    29.70    0.00    0.00      0
          64            16     float     sum      -1    33.98    0.00    0.00      0    33.35    0.00    0.00      0
         128            32     float     sum      -1    62.30    0.00    0.00      0    61.62    0.00    0.00      0
         256            64     float     sum      -1    62.82    0.00    0.01      0    62.68    0.00    0.01      0
         512           128     float     sum      -1    63.92    0.01    0.02      0    62.68    0.01    0.02      0
        1024           256     float     sum      -1    65.01    0.02    0.03      0    65.65    0.02    0.03      0
        2048           512     float     sum      -1    68.45    0.03    0.06      0    69.48    0.03    0.06      0
        4096          1024     float     sum      -1    75.25    0.05    0.11      0    73.58    0.06    0.11      0
        8192          2048     float     sum      -1    76.92    0.11    0.21      0    75.22    0.11    0.21      0
       16384          4096     float     sum      -1    77.27    0.21    0.41      0    76.19    0.22    0.42      0
       32768          8192     float     sum      -1    84.08    0.39    0.76      0    82.57    0.40    0.77      0
       65536         16384     float     sum      -1    92.12    0.71    1.38      0    89.14    0.74    1.42      0
      131072         32768     float     sum      -1    103.3    1.27    2.46      0    100.9    1.30    2.52      0
      262144         65536     float     sum      -1    241.1    1.09    2.11      0    240.0    1.09    2.12      0
      524288        131072     float     sum      -1    253.9    2.06    4.00      0    252.0    2.08    4.03      0
     1048576        262144     float     sum      -1    230.6    4.55    8.81      0    231.5    4.53    8.78      0
     2097152        524288     float     sum      -1    309.5    6.78   13.13      0    309.2    6.78   13.14      0
     4194304       1048576     float     sum      -1    487.5    8.60   16.67      0    486.9    8.61   16.69      0
     8388608       2097152     float     sum      -1    847.2    9.90   19.19      0    846.6    9.91   19.20      0
    16777216       4194304     float     sum      -1   1994.5    8.41   16.30      0   1967.5    8.53   16.52      0
    33554432       8388608     float     sum      -1   2343.6   14.32   27.74      0   2342.2   14.33   27.76      0
    67108864      16777216     float     sum      -1   2479.9   27.06   52.43      0   2480.6   27.05   52.42      0
   134217728      33554432     float     sum      -1   3544.7   37.86   73.36      0   3521.6   38.11   73.84      0
   268435456      67108864     float     sum      -1   6905.9   38.87   75.31      0   7002.2   38.34   74.28      0
   536870912     134217728     float     sum      -1    14242   37.70   73.04      0    14400   37.28   72.24      0
  1073741824     268435456     float     sum      -1    29990   35.80   69.37      0    29345   36.59   70.89      0
  2147483648     536870912     float     sum      -1    62128   34.57   66.97      0    61828   34.73   67.30      0
  4294967296    1073741824     float     sum      -1   122980   34.92   67.67      0   123561   34.76   67.35      0
           8             2     float     sum      -1    30.89    0.00    0.00      0    30.43    0.00    0.00      0
          16             4     float     sum      -1    30.30    0.00    0.00      0    30.45    0.00    0.00      0
          32             8     float     sum      -1    29.97    0.00    0.00      0    30.15    0.00    0.00      0
          64            16     float     sum      -1    34.29    0.00    0.00      0    33.90    0.00    0.00      0
         128            32     float     sum      -1    63.00    0.00    0.00      0    62.64    0.00    0.00      0
         256            64     float     sum      -1    64.31    0.00    0.01      0    63.67    0.00    0.01      0
         512           128     float     sum      -1    65.43    0.01    0.02      0    64.03    0.01    0.02      0
        1024           256     float     sum      -1    65.94    0.02    0.03      0    65.11    0.02    0.03      0
        2048           512     float     sum      -1    69.38    0.03    0.06      0    69.08    0.03    0.06      0
        4096          1024     float     sum      -1    76.83    0.05    0.10      0    75.19    0.05    0.11      0
        8192          2048     float     sum      -1    77.29    0.11    0.21      0    76.11    0.11    0.21      0
       16384          4096     float     sum      -1    78.73    0.21    0.40      0    77.46    0.21    0.41      0
       32768          8192     float     sum      -1    84.77    0.39    0.75      0    83.61    0.39    0.76      0
       65536         16384     float     sum      -1    92.67    0.71    1.37      0    90.04    0.73    1.41      0
      131072         32768     float     sum      -1    103.2    1.27    2.46      0    101.4    1.29    2.50      0
      262144         65536     float     sum      -1    243.6    1.08    2.09      0    240.9    1.09    2.11      0
      524288        131072     float     sum      -1    254.0    2.06    4.00      0    253.3    2.07    4.01      0
     1048576        262144     float     sum      -1    232.5    4.51    8.74      0    231.3    4.53    8.78      0
     2097152        524288     float     sum      -1    310.2    6.76   13.10      0    309.9    6.77   13.11      0
     4194304       1048576     float     sum      -1    488.5    8.59   16.64      0    487.7    8.60   16.66      0
     8388608       2097152     float     sum      -1    847.6    9.90   19.17      0    840.9    9.98   19.33      0
    16777216       4194304     float     sum      -1   1999.6    8.39   16.26      0   1965.3    8.54   16.54      0
    33554432       8388608     float     sum      -1   2344.1   14.31   27.73      0   2344.6   14.31   27.73      0
    67108864      16777216     float     sum      -1   2481.3   27.05   52.40      0   2481.5   27.04   52.40      0
   134217728      33554432     float     sum      -1   3520.7   38.12   73.86      0   3532.7   37.99   73.61      0
   268435456      67108864     float     sum      -1   6952.0   38.61   74.81      0   6948.4   38.63   74.85      0
   536870912     134217728     float     sum      -1    14485   37.06   71.81      0    14339   37.44   72.54      0
  1073741824     268435456     float     sum      -1    29374   36.55   70.82      0    30290   35.45   68.68      0
  2147483648     536870912     float     sum      -1    61542   34.89   67.61      0    62897   34.14   66.15      0
  4294967296    1073741824     float     sum      -1   122667   35.01   67.84      0   121395   35.38   68.55      0
           8             2     float     sum      -1    31.01    0.00    0.00      0    30.01    0.00    0.00      0
          16             4     float     sum      -1    29.92    0.00    0.00      0    29.65    0.00    0.00      0
          32             8     float     sum      -1    29.97    0.00    0.00      0    30.07    0.00    0.00      0
          64            16     float     sum      -1    33.94    0.00    0.00      0    33.72    0.00    0.00      0
         128            32     float     sum      -1    61.76    0.00    0.00      0    61.88    0.00    0.00      0
         256            64     float     sum      -1    63.00    0.00    0.01      0    61.96    0.00    0.01      0
         512           128     float     sum      -1    63.72    0.01    0.02      0    63.72    0.01    0.02      0
        1024           256     float     sum      -1    65.62    0.02    0.03      0    64.03    0.02    0.03      0
        2048           512     float     sum      -1    68.28    0.03    0.06      0    68.18    0.03    0.06      0
        4096          1024     float     sum      -1    75.81    0.05    0.10      0    74.82    0.05    0.11      0
        8192          2048     float     sum      -1    76.84    0.11    0.21      0    75.91    0.11    0.21      0
       16384          4096     float     sum      -1    78.21    0.21    0.41      0    76.13    0.22    0.42      0
       32768          8192     float     sum      -1    84.21    0.39    0.75      0    83.02    0.39    0.76      0
       65536         16384     float     sum      -1    91.69    0.71    1.38      0    89.31    0.73    1.42      0
      131072         32768     float     sum      -1    103.3    1.27    2.46      0    100.2    1.31    2.54      0
      262144         65536     float     sum      -1    242.6    1.08    2.09      0    239.3    1.10    2.12      0
      524288        131072     float     sum      -1    253.2    2.07    4.01      0    251.9    2.08    4.03      0
     1048576        262144     float     sum      -1    231.1    4.54    8.79      0    232.3    4.51    8.75      0
     2097152        524288     float     sum      -1    308.6    6.80   13.17      0    309.1    6.78   13.14      0
     4194304       1048576     float     sum      -1    488.0    8.60   16.65      0    486.9    8.61   16.69      0
     8388608       2097152     float     sum      -1    846.4    9.91   19.20      0    844.5    9.93   19.25      0
    16777216       4194304     float     sum      -1   1999.7    8.39   16.26      0   1966.6    8.53   16.53      0
    33554432       8388608     float     sum      -1   2344.2   14.31   27.73      0   2340.0   14.34   27.78      0
    67108864      16777216     float     sum      -1   2478.7   27.07   52.46      0   2474.7   27.12   52.54      0
   134217728      33554432     float     sum      -1   3516.4   38.17   73.95      0   3523.8   38.09   73.80      0
   268435456      67108864     float     sum      -1   6963.4   38.55   74.69      0   6935.4   38.70   74.99      0
   536870912     134217728     float     sum      -1    14343   37.43   72.52      0    14244   37.69   73.02      0
  1073741824     268435456     float     sum      -1    29740   36.10   69.95      0    30167   35.59   68.96      0
  2147483648     536870912     float     sum      -1    61736   34.78   67.40      0    61686   34.81   67.45      0
  4294967296    1073741824     float     sum      -1   122138   35.16   68.13      0   120359   35.68   69.14      0
