        size         count      type   redop    root     time   algbw   busbw #wrong     time   algbw   busbw #wrong
         (B)    (elements)                               (us)  (GB/s)  (GB/s)            (us)  (GB/s)  (GB/s)       
           8             2     float     sum      -1    164.5    0.00    0.00      0    143.7    0.00    0.00      0
          16             4     float     sum      -1   9410.8    0.00    0.00      0    83.57    0.00    0.00      0
          32             8     float     sum      -1    84.68    0.00    0.00      0    83.68    0.00    0.00      0
          64            16     float     sum      -1    91.96    0.00    0.00      0    96.85    0.00    0.00      0
         128            32     float     sum      -1    244.6    0.00    0.00      0    200.1    0.00    0.00      0
         256            64     float     sum      -1    206.1    0.00    0.00      0    198.8    0.00    0.00      0
         512           128     float     sum      -1    205.8    0.00    0.00      0    206.3    0.00    0.00      0
        1024           256     float     sum      -1    205.3    0.00    0.01      0    207.5    0.00    0.01      0
        2048           512     float     sum      -1    253.2    0.01    0.02      0    214.2    0.01    0.02      0
        4096          1024     float     sum      -1    236.5    0.02    0.03      0    228.1    0.02    0.04      0
        8192          2048     float     sum      -1    240.0    0.03    0.07      0    229.1    0.04    0.07      0
       16384          4096     float     sum      -1    235.5    0.07    0.14      0    234.2    0.07    0.14      0
       32768          8192     float     sum      -1    283.0    0.12    0.23      0    249.9    0.13    0.26      0
       65536         16384     float     sum      -1    266.4    0.25    0.49      0    257.7    0.25    0.51      0
      131072         32768     float     sum      -1    286.2    0.46    0.92      0    281.7    0.47    0.93      0
      262144         65536     float     sum      -1    370.1    0.71    1.42      0    449.0    0.58    1.17      0
      524288        131072     float     sum      -1    475.2    1.10    2.20      0    475.1    1.10    2.20      0
     1048576        262144     float     sum      -1    654.2    1.60    3.20      0    637.0    1.65    3.29      0
     2097152        524288     float     sum      -1    817.3    2.57    5.13      0    815.4    2.57    5.14      0
     4194304       1048576     float     sum      -1   1292.7    3.24    6.48      0   1311.5    3.20    6.39      0
     8388608       2097152     float     sum      -1   2229.7    3.76    7.52      0   2198.2    3.82    7.62      0
    16777216       4194304     float     sum      -1   3380.4    4.96    9.92      0   3376.4    4.97    9.93      0
    33554432       8388608     float     sum      -1   4176.9    8.03   16.05      0   4159.5    8.07   16.12      0
    67108864      16777216     float     sum      -1   6885.5    9.75   19.47      0   6785.5    9.89   19.76      0
   134217728      33554432     float     sum      -1    12263   10.94   21.87      0    12211   10.99   21.96      0
   268435456      67108864     float     sum      -1    17624   15.23   30.43      0    17588   15.26   30.49      0
   536870912     134217728     float     sum      -1    27067   19.84   39.63      0    27251   19.70   39.36      0
  1073741824     268435456     float     sum      -1    43090   24.92   49.79      0    43051   24.94   49.83      0
  2147483648     536870912     float     sum      -1    74106   28.98   57.90      0    73975   29.03   58.00      0
  4294967296    1073741824     float     sum      -1   110894   38.73   77.39      0   110981   38.70   77.32      0
           8             2     float     sum      -1    85.69    0.00    0.00      0    82.71    0.00    0.00      0
          16             4     float     sum      -1    81.68    0.00    0.00      0    81.75    0.00    0.00      0
          32             8     float     sum      -1    98.96    0.00    0.00      0    82.40    0.00    0.00      0
          64            16     float     sum      -1    91.49    0.00    0.00      0    90.84    0.00    0.00      0
         128            32     float     sum      -1    199.3    0.00    0.00      0    197.1    0.00    0.00      0
         256            64     float     sum      -1    205.6    0.00    0.00      0    198.8    0.00    0.00      0
         512           128     float     sum      -1    204.4    0.00    0.01      0    205.1    0.00    0.00      0
        1024           256     float     sum      -1    204.3    0.01    0.01      0    202.3    0.01    0.01      0
        2048           512     float     sum      -1    213.0    0.01    0.02      0    214.9    0.01    0.02      0
        4096          1024     float     sum      -1    230.5    0.02    0.04      0    227.2    0.02    0.04      0
        8192          2048     float     sum      -1    232.6    0.04    0.07      0    231.3    0.04    0.07      0
       16384          4096     float     sum      -1    236.5    0.07    0.14      0    241.5    0.07    0.14      0
       32768          8192     float     sum      -1    247.6    0.13    0.26      0    248.2    0.13    0.26      0
       65536         16384     float     sum      -1    261.2    0.25    0.50      0    257.8    0.25    0.51      0
      131072         32768     float     sum      -1    285.0    0.46    0.92      0    284.2    0.46    0.92      0
      262144         65536     float     sum      -1    362.8    0.72    1.44      0    355.7    0.74    1.47      0
      524288        131072     float     sum      -1    485.8    1.08    2.16      0    470.0    1.12    2.23      0
     1048576        262144     float     sum      -1    599.8    1.75    3.49      0    598.5    1.75    3.50      0
     2097152        524288     float     sum      -1    864.2    2.43    4.85      0    768.8    2.73    5.45      0
     4194304       1048576     float     sum      -1   1231.8    3.41    6.80      0   1228.5    3.41    6.82      0
     8388608       2097152     float     sum      -1   2135.7    3.93    7.85      0   2105.5    3.98    7.96      0
    16777216       4194304     float     sum      -1   3374.8    4.97    9.93      0   3368.8    4.98    9.95      0
    33554432       8388608     float     sum      -1   4191.9    8.00   15.99      0   4189.8    8.01   16.00      0
    67108864      16777216     float     sum      -1   6778.5    9.90   19.78      0   6800.2    9.87   19.72      0
   134217728      33554432     float     sum      -1    12309   10.90   21.79      0    12296   10.92   21.81      0
   268435456      67108864     float     sum      -1    17663   15.20   30.37      0    17632   15.22   30.42      0
   536870912     134217728     float     sum      -1    27047   19.85   39.66      0    27046   19.85   39.66      0
  1073741824     268435456     float     sum      -1    42950   25.00   49.95      0    42977   24.98   49.92      0
  2147483648     536870912     float     sum      -1    73980   29.03   58.00      0    74087   28.99   57.92      0
  4294967296    1073741824     float     sum      -1   112966   38.02   75.97      0   110982   38.70   77.32      0
           8             2     float     sum      -1    85.56    0.00    0.00      0    82.84    0.00    0.00      0
          16             4     float     sum      -1    82.25    0.00    0.00      0    81.15    0.00    0.00      0
          32             8     float     sum      -1    85.43    0.00    0.00      0    82.69    0.00    0.00      0
          64            16     float     sum      -1    91.49    0.00    0.00      0    91.89    0.00    0.00      0
         128            32     float     sum      -1    199.1    0.00    0.00      0    197.5    0.00    0.00      0
         256            64     float     sum      -1    206.4    0.00    0.00      0    204.4    0.00    0.00      0
         512           128     float     sum      -1    204.9    0.00    0.00      0    206.9    0.00    0.00      0
        1024           256     float     sum      -1    204.9    0.00    0.01      0    202.2    0.01    0.01      0
        2048           512     float     sum      -1    212.0    0.01    0.02      0    211.8    0.01    0.02      0
        4096          1024     float     sum      -1    229.9    0.02    0.04      0    227.4    0.02    0.04      0
        8192          2048     float     sum      -1    234.0    0.04    0.07      0    229.0    0.04    0.07      0
       16384          4096     float     sum      -1    234.7    0.07    0.14      0    235.6    0.07    0.14      0
       32768          8192     float     sum      -1    248.2    0.13    0.26      0    244.9    0.13    0.27      0
       65536         16384     float     sum      -1    259.7    0.25    0.50      0    255.4    0.26    0.51      0
      131072         32768     float     sum      -1    292.4    0.45    0.90      0    280.4    0.47    0.93      0
      262144         65536     float     sum      -1    374.2    0.70    1.40      0    416.0    0.63    1.26      0
      524288        131072     float     sum      -1    494.3    1.06    2.12      0    469.0    1.12    2.23      0
     1048576        262144     float     sum      -1    599.0    1.75    3.50      0    599.1    1.75    3.50      0
     2097152        524288     float     sum      -1    769.0    2.73    5.45      0    776.2    2.70    5.40      0
     4194304       1048576     float     sum      -1   1232.0    3.40    6.80      0   1246.2    3.37    6.72      0
     8388608       2097152     float     sum      -1   2108.2    3.98    7.95      0   2123.5    3.95    7.89      0
    16777216       4194304     float     sum      -1   3367.4    4.98    9.95      0   3376.0    4.97    9.93      0
    33554432       8388608     float     sum      -1   4183.9    8.02   16.02      0   4162.1    8.06   16.11      0
    67108864      16777216     float     sum      -1   6775.5    9.90   19.79      0   6785.5    9.89   19.76      0
   134217728      33554432     float     sum      -1    12304   10.91   21.80      0    12300   10.91   21.80      0
   268435456      67108864     float     sum      -1    17578   15.27   30.51      0    17619   15.24   30.44      0
   536870912     134217728     float     sum      -1    27068   19.83   39.63      0    26958   19.91   39.79      0
  1073741824     268435456     float     sum      -1    43074   24.93   49.81      0    64674   16.60   33.17      0
  2147483648     536870912     float     sum      -1    74010   29.02   57.98      0    74183   28.95   57.84      0
  4294967296    1073741824     float     sum      -1   114475   37.52   74.96      0   110872   38.74   77.40      0
           8             2     float     sum      -1    85.29    0.00    0.00      0    82.39    0.00    0.00      0
          16             4     float     sum      -1    89.23    0.00    0.00      0    85.63    0.00    0.00      0
          32             8     float     sum      -1    84.21    0.00    0.00      0    82.21    0.00    0.00      0
          64            16     float     sum      -1    91.25    0.00    0.00      0    92.48    0.00    0.00      0
         128            32     float     sum      -1    199.4    0.00    0.00      0    197.3    0.00    0.00      0
         256            64     float     sum      -1    205.9    0.00    0.00      0    198.3    0.00    0.00      0
         512           128     float     sum      -1    204.4    0.00    0.01      0    201.1    0.00    0.01      0
        1024           256     float     sum      -1    204.8    0.00    0.01      0    202.6    0.01    0.01      0
        2048           512     float     sum      -1    212.1    0.01    0.02      0    212.4    0.01    0.02      0
        4096          1024     float     sum      -1    230.0    0.02    0.04      0    226.6    0.02    0.04      0
        8192          2048     float     sum      -1    232.6    0.04    0.07      0    230.5    0.04    0.07      0
       16384          4096     float     sum      -1    234.8    0.07    0.14      0    231.4    0.07    0.14      0
       32768          8192     float     sum      -1    518.3    0.06    0.13      0    243.5    0.13    0.27      0
       65536         16384     float     sum      -1    269.1    0.24    0.49      0    263.0    0.25    0.50      0
      131072         32768     float     sum      -1    284.9    0.46    0.92      0    280.4    0.47    0.93      0
      262144         65536     float     sum      -1    358.4    0.73    1.46      0    362.9    0.72    1.44      0
      524288        131072     float     sum      -1    473.8    1.11    2.21      0    469.9    1.12    2.23      0
     1048576        262144     float     sum      -1    598.5    1.75    3.50      0    599.2    1.75    3.50      0
     2097152        524288     float     sum      -1    773.9    2.71    5.41      0    768.6    2.73    5.45      0
     4194304       1048576     float     sum      -1   1258.2    3.33    6.66      0   1228.8    3.41    6.82      0
     8388608       2097152     float     sum      -1   2104.0    3.99    7.97      0   2096.7    4.00    7.99      0
    16777216       4194304     float     sum      -1   3363.9    4.99    9.97      0   3372.3    4.97    9.94      0
    33554432       8388608     float     sum      -1   4187.0    8.01   16.01      0   4185.7    8.02   16.02      0
    67108864      16777216     float     sum      -1   6744.2    9.95   19.88      0   6734.8    9.96   19.91      0
   134217728      33554432     float     sum      -1    12348   10.87   21.72      0    12440   10.79   21.56      0
   268435456      67108864     float     sum      -1    29436    9.12   18.22      0    50431    5.32   10.64      0
   536870912     134217728     float     sum      -1    26967   19.91   39.78      0    27103   19.81   39.58      0
  1073741824     268435456     float     sum      -1    43027   24.96   49.86      0    43054   24.94   49.83      0
  2147483648     536870912     float     sum      -1   144850   14.83   29.62      0   127120   16.89   33.75      0
  4294967296    1073741824     float     sum      -1   114317   37.57   75.07      0   111747   38.43   76.79      0
           8             2     float     sum      -1    85.06    0.00    0.00      0    81.96    0.00    0.00      0
          16             4     float     sum      -1    82.08    0.00    0.00      0    82.83    0.00    0.00      0
          32             8     float     sum      -1    83.82    0.00    0.00      0    83.41    0.00    0.00      0
          64            16     float     sum      -1    91.46    0.00    0.00      0    91.55    0.00    0.00      0
         128            32     float     sum      -1    199.2    0.00    0.00      0    197.8    0.00    0.00      0
         256            64     float     sum      -1    205.9    0.00    0.00      0    198.3    0.00    0.00      0
         512           128     float     sum      -1    205.5    0.00    0.00      0    204.1    0.00    0.01      0
        1024           256     float     sum      -1    204.3    0.01    0.01      0    201.6    0.01    0.01      0
        2048           512     float     sum      -1    212.5    0.01    0.02      0    213.2    0.01    0.02      0
        4096          1024     float     sum      -1    228.1    0.02    0.04      0    226.3    0.02    0.04      0
        8192          2048     float     sum      -1    232.5    0.04    0.07      0    228.9    0.04    0.07      0
       16384          4096     float     sum      -1    235.5    0.07    0.14      0    231.3    0.07    0.14      0
       32768          8192     float     sum      -1    248.4    0.13    0.26      0    243.4    0.13    0.27      0
       65536         16384     float     sum      -1    260.5    0.25    0.50      0    257.5    0.25    0.51      0
      131072         32768     float     sum      -1    283.2    0.46    0.92      0    280.0    0.47    0.94      0
      262144         65536     float     sum      -1    360.1    0.73    1.45      0    354.5    0.74    1.48      0
      524288        131072     float     sum      -1    474.4    1.11    2.21      0    477.5    1.10    2.19      0
     1048576        262144     float     sum      -1    597.6    1.75    3.51      0    597.9    1.75    3.50      0
     2097152        524288     float     sum      -1    769.5    2.73    5.45      0    769.1    2.73    5.45      0
     4194304       1048576     float     sum      -1   1229.7    3.41    6.81      0   1230.9    3.41    6.81      0
     8388608       2097152     float     sum      -1   2107.3    3.98    7.95      0   2101.3    3.99    7.98      0
    16777216       4194304     float     sum      -1   3382.1    4.96    9.91      0   3358.5    5.00    9.98      0
    33554432       8388608     float     sum      -1   4185.3    8.02   16.02      0   4151.4    8.08   16.15      0
    67108864      16777216     float     sum      -1   6814.3    9.85   19.68      0   6810.1    9.85   19.69      0
   134217728      33554432     float     sum      -1    12208   10.99   21.97      0    12257   10.95   21.88      0
   268435456      67108864     float     sum      -1    17409   15.42   30.81      0    17668   15.19   30.36      0
   536870912     134217728     float     sum      -1    26975   19.90   39.77      0    27057   19.84   39.65      0
  1073741824     268435456     float     sum      -1    43106   24.91   49.77      0    43005   24.97   49.89      0
  2147483648     536870912     float     sum      -1    74190   28.95   57.84      0    74101   28.98   57.90      0
  4294967296    1073741824     float     sum      -1   111505   38.52   76.96      0   112388   38.22   76.36      0
           8             2     float     sum      -1    90.92    0.00    0.00      0    83.42    0.00    0.00      0
          16             4     float     sum      -1    81.86    0.00    0.00      0    80.98    0.00    0.00      0
          32             8     float     sum      -1    87.72    0.00    0.00      0    81.99    0.00    0.00      0
          64            16     float     sum      -1    92.39    0.00    0.00      0    91.32    0.00    0.00      0
         128            32     float     sum      -1    198.4    0.00    0.00      0    197.5    0.00    0.00      0
         256            64     float     sum      -1    206.6    0.00    0.00      0    200.3    0.00    0.00      0
         512           128     float     sum      -1    203.1    0.00    0.01      0    199.8    0.00    0.01      0
        1024           256     float     sum      -1    203.9    0.01    0.01      0    203.1    0.01    0.01      0
        2048           512     float     sum      -1    213.9    0.01    0.02      0    213.3    0.01    0.02      0
        4096          1024     float     sum      -1    229.8    0.02    0.04      0    226.9    0.02    0.04      0
        8192          2048     float     sum      -1    231.7    0.04    0.07      0    228.5    0.04    0.07      0
       16384          4096     float     sum      -1    235.1    0.07    0.14      0    231.3    0.07    0.14      0
       32768          8192     float     sum      -1    247.0    0.13    0.27      0    243.9    0.13    0.27      0
       65536         16384     float     sum      -1    265.5    0.25    0.49      0    255.9    0.26    0.51      0
      131072         32768     float     sum      -1    284.9    0.46    0.92      0    280.1    0.47    0.94      0
      262144         65536     float     sum      -1    362.4    0.72    1.45      0    356.6    0.74    1.47      0
      524288        131072     float     sum      -1    477.0    1.10    2.20      0    473.1    1.11    2.21      0
     1048576        262144     float     sum      -1    604.5    1.73    3.47      0    603.9    1.74    3.47      0
     2097152        524288     float     sum      -1    779.3    2.69    5.38      0    770.1    2.72    5.44      0
     4194304       1048576     float     sum      -1   1231.3    3.41    6.81      0   1229.6    3.41    6.82      0
     8388608       2097152     float     sum      -1   3882.9    2.16    4.32      0   3858.1    2.17    4.34      0
    16777216       4194304     float     sum      -1   5927.5    2.83    5.66      0   5952.4    2.82    5.63      0
    33554432       8388608     float     sum      -1   6959.0    4.82    9.63      0   7027.3    4.77    9.54      0
    67108864      16777216     float     sum      -1    11008    6.10   12.18      0    11182    6.00   11.99      0
   134217728      33554432     float     sum      -1    19024    7.06   14.10      0    19298    6.96   13.90      0
   268435456      67108864     float     sum      -1    30146    8.90   17.79      0    29737    9.03   18.04      0
   536870912     134217728     float     sum      -1    48685   11.03   22.03      0    48813   11.00   21.98      0
  1073741824     268435456     float     sum      -1    82352   13.04   26.05      0    46359   23.16   46.28      0
  2147483648     536870912     float     sum      -1    74146   28.96   57.87      0    73935   29.05   58.03      0
  4294967296    1073741824     float     sum      -1   112230   38.27   76.46      0   113025   38.00   75.93      0
           8             2     float     sum      -1    87.09    0.00    0.00      0    83.36    0.00    0.00      0
          16             4     float     sum      -1    82.28    0.00    0.00      0    82.28    0.00    0.00      0
          32             8     float     sum      -1    85.65    0.00    0.00      0    82.16    0.00    0.00      0
          64            16     float     sum      -1    90.89    0.00    0.00      0    91.60    0.00    0.00      0
         128            32     float     sum      -1    198.7    0.00    0.00      0    197.3    0.00    0.00      0
         256            64     float     sum      -1    205.3    0.00    0.00      0    198.8    0.00    0.00      0
         512           128     float     sum      -1    206.1    0.00    0.00      0    200.2    0.00    0.01      0
        1024           256     float     sum      -1    203.6    0.01    0.01      0    202.5    0.01    0.01      0
        2048           512     float     sum      -1    211.7    0.01    0.02      0    211.7    0.01    0.02      0
        4096          1024     float     sum      -1    229.1    0.02    0.04      0    228.2    0.02    0.04      0
        8192          2048     float     sum      -1    237.2    0.03    0.07      0    230.0    0.04    0.07      0
       16384          4096     float     sum      -1    235.3    0.07    0.14      0    238.6    0.07    0.14      0
       32768          8192     float     sum      -1    254.8    0.13    0.26      0    244.8    0.13    0.27      0
       65536         16384     float     sum      -1    261.9    0.25    0.50      0    256.6    0.26    0.51      0
      131072         32768     float     sum      -1    283.2    0.46    0.92      0    317.6    0.41    0.82      0
      262144         65536     float     sum      -1    373.4    0.70    1.40      0    361.6    0.72    1.45      0
      524288        131072     float     sum      -1    475.2    1.10    2.20      0    470.9    1.11    2.22      0
     1048576        262144     float     sum      -1    599.2    1.75    3.50      0    602.8    1.74    3.48      0
     2097152        524288     float     sum      -1    770.5    2.72    5.44      0    769.2    2.73    5.45      0
     4194304       1048576     float     sum      -1   1231.4    3.41    6.81      0   1229.1    3.41    6.82      0
     8388608       2097152     float     sum      -1   2104.7    3.99    7.96      0   2105.0    3.98    7.96      0
    16777216       4194304     float     sum      -1   3376.4    4.97    9.93      0   3378.3    4.97    9.92      0
    33554432       8388608     float     sum      -1   4207.6    7.97   15.93      0   4321.2    7.77   15.51      0
    67108864      16777216     float     sum      -1   6794.7    9.88   19.73      0   6841.0    9.81   19.60      0
   134217728      33554432     float     sum      -1    12201   11.00   21.98      0    12391   10.83   21.64      0
   268435456      67108864     float     sum      -1    17873   15.02   30.01      0    17418   15.41   30.79      0
   536870912     134217728     float     sum      -1    27057   19.84   39.65      0    26907   19.95   39.87      0
  1073741824     268435456     float     sum      -1    42974   24.99   49.92      0    43137   24.89   49.73      0
  2147483648     536870912     float     sum      -1    73947   29.04   58.03      0    73928   29.05   58.04      0
  4294967296    1073741824     float     sum      -1   112769   38.09   76.10      0   112207   38.28   76.48      0
           8             2     float     sum      -1    85.19    0.00    0.00      0    82.99    0.00    0.00      0
          16             4     float     sum      -1    81.29    0.00    0.00      0    82.05    0.00    0.00      0
          32             8     float     sum      -1    82.67    0.00    0.00      0    82.53    0.00    0.00      0
          64            16     float     sum      -1    91.11    0.00    0.00      0    91.73    0.00    0.00      0
         128            32     float     sum      -1    198.2    0.00    0.00      0    196.4    0.00    0.00      0
         256            64     float     sum      -1    205.8    0.00    0.00      0    199.8    0.00    0.00      0
         512           128     float     sum      -1    205.0    0.00    0.00      0    201.4    0.00    0.01      0
        1024           256     float     sum      -1    204.5    0.01    0.01      0    202.7    0.01    0.01      0
        2048           512     float     sum      -1    217.2    0.01    0.02      0    213.4    0.01    0.02      0
        4096          1024     float     sum      -1    229.6    0.02    0.04      0    227.2    0.02    0.04      0
        8192          2048     float     sum      -1    231.5    0.04    0.07      0    228.5    0.04    0.07      0
       16384          4096     float     sum      -1    237.2    0.07    0.14      0    233.2    0.07    0.14      0
       32768          8192     float     sum      -1    248.2    0.13    0.26      0    245.2    0.13    0.27      0
       65536         16384     float     sum      -1    261.2    0.25    0.50      0    257.9    0.25    0.51      0
      131072         32768     float     sum      -1    284.7    0.46    0.92      0    289.2    0.45    0.91      0
      262144         65536     float     sum      -1    362.6    0.72    1.44      0    379.7    0.69    1.38      0
      524288        131072     float     sum      -1    536.8    0.98    1.95      0    471.7    1.11    2.22      0
     1048576        262144     float     sum      -1    600.1    1.75    3.49      0    598.8    1.75    3.50      0
     2097152        524288     float     sum      -1    769.3    2.73    5.45      0    769.5    2.73    5.45      0
     4194304       1048576     float     sum      -1   1230.3    3.41    6.81      0   1230.6    3.41    6.81      0
     8388608       2097152     float     sum      -1   2104.0    3.99    7.97      0   2104.8    3.99    7.96      0
    16777216       4194304     float     sum      -1   3395.0    4.94    9.87      0   3362.1    4.99    9.97      0
    33554432       8388608     float     sum      -1   4146.2    8.09   16.17      0   4165.9    8.05   16.09      0
    67108864      16777216     float     sum      -1   7144.6    9.39   18.77      0   6815.3    9.85   19.67      0
   134217728      33554432     float     sum      -1    12258   10.95   21.88      0    12311   10.90   21.78      0
   268435456      67108864     float     sum      -1    17687   15.18   30.32      0    17526   15.32   30.60      0
   536870912     134217728     float     sum      -1    27109   19.80   39.57      0    27065   19.84   39.63      0
  1073741824     268435456     float     sum      -1    42910   25.02   50.00      0    43028   24.95   49.86      0
  2147483648     536870912     float     sum      -1    73880   29.07   58.08      0    74064   28.99   57.93      0
  4294967296    1073741824     float     sum      -1   112863   38.05   76.03      0   110780   38.77   77.46      0
           8             2     float     sum      -1    85.43    0.00    0.00      0    83.27    0.00    0.00      0
          16             4     float     sum      -1    81.51    0.00    0.00      0    82.19    0.00    0.00      0
          32             8     float     sum      -1    82.71    0.00    0.00      0    83.05    0.00    0.00      0
          64            16     float     sum      -1    91.93    0.00    0.00      0    92.19    0.00    0.00      0
         128            32     float     sum      -1    198.4    0.00    0.00      0    198.4    0.00    0.00      0
         256            64     float     sum      -1    205.5    0.00    0.00      0    197.8    0.00    0.00      0
         512           128     float     sum      -1    204.2    0.00    0.01      0    200.4    0.00    0.01      0
        1024           256     float     sum      -1    203.4    0.01    0.01      0    201.8    0.01    0.01      0
        2048           512     float     sum      -1    211.8    0.01    0.02      0    212.2    0.01    0.02      0
        4096          1024     float     sum      -1    229.5    0.02    0.04      0    225.8    0.02    0.04      0
        8192          2048     float     sum      -1    232.9    0.04    0.07      0    229.3    0.04    0.07      0
       16384          4096     float     sum      -1    235.4    0.07    0.14      0    239.8    0.07    0.14      0
       32768          8192     float     sum      -1    247.1    0.13    0.26      0    244.1    0.13    0.27      0
       65536         16384     float     sum      -1    261.4    0.25    0.50      0    256.4    0.26    0.51      0
      131072         32768     float     sum      -1    284.6    0.46    0.92      0    279.3    0.47    0.94      0
      262144         65536     float     sum      -1    358.9    0.73    1.46      0    356.8    0.73    1.47      0
      524288        131072     float     sum      -1    474.2    1.11    2.21      0    468.4    1.12    2.24      0
     1048576        262144     float     sum      -1    598.4    1.75    3.50      0    603.1    1.74    3.47      0
     2097152        524288     float     sum      -1    769.1    2.73    5.45      0    769.1    2.73    5.45      0
     4194304       1048576     float     sum      -1   1230.7    3.41    6.81      0   1228.3    3.41    6.82      0
     8388608       2097152     float     sum      -1   2106.6    3.98    7.96      0   2129.0    3.94    7.87      0
    16777216       4194304     float     sum      -1   3370.9    4.98    9.94      0   3361.1    4.99    9.97      0
    33554432       8388608     float     sum      -1   4167.7    8.05   16.09      0   4181.0    8.03   16.04      0
    67108864      16777216     float     sum      -1   6829.6    9.83   19.63      0   6853.6    9.79   19.56      0
   134217728      33554432     float     sum      -1    12097   11.10   22.17      0    12261   10.95   21.87      0
   268435456      67108864     float     sum      -1    17532   15.31   30.59      0    26841   10.00   19.98      0
   536870912     134217728     float     sum      -1    26942   19.93   39.81      0    27108   19.80   39.57      0
  1073741824     268435456     float     sum      -1    43073   24.93   49.81      0    43004   24.97   49.89      0
  2147483648     536870912     float     sum      -1    74046   29.00   57.95      0    74666   28.76   57.47      0
  4294967296    1073741824     float     sum      -1   110811   38.76   77.44      0   111049   38.68   77.28      0
           8             2     float     sum      -1    85.81    0.00    0.00      0    91.87    0.00    0.00      0
          16             4     float     sum      -1    81.99    0.00    0.00      0    81.79    0.00    0.00      0
          32             8     float     sum      -1    82.36    0.00    0.00      0    82.90    0.00    0.00      0
          64            16     float     sum      -1    91.54    0.00    0.00      0    93.18    0.00    0.00      0
         128            32     float     sum      -1    200.1    0.00    0.00      0    197.4    0.00    0.00      0
         256            64     float     sum      -1    204.7    0.00    0.00      0    200.0    0.00    0.00      0
         512           128     float     sum      -1    204.6    0.00    0.00      0    199.5    0.00    0.01      0
        1024           256     float     sum      -1    204.9    0.00    0.01      0    201.8    0.01    0.01      0
        2048           512     float     sum      -1    211.8    0.01    0.02      0    213.1    0.01    0.02      0
        4096          1024     float     sum      -1    229.9    0.02    0.04      0    228.3    0.02    0.04      0
        8192          2048     float     sum      -1    233.1    0.04    0.07      0    229.1    0.04    0.07      0
       16384          4096     float     sum      -1    235.9    0.07    0.14      0    231.6    0.07    0.14      0
       32768          8192     float     sum      -1    249.2    0.13    0.26      0    246.0    0.13    0.27      0
       65536         16384     float     sum      -1    261.0    0.25    0.50      0    275.0    0.24    0.48      0
      131072         32768     float     sum      -1    283.0    0.46    0.93      0    279.3    0.47    0.94      0
      262144         65536     float     sum      -1    358.5    0.73    1.46      0    357.0    0.73    1.47      0
      524288        131072     float     sum      -1    474.4    1.11    2.21      0    469.0    1.12    2.23      0
     1048576        262144     float     sum      -1    599.0    1.75    3.50      0    600.3    1.75    3.49      0
     2097152        524288     float     sum      -1    771.4    2.72    5.43      0    768.5    2.73    5.45      0
     4194304       1048576     float     sum      -1   1230.4    3.41    6.81      0   1230.6    3.41    6.81      0
     8388608       2097152     float     sum      -1   2109.2    3.98    7.95      0   2100.9    3.99    7.98      0
    16777216       4194304     float     sum      -1   3357.0    5.00    9.99      0   3472.5    4.83    9.65      0
    33554432       8388608     float     sum      -1   4183.6    8.02   16.03      0   4169.7    8.05   16.08      0
    67108864      16777216     float     sum      -1   6883.7    9.75   19.48      0   6797.2    9.87   19.73      0
   134217728      33554432     float     sum      -1    12286   10.92   21.83      0    12210   10.99   21.96      0
   268435456      67108864     float     sum      -1    17597   15.25   30.48      0    17776   15.10   30.17      0
   536870912     134217728     float     sum      -1    26977   19.90   39.76      0    27158   19.77   39.50      0
  1073741824     268435456     float     sum      -1    43586   24.64   49.22      0    43005   24.97   49.89      0
  2147483648     536870912     float     sum      -1    74190   28.95   57.84      0    74057   29.00   57.94      0
  4294967296    1073741824     float     sum      -1   110884   38.73   77.39      0   110823   38.76   77.43      0
