        size         count      type   redop    root     time   algbw   busbw #wrong     time   algbw   busbw #wrong
         (B)    (elements)                               (us)  (GB/s)  (GB/s)            (us)  (GB/s)  (GB/s)       
           8             2     float     sum      -1    25.81    0.00    0.00      0    25.43    0.00    0.00      0
          16             4     float     sum      -1    25.12    0.00    0.00      0    25.24    0.00    0.00      0
          32             8     float     sum      -1    25.16    0.00    0.00      0    25.62    0.00    0.00      0
          64            16     float     sum      -1    28.14    0.00    0.00      0    28.24    0.00    0.00      0
         128            32     float     sum      -1    51.77    0.00    0.00      0    51.11    0.00    0.00      0
         256            64     float     sum      -1    52.16    0.00    0.01      0    52.13    0.00    0.01      0
         512           128     float     sum      -1    52.78    0.01    0.02      0    52.26    0.01    0.02      0
        1024           256     float     sum      -1    53.58    0.02    0.04      0    53.19    0.02    0.04      0
        2048           512     float     sum      -1    55.96    0.04    0.07      0    55.98    0.04    0.07      0
        4096          1024     float     sum      -1    60.69    0.07    0.13      0    59.69    0.07    0.13      0
        8192          2048     float     sum      -1    61.69    0.13    0.25      0    60.32    0.14    0.25      0
       16384          4096     float     sum      -1    62.86    0.26    0.49      0    61.68    0.27    0.50      0
       32768          8192     float     sum      -1    66.78    0.49    0.92      0    65.43    0.50    0.94      0
       65536         16384     float     sum      -1    72.56    0.90    1.69      0    70.75    0.93    1.74      0
      131072         32768     float     sum      -1    134.4    0.98    1.83      0    135.9    0.96    1.81      0
      262144         65536     float     sum      -1    139.9    1.87    3.51      0    139.2    1.88    3.53      0
      524288        131072     float     sum      -1    251.8    2.08    3.90      0    206.2    2.54    4.77      0
     1048576        262144     float     sum      -1    372.3    2.82    5.28      0    368.3    2.85    5.34      0
     2097152        524288     float     sum      -1    233.6    8.98   16.83      0    236.5    8.87   16.62      0
     4194304       1048576     float     sum      -1    379.5   11.05   20.72      0    362.7   11.56   21.68      0
     8388608       2097152     float     sum      -1    640.5   13.10   24.56      0    630.2   13.31   24.96      0
    16777216       4194304     float     sum      -1   1177.6   14.25   26.71      0   1162.5   14.43   27.06      0
    33554432       8388608     float     sum      -1   1226.6   27.36   51.29      0   1228.1   27.32   51.23      0
    67108864      16777216     float     sum      -1   1783.8   37.62   70.54      0   1780.7   37.69   70.66      0
   134217728      33554432     float     sum      -1   3280.7   40.91   76.71      0   3315.6   40.48   75.90      0
   268435456      67108864     float     sum      -1   6613.8   40.59   76.10      0   6601.4   40.66   76.24      0
   536870912     134217728     float     sum      -1    13754   39.04   73.19      0    13987   38.38   71.97      0
  1073741824     268435456     float     sum      -1    27465   39.10   73.30      0    27550   38.97   73.08      0
  2147483648     536870912     float     sum      -1    55649   38.59   72.36      0    56117   38.27   71.75      0
  4294967296    1073741824     float     sum      -1   113018   38.00   71.25      0   110791   38.77   72.69      0
           8             2     float     sum      -1    26.30    0.00    0.00      0    25.51    0.00    0.00      0
          16             4     float     sum      -1    25.57    0.00    0.00      0    25.23    0.00    0.00      0
          32             8     float     sum      -1    25.58    0.00    0.00      0    25.77    0.00    0.00      0
          64            16     float     sum      -1    28.49    0.00    0.00      0    27.66    0.00    0.00      0
         128            32     float     sum      -1    51.74    0.00    0.00      0    51.30    0.00    0.00      0
         256            64     float     sum      -1    52.49    0.00    0.01      0    52.30    0.00    0.01      0
         512           128     float     sum      -1    53.23    0.01    0.02      0    52.54    0.01    0.02      0
        1024           256     float     sum      -1    54.03    0.02    0.04      0    53.79    0.02    0.04      0
        2048           512     float     sum      -1    56.18    0.04    0.07      0    55.53    0.04    0.07      0
        4096          1024     float     sum      -1    60.57    0.07    0.13      0    60.53    0.07    0.13      0
        8192          2048     float     sum      -1    62.22    0.13    0.25      0    60.61    0.14    0.25      0
       16384          4096     float     sum      -1    62.67    0.26    0.49      0    61.89    0.26    0.50      0
       32768          8192     float     sum      -1    67.59    0.48    0.91      0    65.61    0.50    0.94      0
       65536         16384     float     sum      -1    71.51    0.92    1.72      0    69.76    0.94    1.76      0
      131072         32768     float     sum      -1    135.6    0.97    1.81      0    134.0    0.98    1.83      0
      262144         65536     float     sum      -1    141.2    1.86    3.48      0    138.9    1.89    3.54      0
      524288        131072     float     sum      -1    208.7    2.51    4.71      0    207.6    2.53    4.73      0
     1048576        262144     float     sum      -1    371.1    2.83    5.30      0    382.6    2.74    5.14      0
     2097152        524288     float     sum      -1    238.8    8.78   16.47      0    239.2    8.77   16.44      0
     4194304       1048576     float     sum      -1    372.2   11.27   21.13      0    375.7   11.16   20.93      0
     8388608       2097152     float     sum      -1    635.6   13.20   24.74      0    637.7   13.15   24.66      0
    16777216       4194304     float     sum      -1   1176.3   14.26   26.74      0   1166.0   14.39   26.98      0
    33554432       8388608     float     sum      -1   1228.6   27.31   51.21      0   1225.7   27.38   51.33      0
    67108864      16777216     float     sum      -1   1787.9   37.53   70.38      0   1784.4   37.61   70.52      0
   134217728      33554432     float     sum      -1   3303.9   40.62   76.17      0   3298.0   40.70   76.31      0
   268435456      67108864     float     sum      -1   6667.4   40.26   75.49      0   6535.8   41.07   77.01      0
   536870912     134217728     float     sum      -1    13583   39.52   74.11      0    13819   38.85   72.84      0
  1073741824     268435456     float     sum      -1    27734   38.72   72.59      0    27581   38.93   72.99      0
  2147483648     536870912     float     sum      -1    55299   38.83   72.81      0    55969   38.37   71.94      0
  4294967296    1073741824     float     sum      -1   114363   37.56   70.42      0   110855   38.74   72.65      0
           8             2     float     sum      -1    25.72    0.00    0.00      0    25.43    0.00    0.00      0
          16             4     float     sum      -1    25.43    0.00    0.00      0    25.20    0.00    0.00      0
          32             8     float     sum      -1    25.55    0.00    0.00      0    25.52    0.00    0.00      0
          64            16     float     sum      -1    28.22    0.00    0.00      0    28.11    0.00    0.00      0
         128            32     float     sum      -1    52.34    0.00    0.00      0    51.22    0.00    0.00      0
         256            64     float     sum      -1    52.50    0.00    0.01      0    51.46    0.00    0.01      0
         512           128     float     sum      -1    52.53    0.01    0.02      0    52.52    0.01    0.02      0
        1024           256     float     sum      -1    53.98    0.02    0.04      0    53.03    0.02    0.04      0
        2048           512     float     sum      -1    56.18    0.04    0.07      0    55.94    0.04    0.07      0
        4096          1024     float     sum      -1    61.20    0.07    0.13      0    60.09    0.07    0.13      0
        8192          2048     float     sum      -1    61.98    0.13    0.25      0    60.91    0.13    0.25      0
       16384          4096     float     sum      -1    62.69    0.26    0.49      0    61.72    0.27    0.50      0
       32768          8192     float     sum      -1    66.61    0.49    0.92      0    65.56    0.50    0.94      0
       65536         16384     float     sum      -1    71.82    0.91    1.71      0    70.22    0.93    1.75      0
      131072         32768     float     sum      -1    135.7    0.97    1.81      0    134.5    0.97    1.83      0
      262144         65536     float     sum      -1    139.6    1.88    3.52      0    139.6    1.88    3.52      0
      524288        131072     float     sum      -1    207.2    2.53    4.74      0    207.3    2.53    4.74      0
     1048576        262144     float     sum      -1    380.0    2.76    5.17      0    367.9    2.85    5.34      0
     2097152        524288     float     sum      -1    234.8    8.93   16.75      0    237.0    8.85   16.59      0
     4194304       1048576     float     sum      -1    377.9   11.10   20.81      0    376.9   11.13   20.87      0
     8388608       2097152     float     sum      -1    628.8   13.34   25.02      0    633.6   13.24   24.82      0
    16777216       4194304     float     sum      -1   1180.6   14.21   26.65      0   1159.3   14.47   27.14      0
    33554432       8388608     float     sum      -1   1232.4   27.23   51.05      0   1230.2   27.28   51.14      0
    67108864      16777216     float     sum      -1   1777.3   37.76   70.80      0   1766.8   37.98   71.22      0
   134217728      33554432     float     sum      -1   3313.1   40.51   75.96      0   3294.9   40.73   76.38      0
   268435456      67108864     float     sum      -1   6587.6   40.75   76.40      0   6605.4   40.64   76.20      0
   536870912     134217728     float     sum      -1    13610   39.45   73.96      0    13746   39.06   73.23      0
  1073741824     268435456     float     sum      -1    27687   38.78   72.72      0    27992   38.36   71.92      0
  2147483648     536870912     float     sum      -1    55201   38.90   72.94      0    55916   38.41   72.01      0
  4294967296    1073741824     float     sum      -1   110849   38.75   72.65      0   111011   38.69   72.54      0
           8             2     float     sum      -1    25.84    0.00    0.00      0    25.45    0.00    0.00      0
          16             4     float     sum      -1    25.43    0.00    0.00      0    25.17    0.00    0.00      0
          32             8     float     sum      -1    25.43    0.00    0.00      0    25.61    0.00    0.00      0
          64            16     float     sum      -1    28.82    0.00    0.00      0    27.78    0.00    0.00      0
         128            32     float     sum      -1    52.00    0.00    0.00      0    51.50    0.00    0.00      0
         256            64     float     sum      -1    52.49    0.00    0.01      0    52.37    0.00    0.01      0
         512           128     float     sum      -1    53.02    0.01    0.02      0    52.27    0.01    0.02      0
        1024           256     float     sum      -1    53.96    0.02    0.04      0    53.10    0.02    0.04      0
        2048           512     float     sum      -1    56.68    0.04    0.07      0    55.79    0.04    0.07      0
        4096          1024     float     sum      -1    61.93    0.07    0.12      0    59.91    0.07    0.13      0
        8192          2048     float     sum      -1    62.34    0.13    0.25      0    61.15    0.13    0.25      0
       16384          4096     float     sum      -1    63.45    0.26    0.48      0    61.64    0.27    0.50      0
       32768          8192     float     sum      -1    66.84    0.49    0.92      0    65.76    0.50    0.93      0
       65536         16384     float     sum      -1    71.03    0.92    1.73      0    71.01    0.92    1.73      0
      131072         32768     float     sum      -1    135.8    0.97    1.81      0    134.7    0.97    1.83      0
      262144         65536     float     sum      -1    140.2    1.87    3.51      0    139.3    1.88    3.53      0
      524288        131072     float     sum      -1    207.7    2.52    4.73      0    206.6    2.54    4.76      0
     1048576        262144     float     sum      -1    371.2    2.82    5.30      0    367.8    2.85    5.35      0
     2097152        524288     float     sum      -1    240.2    8.73   16.37      0    237.2    8.84   16.58      0
     4194304       1048576     float     sum      -1    375.5   11.17   20.94      0    375.9   11.16   20.92      0
     8388608       2097152     float     sum      -1    643.0   13.05   24.46      0    639.9   13.11   24.58      0
    16777216       4194304     float     sum      -1   1181.3   14.20   26.63      0   1160.2   14.46   27.11      0
    33554432       8388608     float     sum      -1   1228.6   27.31   51.21      0   1229.1   27.30   51.19      0
    67108864      16777216     float     sum      -1   1769.1   37.93   71.13      0   1775.8   37.79   70.86      0
   134217728      33554432     float     sum      -1   3311.4   40.53   76.00      0   3308.9   40.56   76.06      0
   268435456      67108864     float     sum      -1   6606.7   40.63   76.18      0   6537.4   41.06   76.99      0
   536870912     134217728     float     sum      -1    13796   38.91   72.96      0    13600   39.48   74.02      0
  1073741824     268435456     float     sum      -1    28292   37.95   71.16      0    27845   38.56   72.30      0
  2147483648     536870912     float     sum      -1    58152   36.93   69.24      0    56091   38.29   71.79      0
  4294967296    1073741824     float     sum      -1   111218   38.62   72.41      0   110778   38.77   72.70      0
           8             2     float     sum      -1    26.10    0.00    0.00      0    25.47    0.00    0.00      0
          16             4     float     sum      -1    25.52    0.00    0.00      0    25.29    0.00    0.00      0
          32             8     float     sum      -1    25.90    0.00    0.00      0    25.64    0.00    0.00      0
          64            16     float     sum      -1    28.47    0.00    0.00      0    28.02    0.00    0.00      0
         128            32     float     sum      -1    51.76    0.00    0.00      0    51.84    0.00    0.00      0
         256            64     float     sum      -1    53.33    0.00    0.01      0    53.30    0.00    0.01      0
         512           128     float     sum      -1    54.46    0.01    0.02      0    53.83    0.01    0.02      0
        1024           256     float     sum      -1    55.60    0.02    0.03      0    54.27    0.02    0.04      0
        2048           512     float     sum      -1    56.58    0.04    0.07      0    56.44    0.04    0.07      0
        4096          1024     float     sum      -1    60.61    0.07    0.13      0    60.15    0.07    0.13      0
        8192          2048     float     sum      -1    62.03    0.13    0.25      0    61.24    0.13    0.25      0
       16384          4096     float     sum      -1    63.01    0.26    0.49      0    61.85    0.26    0.50      0
       32768          8192     float     sum      -1    66.41    0.49    0.93      0    65.82    0.50    0.93      0
       65536         16384     float     sum      -1    71.35    0.92    1.72      0    70.82    0.93    1.74      0
      131072         32768     float     sum      -1    134.4    0.98    1.83      0    134.6    0.97    1.83      0
      262144         65536     float     sum      -1    140.0    1.87    3.51      0    139.2    1.88    3.53      0
      524288        131072     float     sum      -1    208.0    2.52    4.73      0    207.6    2.53    4.74      0
     1048576        262144     float     sum      -1    437.2    2.40    4.50      0    368.5    2.85    5.34      0
     2097152        524288     float     sum      -1    239.7    8.75   16.40      0    239.6    8.75   16.41      0
     4194304       1048576     float     sum      -1    378.6   11.08   20.77      0    360.0   11.65   21.84      0
     8388608       2097152     float     sum      -1    639.4   13.12   24.60      0    632.5   13.26   24.87      0
    16777216       4194304     float     sum      -1   1179.2   14.23   26.68      0   1156.5   14.51   27.20      0
    33554432       8388608     float     sum      -1   1227.1   27.34   51.27      0   1226.0   27.37   51.32      0
    67108864      16777216     float     sum      -1   1777.9   37.75   70.77      0   1786.7   37.56   70.43      0
   134217728      33554432     float     sum      -1   3318.0   40.45   75.85      0   3290.9   40.78   76.47      0
   268435456      67108864     float     sum      -1   6580.9   40.79   76.48      0   6575.9   40.82   76.54      0
   536870912     134217728     float     sum      -1    13582   39.53   74.12      0    13837   38.80   72.75      0
  1073741824     268435456     float     sum      -1    27643   38.84   72.83      0    27911   38.47   72.13      0
  2147483648     536870912     float     sum      -1    55892   38.42   72.04      0    57139   37.58   70.47      0
  4294967296    1073741824     float     sum      -1   111675   38.46   72.11      0   110966   38.71   72.57      0
           8             2     float     sum      -1    25.62    0.00    0.00      0    25.36    0.00    0.00      0
          16             4     float     sum      -1    25.03    0.00    0.00      0    25.29    0.00    0.00      0
          32             8     float     sum      -1    25.80    0.00    0.00      0    25.81    0.00    0.00      0
          64            16     float     sum      -1    28.17    0.00    0.00      0    28.28    0.00    0.00      0
         128            32     float     sum      -1    51.69    0.00    0.00      0    51.41    0.00    0.00      0
         256            64     float     sum      -1    52.40    0.00    0.01      0    52.02    0.00    0.01      0
         512           128     float     sum      -1    53.47    0.01    0.02      0    52.71    0.01    0.02      0
        1024           256     float     sum      -1    53.66    0.02    0.04      0    53.00    0.02    0.04      0
        2048           512     float     sum      -1    56.34    0.04    0.07      0    55.80    0.04    0.07      0
        4096          1024     float     sum      -1    61.52    0.07    0.12      0    59.51    0.07    0.13      0
        8192          2048     float     sum      -1    62.45    0.13    0.25      0    61.17    0.13    0.25      0
       16384          4096     float     sum      -1    63.13    0.26    0.49      0    61.60    0.27    0.50      0
       32768          8192     float     sum      -1    66.58    0.49    0.92      0    65.84    0.50    0.93      0
       65536         16384     float     sum      -1    71.42    0.92    1.72      0    70.51    0.93    1.74      0
      131072         32768     float     sum      -1    134.9    0.97    1.82      0    134.1    0.98    1.83      0
      262144         65536     float     sum      -1    139.8    1.88    3.52      0    138.9    1.89    3.54      0
      524288        131072     float     sum      -1    208.4    2.52    4.72      0    207.2    2.53    4.74      0
     1048576        262144     float     sum      -1    370.6    2.83    5.31      0    367.3    2.85    5.35      0
     2097152        524288     float     sum      -1    238.6    8.79   16.48      0    238.3    8.80   16.50      0
     4194304       1048576     float     sum      -1    375.8   11.16   20.93      0    367.4   11.42   21.40      0
     8388608       2097152     float     sum      -1    635.0   13.21   24.77      0    619.6   13.54   25.39      0
    16777216       4194304     float     sum      -1   1176.3   14.26   26.74      0   1158.0   14.49   27.17      0
    33554432       8388608     float     sum      -1   1228.7   27.31   51.20      0   1227.3   27.34   51.26      0
    67108864      16777216     float     sum      -1   1788.1   37.53   70.37      0   1776.4   37.78   70.83      0
   134217728      33554432     float     sum      -1   3289.9   40.80   76.49      0   3295.9   40.72   76.35      0
   268435456      67108864     float     sum      -1   6574.5   40.83   76.56      0   6591.6   40.72   76.36      0
   536870912     134217728     float     sum      -1    13827   38.83   72.80      0    13953   38.48   72.14      0
  1073741824     268435456     float     sum      -1    28101   38.21   71.64      0    27309   39.32   73.72      0
  2147483648     536870912     float     sum      -1    56405   38.07   71.39      0    55669   38.58   72.33      0
  4294967296    1073741824     float     sum      -1   113345   37.89   71.05      0   111010   38.69   72.54      0
           8             2     float     sum      -1    25.72    0.00    0.00      0    25.54    0.00    0.00      0
          16             4     float     sum      -1    25.40    0.00    0.00      0    25.16    0.00    0.00      0
          32             8     float     sum      -1    25.37    0.00    0.00      0    25.18    0.00    0.00      0
          64            16     float     sum      -1    28.42    0.00    0.00      0    27.98    0.00    0.00      0
         128            32     float     sum      -1    52.06    0.00    0.00      0    51.62    0.00    0.00      0
         256            64     float     sum      -1    52.44    0.00    0.01      0    52.03    0.00    0.01      0
         512           128     float     sum      -1    53.20    0.01    0.02      0    52.45    0.01    0.02      0
        1024           256     float     sum      -1    54.07    0.02    0.04      0    53.65    0.02    0.04      0
        2048           512     float     sum      -1    56.94    0.04    0.07      0    56.02    0.04    0.07      0
        4096          1024     float     sum      -1    60.53    0.07    0.13      0    59.84    0.07    0.13      0
        8192          2048     float     sum      -1    61.71    0.13    0.25      0    60.74    0.13    0.25      0
       16384          4096     float     sum      -1    63.01    0.26    0.49      0    61.13    0.27    0.50      0
       32768          8192     float     sum      -1    66.94    0.49    0.92      0    65.68    0.50    0.94      0
       65536         16384     float     sum      -1    71.89    0.91    1.71      0    70.33    0.93    1.75      0
      131072         32768     float     sum      -1    136.0    0.96    1.81      0    134.9    0.97    1.82      0
      262144         65536     float     sum      -1    139.5    1.88    3.52      0    139.3    1.88    3.53      0
      524288        131072     float     sum      -1    208.2    2.52    4.72      0    206.9    2.53    4.75      0
     1048576        262144     float     sum      -1    369.9    2.83    5.32      0    366.8    2.86    5.36      0
     2097152        524288     float     sum      -1    236.3    8.88   16.64      0    238.6    8.79   16.48      0
     4194304       1048576     float     sum      -1    385.2   10.89   20.41      0    378.8   11.07   20.76      0
     8388608       2097152     float     sum      -1    634.0   13.23   24.81      0    632.0   13.27   24.89      0
    16777216       4194304     float     sum      -1   1179.2   14.23   26.68      0   1158.9   14.48   27.14      0
    33554432       8388608     float     sum      -1   1229.0   27.30   51.19      0   1227.8   27.33   51.24      0
    67108864      16777216     float     sum      -1   1782.7   37.64   70.58      0   1770.6   37.90   71.06      0
   134217728      33554432     float     sum      -1   3302.5   40.64   76.20      0   3317.1   40.46   75.87      0
   268435456      67108864     float     sum      -1   6546.3   41.01   76.89      0   6573.2   40.84   76.57      0
   536870912     134217728     float     sum      -1    13518   39.72   74.47      0    13819   38.85   72.84      0
  1073741824     268435456     float     sum      -1    27307   39.32   73.73      0    27179   39.51   74.08      0
  2147483648     536870912     float     sum      -1    56293   38.15   71.53      0    55236   38.88   72.90      0
  4294967296    1073741824     float     sum      -1   110615   38.83   72.80      0   111000   38.69   72.55      0
           8             2     float     sum      -1    25.88    0.00    0.00      0    25.43    0.00    0.00      0
          16             4     float     sum      -1    25.35    0.00    0.00      0    25.50    0.00    0.00      0
          32             8     float     sum      -1    25.77    0.00    0.00      0    25.75    0.00    0.00      0
          64            16     float     sum      -1    28.43    0.00    0.00      0    28.19    0.00    0.00      0
         128            32     float     sum      -1    51.80    0.00    0.00      0    51.40    0.00    0.00      0
         256            64     float     sum      -1    52.23    0.00    0.01      0    52.16    0.00    0.01      0
         512           128     float     sum      -1    52.93    0.01    0.02      0    52.67    0.01    0.02      0
        1024           256     float     sum      -1    53.99    0.02    0.04      0    53.74    0.02    0.04      0
        2048           512     float     sum      -1    55.63    0.04    0.07      0    56.14    0.04    0.07      0
        4096          1024     float     sum      -1    60.62    0.07    0.13      0    60.27    0.07    0.13      0
        8192          2048     float     sum      -1    62.41    0.13    0.25      0    61.06    0.13    0.25      0
       16384          4096     float     sum      -1    62.99    0.26    0.49      0    62.25    0.26    0.49      0
       32768          8192     float     sum      -1    66.31    0.49    0.93      0    65.93    0.50    0.93      0
       65536         16384     float     sum      -1    71.94    0.91    1.71      0    70.33    0.93    1.75      0
      131072         32768     float     sum      -1    134.8    0.97    1.82      0    134.7    0.97    1.82      0
      262144         65536     float     sum      -1    140.4    1.87    3.50      0    138.9    1.89    3.54      0
      524288        131072     float     sum      -1    208.3    2.52    4.72      0    209.5    2.50    4.69      0
     1048576        262144     float     sum      -1    371.5    2.82    5.29      0    368.2    2.85    5.34      0
     2097152        524288     float     sum      -1    238.5    8.79   16.48      0    238.4    8.80   16.49      0
     4194304       1048576     float     sum      -1    375.6   11.17   20.94      0    372.9   11.25   21.09      0
     8388608       2097152     float     sum      -1    639.9   13.11   24.58      0    631.9   13.28   24.89      0
    16777216       4194304     float     sum      -1   1178.7   14.23   26.69      0   1158.4   14.48   27.15      0
    33554432       8388608     float     sum      -1   1227.8   27.33   51.24      0   1226.9   27.35   51.28      0
    67108864      16777216     float     sum      -1   1796.6   37.35   70.04      0   1788.2   37.53   70.37      0
   134217728      33554432     float     sum      -1   3312.9   40.51   75.96      0   3286.8   40.84   76.57      0
   268435456      67108864     float     sum      -1   6518.0   41.18   77.22      0   6680.0   40.18   75.35      0
   536870912     134217728     float     sum      -1    13724   39.12   73.35      0    13663   39.29   73.68      0
  1073741824     268435456     float     sum      -1    27643   38.84   72.83      0    28160   38.13   71.49      0
  2147483648     536870912     float     sum      -1    56751   37.84   70.95      0    55318   38.82   72.79      0
  4294967296    1073741824     float     sum      -1   112539   38.16   71.56      0   110788   38.77   72.69      0
           8             2     float     sum      -1    25.68    0.00    0.00      0    25.78    0.00    0.00      0
          16             4     float     sum      -1    25.25    0.00    0.00      0    25.08    0.00    0.00      0
          32             8     float     sum      -1    25.28    0.00    0.00      0    25.64    0.00    0.00      0
          64            16     float     sum      -1    28.49    0.00    0.00      0    28.28    0.00    0.00      0
         128            32     float     sum      -1    52.19    0.00    0.00      0    51.55    0.00    0.00      0
         256            64     float     sum      -1    52.63    0.00    0.01      0    51.83    0.00    0.01      0
         512           128     float     sum      -1    52.53    0.01    0.02      0    52.82    0.01    0.02      0
        1024           256     float     sum      -1    54.06    0.02    0.04      0    53.50    0.02    0.04      0
        2048           512     float     sum      -1    56.01    0.04    0.07      0    56.16    0.04    0.07      0
        4096          1024     float     sum      -1    61.16    0.07    0.13      0    59.91    0.07    0.13      0
        8192          2048     float     sum      -1    61.59    0.13    0.25      0    61.00    0.13    0.25      0
       16384          4096     float     sum      -1    62.91    0.26    0.49      0    61.77    0.27    0.50      0
       32768          8192     float     sum      -1    66.96    0.49    0.92      0    65.56    0.50    0.94      0
       65536         16384     float     sum      -1    71.54    0.92    1.72      0    70.65    0.93    1.74      0
      131072         32768     float     sum      -1    135.3    0.97    1.82      0    135.3    0.97    1.82      0
      262144         65536     float     sum      -1    139.7    1.88    3.52      0    139.0    1.89    3.54      0
      524288        131072     float     sum      -1    207.9    2.52    4.73      0    206.8    2.54    4.75      0
     1048576        262144     float     sum      -1    370.4    2.83    5.31      0    367.4    2.85    5.35      0
     2097152        524288     float     sum      -1    235.8    8.89   16.68      0    237.6    8.83   16.55      0
     4194304       1048576     float     sum      -1    359.2   11.68   21.89      0    375.7   11.16   20.93      0
     8388608       2097152     float     sum      -1    633.0   13.25   24.85      0    635.7   13.20   24.74      0
    16777216       4194304     float     sum      -1   1176.8   14.26   26.73      0   1160.4   14.46   27.11      0
    33554432       8388608     float     sum      -1   1228.8   27.31   51.20      0   1226.8   27.35   51.28      0
    67108864      16777216     float     sum      -1   1794.2   37.40   70.13      0   1775.3   37.80   70.88      0
   134217728      33554432     float     sum      -1   3277.5   40.95   76.78      0   3302.7   40.64   76.20      0
   268435456      67108864     float     sum      -1   6621.9   40.54   76.01      0   6546.0   41.01   76.89      0
   536870912     134217728     float     sum      -1    13638   39.37   73.81      0    13606   39.46   73.98      0
  1073741824     268435456     float     sum      -1    27514   39.02   73.17      0    27816   38.60   72.38      0
  2147483648     536870912     float     sum      -1    55607   38.62   72.41      0    55197   38.91   72.95      0
  4294967296    1073741824     float     sum      -1   110792   38.77   72.69      0   111127   38.65   72.47      0
           8             2     float     sum      -1    25.81    0.00    0.00      0    25.40    0.00    0.00      0
          16             4     float     sum      -1    25.72    0.00    0.00      0    25.13    0.00    0.00      0
          32             8     float     sum      -1    25.35    0.00    0.00      0    25.41    0.00    0.00      0
          64            16     float     sum      -1    28.19    0.00    0.00      0    28.06    0.00    0.00      0
         128            32     float     sum      -1    52.40    0.00    0.00      0    51.89    0.00    0.00      0
         256            64     float     sum      -1    52.24    0.00    0.01      0    52.10    0.00    0.01      0
         512           128     float     sum      -1    52.56    0.01    0.02      0    52.40    0.01    0.02      0
        1024           256     float     sum      -1    54.02    0.02    0.04      0    53.37    0.02    0.04      0
        2048           512     float     sum      -1    56.05    0.04    0.07      0    55.94    0.04    0.07      0
        4096          1024     float     sum      -1    60.83    0.07    0.13      0    59.70    0.07    0.13      0
        8192          2048     float     sum      -1    62.65    0.13    0.25      0    61.60    0.13    0.25      0
       16384          4096     float     sum      -1    63.12    0.26    0.49      0    61.67    0.27    0.50      0
       32768          8192     float     sum      -1    66.38    0.49    0.93      0    65.54    0.50    0.94      0
       65536         16384     float     sum      -1    71.69    0.91    1.71      0    70.15    0.93    1.75      0
      131072         32768     float     sum      -1    135.2    0.97    1.82      0    134.4    0.98    1.83      0
      262144         65536     float     sum      -1    139.7    1.88    3.52      0    138.9    1.89    3.54      0
      524288        131072     float     sum      -1    216.3    2.42    4.54      0    208.4    2.52    4.72      0
     1048576        262144     float     sum      -1    525.4    2.00    3.74      0    368.4    2.85    5.34      0
     2097152        524288     float     sum      -1    238.2    8.80   16.51      0    238.8    8.78   16.47      0
     4194304       1048576     float     sum      -1    373.0   11.25   21.09      0    372.7   11.25   21.10      0
     8388608       2097152     float     sum      -1    646.8   12.97   24.32      0    636.8   13.17   24.70      0
    16777216       4194304     float     sum      -1   1180.2   14.22   26.65      0   1161.6   14.44   27.08      0
    33554432       8388608     float     sum      -1   1230.4   27.27   51.13      0   1228.6   27.31   51.21      0
    67108864      16777216     float     sum      -1   1789.5   37.50   70.32      0   1778.1   37.74   70.77      0
   134217728      33554432     float     sum      -1   3291.7   40.77   76.45      0   3287.4   40.83   76.55      0
   268435456      67108864     float     sum      -1   6643.4   40.41   75.76      0   6564.9   40.89   76.67      0
   536870912     134217728     float     sum      -1    13737   39.08   73.28      0    13690   39.22   73.53      0
  1073741824     268435456     float     sum      -1    28286   37.96   71.17      0    27291   39.34   73.77      0
  2147483648     536870912     float     sum      -1    55423   38.75   72.65      0    55999   38.35   71.90      0
  4294967296    1073741824     float     sum      -1   113539   37.83   70.93      0   110630   38.82   72.79      0
