        size         count      type   redop    root     time   algbw   busbw #wrong     time   algbw   busbw #wrong
         (B)    (elements)                               (us)  (GB/s)  (GB/s)            (us)  (GB/s)  (GB/s)       
           8             2     float     sum      -1    85.80    0.00    0.00      0    61.39    0.00    0.00      0
          16             4     float     sum      -1    60.08    0.00    0.00      0    59.04    0.00    0.00      0
          32             8     float     sum      -1    60.43    0.00    0.00      0    59.83    0.00    0.00      0
          64            16     float     sum      -1    66.44    0.00    0.00      0    66.87    0.00    0.00      0
         128            32     float     sum      -1    136.3    0.00    0.00      0    137.7    0.00    0.00      0
         256            64     float     sum      -1    144.5    0.00    0.00      0    136.8    0.00    0.00      0
         512           128     float     sum      -1    141.4    0.00    0.01      0    138.0    0.00    0.01      0
        1024           256     float     sum      -1    140.1    0.01    0.01      0    141.9    0.01    0.01      0
        2048           512     float     sum      -1    148.7    0.01    0.03      0    147.5    0.01    0.03      0
        4096          1024     float     sum      -1    162.1    0.03    0.05      0    163.8    0.03    0.05      0
        8192          2048     float     sum      -1    164.8    0.05    0.10      0    163.0    0.05    0.10      0
       16384          4096     float     sum      -1    187.8    0.09    0.17      0    186.1    0.09    0.18      0
       32768          8192     float     sum      -1    218.9    0.15    0.30      0    211.0    0.16    0.31      0
       65536         16384     float     sum      -1    219.8    0.30    0.59      0    223.8    0.29    0.58      0
      131072         32768     float     sum      -1    327.7    0.40    0.80      0    320.0    0.41    0.82      0
      262144         65536     float     sum      -1    407.0    0.64    1.28      0    401.1    0.65    1.30      0
      524288        131072     float     sum      -1    555.5    0.94    1.88      0    631.7    0.83    1.65      0
     1048576        262144     float     sum      -1    968.9    1.08    2.16      0    989.4    1.06    2.11      0
     2097152        524288     float     sum      -1   1202.5    1.74    3.47      0   1203.7    1.74    3.47      0
     4194304       1048576     float     sum      -1   1814.1    2.31    4.61      0   1815.4    2.31    4.60      0
     8388608       2097152     float     sum      -1   2964.4    2.83    5.64      0   2962.3    2.83    5.64      0
    16777216       4194304     float     sum      -1   4609.7    3.64    7.25      0   4602.3    3.65    7.26      0
    33554432       8388608     float     sum      -1   5499.7    6.10   12.15      0   5602.3    5.99   11.93      0
    67108864      16777216     float     sum      -1   9318.3    7.20   14.35      0   9024.4    7.44   14.81      0
   134217728      33554432     float     sum      -1    16890    7.95   15.83      0    16733    8.02   15.98      0
   268435456      67108864     float     sum      -1    26360   10.18   20.29      0    26185   10.25   20.42      0
   536870912     134217728     float     sum      -1   151892    3.53    7.04      0   147954    3.63    7.23      0
  1073741824     268435456     float     sum      -1   137683    7.80   15.54      0   133800    8.02   15.99      0
  2147483648     536870912     float     sum      -1   157373   13.65   27.19      0   156793   13.70   27.29      0
  4294967296    1073741824     float     sum      -1   178048   24.12   48.06      0   114326   37.57   74.84      0
           8             2     float     sum      -1    62.84    0.00    0.00      0    60.69    0.00    0.00      0
          16             4     float     sum      -1    59.49    0.00    0.00      0    59.62    0.00    0.00      0
          32             8     float     sum      -1    59.16    0.00    0.00      0    58.77    0.00    0.00      0
          64            16     float     sum      -1    66.74    0.00    0.00      0    67.75    0.00    0.00      0
         128            32     float     sum      -1    136.3    0.00    0.00      0    135.4    0.00    0.00      0
         256            64     float     sum      -1    138.0    0.00    0.00      0    136.1    0.00    0.00      0
         512           128     float     sum      -1    139.4    0.00    0.01      0    137.7    0.00    0.01      0
        1024           256     float     sum      -1    140.7    0.01    0.01      0    139.9    0.01    0.01      0
        2048           512     float     sum      -1    148.5    0.01    0.03      0    148.1    0.01    0.03      0
        4096          1024     float     sum      -1    163.6    0.03    0.05      0    160.1    0.03    0.05      0
        8192          2048     float     sum      -1    165.8    0.05    0.10      0    162.6    0.05    0.10      0
       16384          4096     float     sum      -1    168.4    0.10    0.19      0    164.0    0.10    0.20      0
       32768          8192     float     sum      -1    176.7    0.19    0.37      0    173.9    0.19    0.38      0
       65536         16384     float     sum      -1    188.5    0.35    0.69      0    185.0    0.35    0.71      0
      131072         32768     float     sum      -1    211.6    0.62    1.23      0    208.8    0.63    1.25      0
      262144         65536     float     sum      -1    267.0    0.98    1.96      0    266.8    0.98    1.96      0
      524288        131072     float     sum      -1    380.5    1.38    2.75      0    395.2    1.33    2.64      0
     1048576        262144     float     sum      -1    453.8    2.31    4.60      0    448.8    2.34    4.65      0
     2097152        524288     float     sum      -1    589.2    3.56    7.09      0    590.2    3.55    7.08      0
     4194304       1048576     float     sum      -1    947.9    4.42    8.82      0    937.1    4.48    8.92      0
     8388608       2097152     float     sum      -1   1601.0    5.24   10.44      0   1603.7    5.23   10.42      0
    16777216       4194304     float     sum      -1   2601.1    6.45   12.85      0   2589.4    6.48   12.91      0
    33554432       8388608     float     sum      -1   3332.6   10.07   20.06      0   3325.8   10.09   20.10      0
    67108864      16777216     float     sum      -1   5604.8   11.97   23.85      0   5668.2   11.84   23.59      0
   134217728      33554432     float     sum      -1    10426   12.87   25.65      0    10153   13.22   26.34      0
   268435456      67108864     float     sum      -1    15118   17.76   35.37      0    15219   17.64   35.14      0
   536870912     134217728     float     sum      -1    20504   26.18   52.16      0   153224    3.50    6.98      0
  1073741824     268435456     float     sum      -1    27619   38.88   77.45      0    27657   38.82   77.34      0
  2147483648     536870912     float     sum      -1    55181   38.92   77.53      0    54974   39.06   77.82      0
  4294967296    1073741824     float     sum      -1   116163   36.97   73.66      0   113173   37.95   75.60      0
           8             2     float     sum      -1    62.02    0.00    0.00      0    60.60    0.00    0.00      0
          16             4     float     sum      -1    59.31    0.00    0.00      0    59.78    0.00    0.00      0
          32             8     float     sum      -1    60.48    0.00    0.00      0    59.79    0.00    0.00      0
          64            16     float     sum      -1    68.09    0.00    0.00      0    66.92    0.00    0.00      0
         128            32     float     sum      -1    135.7    0.00    0.00      0    135.6    0.00    0.00      0
         256            64     float     sum      -1    137.5    0.00    0.00      0    135.7    0.00    0.00      0
         512           128     float     sum      -1    141.2    0.00    0.01      0    138.0    0.00    0.01      0
        1024           256     float     sum      -1    143.8    0.01    0.01      0    139.5    0.01    0.01      0
        2048           512     float     sum      -1    148.8    0.01    0.03      0    146.8    0.01    0.03      0
        4096          1024     float     sum      -1    173.1    0.02    0.05      0    160.5    0.03    0.05      0
        8192          2048     float     sum      -1    165.0    0.05    0.10      0    161.9    0.05    0.10      0
       16384          4096     float     sum      -1    167.2    0.10    0.20      0    163.8    0.10    0.20      0
       32768          8192     float     sum      -1    176.7    0.19    0.37      0    174.4    0.19    0.37      0
       65536         16384     float     sum      -1    187.9    0.35    0.69      0    183.6    0.36    0.71      0
      131072         32768     float     sum      -1    213.1    0.62    1.23      0    209.5    0.63    1.25      0
      262144         65536     float     sum      -1    271.9    0.96    1.92      0    265.7    0.99    1.97      0
      524288        131072     float     sum      -1    379.0    1.38    2.76      0    379.1    1.38    2.76      0
     1048576        262144     float     sum      -1    453.4    2.31    4.61      0    448.9    2.34    4.65      0
     2097152        524288     float     sum      -1    589.1    3.56    7.09      0    594.3    3.53    7.03      0
     4194304       1048576     float     sum      -1    939.7    4.46    8.89      0    940.0    4.46    8.89      0
     8388608       2097152     float     sum      -1   1605.1    5.23   10.41      0   1609.9    5.21   10.38      0
    16777216       4194304     float     sum      -1   2619.4    6.41   12.76      0   2601.4    6.45   12.85      0
    33554432       8388608     float     sum      -1   3338.5   10.05   20.02      0   3322.4   10.10   20.12      0
    67108864      16777216     float     sum      -1   5625.4   11.93   23.77      0   5585.4   12.01   23.94      0
   134217728      33554432     float     sum      -1    10161   13.21   26.31      0    10403   12.90   25.70      0
   268435456      67108864     float     sum      -1    15155   17.71   35.29      0    15343   17.50   34.85      0
   536870912     134217728     float     sum      -1    20523   26.16   52.11      0    20467   26.23   52.26      0
  1073741824     268435456     float     sum      -1    27620   38.88   77.45      0    27652   38.83   77.36      0
  2147483648     536870912     float     sum      -1    55035   39.02   77.74      0    55057   39.00   77.71      0
  4294967296    1073741824     float     sum      -1   113169   37.95   75.61      0   112947   38.03   75.76      0
           8             2     float     sum      -1    62.10    0.00    0.00      0    60.44    0.00    0.00      0
          16             4     float     sum      -1    59.38    0.00    0.00      0    58.32    0.00    0.00      0
          32             8     float     sum      -1    60.57    0.00    0.00      0    58.88    0.00    0.00      0
          64            16     float     sum      -1    67.34    0.00    0.00      0    68.44    0.00    0.00      0
         128            32     float     sum      -1    136.1    0.00    0.00      0    135.1    0.00    0.00      0
         256            64     float     sum      -1    137.3    0.00    0.00      0    136.4    0.00    0.00      0
         512           128     float     sum      -1    140.6    0.00    0.01      0    137.9    0.00    0.01      0
        1024           256     float     sum      -1    140.9    0.01    0.01      0    139.9    0.01    0.01      0
        2048           512     float     sum      -1    151.5    0.01    0.03      0    147.6    0.01    0.03      0
        4096          1024     float     sum      -1    161.4    0.03    0.05      0    159.8    0.03    0.05      0
        8192          2048     float     sum      -1    166.0    0.05    0.10      0    162.4    0.05    0.10      0
       16384          4096     float     sum      -1    167.0    0.10    0.20      0    164.9    0.10    0.20      0
       32768          8192     float     sum      -1    177.1    0.19    0.37      0    174.6    0.19    0.37      0
       65536         16384     float     sum      -1    210.6    0.31    0.62      0    209.6    0.31    0.62      0
      131072         32768     float     sum      -1    212.4    0.62    1.23      0    208.1    0.63    1.25      0
      262144         65536     float     sum      -1    274.1    0.96    1.91      0    266.6    0.98    1.96      0
      524288        131072     float     sum      -1    380.1    1.38    2.75      0    378.6    1.38    2.76      0
     1048576        262144     float     sum      -1    452.8    2.32    4.61      0    450.0    2.33    4.64      0
     2097152        524288     float     sum      -1    589.1    3.56    7.09      0    590.2    3.55    7.08      0
     4194304       1048576     float     sum      -1    935.5    4.48    8.93      0    933.2    4.49    8.95      0
     8388608       2097152     float     sum      -1   1606.0    5.22   10.41      0   1600.4    5.24   10.44      0
    16777216       4194304     float     sum      -1   2595.8    6.46   12.88      0   2586.1    6.49   12.92      0
    33554432       8388608     float     sum      -1   3330.5   10.07   20.07      0   3318.9   10.11   20.14      0
    67108864      16777216     float     sum      -1   5650.2   11.88   23.66      0   5695.3   11.78   23.47      0
   134217728      33554432     float     sum      -1    10092   13.30   26.49      0    10349   12.97   25.84      0
   268435456      67108864     float     sum      -1    15142   17.73   35.32      0    15248   17.61   35.07      0
   536870912     134217728     float     sum      -1    20590   26.07   51.94      0    20435   26.27   52.34      0
  1073741824     268435456     float     sum      -1    27635   38.85   77.41      0    27639   38.85   77.39      0
  2147483648     536870912     float     sum      -1    54984   39.06   77.81      0    55015   39.03   77.76      0
  4294967296    1073741824     float     sum      -1   113212   37.94   75.58      0   113149   37.96   75.62      0
           8             2     float     sum      -1    61.52    0.00    0.00      0    59.40    0.00    0.00      0
          16             4     float     sum      -1    60.14    0.00    0.00      0    60.69    0.00    0.00      0
          32             8     float     sum      -1    59.58    0.00    0.00      0    59.42    0.00    0.00      0
          64            16     float     sum      -1    67.01    0.00    0.00      0    67.19    0.00    0.00      0
         128            32     float     sum      -1    136.7    0.00    0.00      0    135.8    0.00    0.00      0
         256            64     float     sum      -1    137.6    0.00    0.00      0    136.7    0.00    0.00      0
         512           128     float     sum      -1    140.2    0.00    0.01      0    138.9    0.00    0.01      0
        1024           256     float     sum      -1    140.3    0.01    0.01      0    139.3    0.01    0.01      0
        2048           512     float     sum      -1    148.8    0.01    0.03      0    147.3    0.01    0.03      0
        4096          1024     float     sum      -1    163.1    0.03    0.05      0    159.3    0.03    0.05      0
        8192          2048     float     sum      -1    165.6    0.05    0.10      0    162.8    0.05    0.10      0
       16384          4096     float     sum      -1    167.0    0.10    0.20      0    163.3    0.10    0.20      0
       32768          8192     float     sum      -1    176.0    0.19    0.37      0    174.2    0.19    0.37      0
       65536         16384     float     sum      -1    187.2    0.35    0.70      0    184.4    0.36    0.71      0
      131072         32768     float     sum      -1    212.1    0.62    1.23      0    208.2    0.63    1.25      0
      262144         65536     float     sum      -1    268.0    0.98    1.95      0    263.5    0.99    1.98      0
      524288        131072     float     sum      -1    380.4    1.38    2.75      0    378.0    1.39    2.76      0
     1048576        262144     float     sum      -1    452.0    2.32    4.62      0    449.2    2.33    4.65      0
     2097152        524288     float     sum      -1    591.0    3.55    7.07      0    587.8    3.57    7.11      0
     4194304       1048576     float     sum      -1    940.2    4.46    8.89      0    938.8    4.47    8.90      0
     8388608       2097152     float     sum      -1   1606.8    5.22   10.40      0   1606.6    5.22   10.40      0
    16777216       4194304     float     sum      -1   2596.0    6.46   12.88      0   2585.8    6.49   12.93      0
    33554432       8388608     float     sum      -1   3288.3   10.20   20.33      0   3352.0   10.01   19.94      0
    67108864      16777216     float     sum      -1   5641.3   11.90   23.70      0   5674.6   11.83   23.56      0
   134217728      33554432     float     sum      -1    10132   13.25   26.39      0    10196   13.16   26.23      0
   268435456      67108864     float     sum      -1    15180   17.68   35.23      0    15191   17.67   35.20      0
   536870912     134217728     float     sum      -1    20493   26.20   52.19      0    20452   26.25   52.29      0
  1073741824     268435456     float     sum      -1    27643   38.84   77.38      0    27718   38.74   77.17      0
  2147483648     536870912     float     sum      -1    54996   39.05   77.79      0    55874   38.43   76.57      0
  4294967296    1073741824     float     sum      -1   113291   37.91   75.53      0   114038   37.66   75.03      0
           8             2     float     sum      -1    64.39    0.00    0.00      0    61.57    0.00    0.00      0
          16             4     float     sum      -1   9191.9    0.00    0.00      0    60.18    0.00    0.00      0
          32             8     float     sum      -1    58.91    0.00    0.00      0    59.41    0.00    0.00      0
          64            16     float     sum      -1    67.30    0.00    0.00      0    67.32    0.00    0.00      0
         128            32     float     sum      -1    135.9    0.00    0.00      0    134.6    0.00    0.00      0
         256            64     float     sum      -1    145.9    0.00    0.00      0    136.4    0.00    0.00      0
         512           128     float     sum      -1    140.3    0.00    0.01      0    137.8    0.00    0.01      0
        1024           256     float     sum      -1    141.1    0.01    0.01      0    139.1    0.01    0.01      0
        2048           512     float     sum      -1    149.1    0.01    0.03      0    147.6    0.01    0.03      0
        4096          1024     float     sum      -1    162.3    0.03    0.05      0    161.2    0.03    0.05      0
        8192          2048     float     sum      -1    165.5    0.05    0.10      0    163.3    0.05    0.10      0
       16384          4096     float     sum      -1    167.9    0.10    0.19      0    163.7    0.10    0.20      0
       32768          8192     float     sum      -1    176.9    0.19    0.37      0    175.5    0.19    0.37      0
       65536         16384     float     sum      -1    187.4    0.35    0.70      0    183.9    0.36    0.71      0
      131072         32768     float     sum      -1    213.8    0.61    1.22      0    208.8    0.63    1.25      0
      262144         65536     float     sum      -1    267.5    0.98    1.95      0    264.7    0.99    1.97      0
      524288        131072     float     sum      -1    383.6    1.37    2.72      0    378.2    1.39    2.76      0
     1048576        262144     float     sum      -1    451.5    2.32    4.63      0    449.7    2.33    4.65      0
     2097152        524288     float     sum      -1    589.7    3.56    7.08      0    589.5    3.56    7.09      0
     4194304       1048576     float     sum      -1    936.2    4.48    8.93      0    934.5    4.49    8.94      0
     8388608       2097152     float     sum      -1   1608.5    5.22   10.39      0   1605.2    5.23   10.41      0
    16777216       4194304     float     sum      -1   2604.2    6.44   12.83      0   2596.0    6.46   12.88      0
    33554432       8388608     float     sum      -1   3318.8   10.11   20.14      0   3372.2    9.95   19.82      0
    67108864      16777216     float     sum      -1   5686.2   11.80   23.51      0   5520.9   12.16   24.22      0
   134217728      33554432     float     sum      -1    10351   12.97   25.83      0    28704    4.68    9.32      0
   268435456      67108864     float     sum      -1    46106    5.82   11.60      0    45875    5.85   11.66      0
   536870912     134217728     float     sum      -1   245407    2.19    4.36      0   241401    2.22    4.43      0
  1073741824     268435456     float     sum      -1   244579    4.39    8.75      0   242800    4.42    8.81      0
  2147483648     536870912     float     sum      -1   282354    7.61   15.15      0   286918    7.48   14.91      0
  4294967296    1073741824     float     sum      -1   387495   11.08   22.08      0   367639   11.68   23.27      0
           8             2     float     sum      -1    99.13    0.00    0.00      0    58.71    0.00    0.00      0
          16             4     float     sum      -1    59.89    0.00    0.00      0    59.31    0.00    0.00      0
          32             8     float     sum      -1    58.86    0.00    0.00      0    59.53    0.00    0.00      0
          64            16     float     sum      -1    68.51    0.00    0.00      0    66.46    0.00    0.00      0
         128            32     float     sum      -1    136.5    0.00    0.00      0    135.6    0.00    0.00      0
         256            64     float     sum      -1    142.5    0.00    0.00      0    136.5    0.00    0.00      0
         512           128     float     sum      -1    140.8    0.00    0.01      0    138.4    0.00    0.01      0
        1024           256     float     sum      -1    141.1    0.01    0.01      0    139.3    0.01    0.01      0
        2048           512     float     sum      -1    149.1    0.01    0.03      0    148.2    0.01    0.03      0
        4096          1024     float     sum      -1    162.7    0.03    0.05      0    161.2    0.03    0.05      0
        8192          2048     float     sum      -1    166.5    0.05    0.10      0    162.8    0.05    0.10      0
       16384          4096     float     sum      -1    171.2    0.10    0.19      0    168.6    0.10    0.19      0
       32768          8192     float     sum      -1    186.4    0.18    0.35      0    187.8    0.17    0.35      0
       65536         16384     float     sum      -1    237.2    0.28    0.55      0    224.0    0.29    0.58      0
      131072         32768     float     sum      -1    342.9    0.38    0.76      0    352.9    0.37    0.74      0
      262144         65536     float     sum      -1    437.6    0.60    1.19      0    462.4    0.57    1.13      0
      524288        131072     float     sum      -1    825.2    0.64    1.27      0    836.0    0.63    1.25      0
     1048576        262144     float     sum      -1   1089.0    0.96    1.92      0    38982    0.03    0.05      0
     2097152        524288     float     sum      -1    589.3    3.56    7.09      0    588.4    3.56    7.10      0
     4194304       1048576     float     sum      -1    939.6    4.46    8.89      0    941.0    4.46    8.88      0
     8388608       2097152     float     sum      -1   1611.2    5.21   10.37      0   1607.5    5.22   10.40      0
    16777216       4194304     float     sum      -1   2597.6    6.46   12.87      0   2591.5    6.47   12.90      0
    33554432       8388608     float     sum      -1   3329.1   10.08   20.08      0   3331.5   10.07   20.07      0
    67108864      16777216     float     sum      -1   9694.2    6.92   13.79      0   9585.1    7.00   13.95      0
   134217728      33554432     float     sum      -1    17018    7.89   15.71      0    16648    8.06   16.06      0
   268435456      67108864     float     sum      -1    26121   10.28   20.47      0    26517   10.12   20.17      0
   536870912     134217728     float     sum      -1   166335    3.23    6.43      0   167426    3.21    6.39      0
  1073741824     268435456     float     sum      -1   150425    7.14   14.22      0   150287    7.14   14.23      0
  2147483648     536870912     float     sum      -1   155398   13.82   27.53      0   103813   20.69   41.21      0
  4294967296    1073741824     float     sum      -1   113981   37.68   75.07      0   114532   37.50   74.71      0
           8             2     float     sum      -1    63.24    0.00    0.00      0    60.71    0.00    0.00      0
          16             4     float     sum      -1    59.87    0.00    0.00      0    57.91    0.00    0.00      0
          32             8     float     sum      -1    59.05    0.00    0.00      0    59.41    0.00    0.00      0
          64            16     float     sum      -1    67.16    0.00    0.00      0    67.74    0.00    0.00      0
         128            32     float     sum      -1    136.2    0.00    0.00      0    135.0    0.00    0.00      0
         256            64     float     sum      -1    138.8    0.00    0.00      0    136.3    0.00    0.00      0
         512           128     float     sum      -1    139.3    0.00    0.01      0    137.9    0.00    0.01      0
        1024           256     float     sum      -1    140.9    0.01    0.01      0    139.2    0.01    0.01      0
        2048           512     float     sum      -1    148.1    0.01    0.03      0    147.7    0.01    0.03      0
        4096          1024     float     sum      -1    162.2    0.03    0.05      0    161.0    0.03    0.05      0
        8192          2048     float     sum      -1    166.0    0.05    0.10      0    162.2    0.05    0.10      0
       16384          4096     float     sum      -1    167.6    0.10    0.19      0    164.4    0.10    0.20      0
       32768          8192     float     sum      -1    175.9    0.19    0.37      0    174.5    0.19    0.37      0
       65536         16384     float     sum      -1    188.3    0.35    0.69      0    184.9    0.35    0.71      0
      131072         32768     float     sum      -1    212.5    0.62    1.23      0    208.9    0.63    1.25      0
      262144         65536     float     sum      -1    269.3    0.97    1.94      0    272.5    0.96    1.92      0
      524288        131072     float     sum      -1    380.0    1.38    2.75      0    378.3    1.39    2.76      0
     1048576        262144     float     sum      -1    452.3    2.32    4.62      0    449.6    2.33    4.65      0
     2097152        524288     float     sum      -1    590.2    3.55    7.08      0    590.8    3.55    7.07      0
     4194304       1048576     float     sum      -1    939.4    4.46    8.89      0    933.5    4.49    8.95      0
     8388608       2097152     float     sum      -1   1608.2    5.22   10.39      0   1606.4    5.22   10.40      0
    16777216       4194304     float     sum      -1   2630.8    6.38   12.70      0   2601.5    6.45   12.85      0
    33554432       8388608     float     sum      -1   3327.6   10.08   20.09      0   3335.9   10.06   20.04      0
    67108864      16777216     float     sum      -1   5672.4   11.83   23.57      0   5653.7   11.87   23.65      0
   134217728      33554432     float     sum      -1    10258   13.08   26.07      0    10266   13.07   26.05      0
   268435456      67108864     float     sum      -1    15348   17.49   34.84      0    15254   17.60   35.06      0
   536870912     134217728     float     sum      -1    20471   26.23   52.25      0    20420   26.29   52.38      0
  1073741824     268435456     float     sum      -1    27666   38.81   77.32      0    27666   38.81   77.32      0
  2147483648     536870912     float     sum      -1    55000   39.05   77.79      0    55895   38.42   76.54      0
  4294967296    1073741824     float     sum      -1   113138   37.96   75.63      0   114866   37.39   74.49      0
           8             2     float     sum      -1    63.11    0.00    0.00      0    60.22    0.00    0.00      0
          16             4     float     sum      -1    58.79    0.00    0.00      0    59.32    0.00    0.00      0
          32             8     float     sum      -1    59.06    0.00    0.00      0    59.24    0.00    0.00      0
          64            16     float     sum      -1    67.25    0.00    0.00      0    67.00    0.00    0.00      0
         128            32     float     sum      -1    138.2    0.00    0.00      0    135.2    0.00    0.00      0
         256            64     float     sum      -1    136.8    0.00    0.00      0    136.0    0.00    0.00      0
         512           128     float     sum      -1    139.0    0.00    0.01      0    137.3    0.00    0.01      0
        1024           256     float     sum      -1    140.9    0.01    0.01      0    139.3    0.01    0.01      0
        2048           512     float     sum      -1    148.7    0.01    0.03      0    148.0    0.01    0.03      0
        4096          1024     float     sum      -1    162.8    0.03    0.05      0    159.3    0.03    0.05      0
        8192          2048     float     sum      -1    165.9    0.05    0.10      0    163.2    0.05    0.10      0
       16384          4096     float     sum      -1    167.1    0.10    0.20      0    163.2    0.10    0.20      0
       32768          8192     float     sum      -1    176.4    0.19    0.37      0    174.4    0.19    0.37      0
       65536         16384     float     sum      -1    188.2    0.35    0.69      0    184.1    0.36    0.71      0
      131072         32768     float     sum      -1    212.7    0.62    1.23      0    209.1    0.63    1.25      0
      262144         65536     float     sum      -1    266.1    0.99    1.96      0    266.3    0.98    1.96      0
      524288        131072     float     sum      -1    381.0    1.38    2.74      0    378.4    1.39    2.76      0
     1048576        262144     float     sum      -1    452.6    2.32    4.62      0    451.0    2.32    4.63      0
     2097152        524288     float     sum      -1    589.4    3.56    7.09      0    589.9    3.55    7.08      0
     4194304       1048576     float     sum      -1    936.0    4.48    8.93      0    938.9    4.47    8.90      0
     8388608       2097152     float     sum      -1   1607.1    5.22   10.40      0   1608.6    5.21   10.39      0
    16777216       4194304     float     sum      -1   2598.6    6.46   12.86      0   2589.6    6.48   12.91      0
    33554432       8388608     float     sum      -1   3330.9   10.07   20.07      0   3334.2   10.06   20.05      0
    67108864      16777216     float     sum      -1   5620.1   11.94   23.79      0   5633.6   11.91   23.73      0
   134217728      33554432     float     sum      -1    10317   13.01   25.92      0    10092   13.30   26.50      0
   268435456      67108864     float     sum      -1    15213   17.65   35.15      0    15247   17.61   35.07      0
   536870912     134217728     float     sum      -1    20481   26.21   52.22      0    20401   26.32   52.43      0
  1073741824     268435456     float     sum      -1    27750   38.69   77.08      0    27679   38.79   77.28      0
  2147483648     536870912     float     sum      -1    55019   39.03   77.76      0    54951   39.08   77.85      0
  4294967296    1073741824     float     sum      -1   113280   37.91   75.53      0   113299   37.91   75.52      0
           8             2     float     sum      -1    63.85    0.00    0.00      0    60.38    0.00    0.00      0
          16             4     float     sum      -1    61.07    0.00    0.00      0    60.43    0.00    0.00      0
          32             8     float     sum      -1    60.00    0.00    0.00      0    61.19    0.00    0.00      0
          64            16     float     sum      -1    67.30    0.00    0.00      0    67.41    0.00    0.00      0
         128            32     float     sum      -1    136.0    0.00    0.00      0    135.1    0.00    0.00      0
         256            64     float     sum      -1    137.4    0.00    0.00      0    143.8    0.00    0.00      0
         512           128     float     sum      -1    140.2    0.00    0.01      0    137.3    0.00    0.01      0
        1024           256     float     sum      -1    140.3    0.01    0.01      0    138.5    0.01    0.01      0
        2048           512     float     sum      -1    148.7    0.01    0.03      0    147.3    0.01    0.03      0
        4096          1024     float     sum      -1    163.0    0.03    0.05      0    160.7    0.03    0.05      0
        8192          2048     float     sum      -1    165.7    0.05    0.10      0    162.5    0.05    0.10      0
       16384          4096     float     sum      -1    167.5    0.10    0.19      0    164.4    0.10    0.20      0
       32768          8192     float     sum      -1    176.1    0.19    0.37      0    173.5    0.19    0.38      0
       65536         16384     float     sum      -1    191.0    0.34    0.68      0    184.6    0.35    0.71      0
      131072         32768     float     sum      -1    211.6    0.62    1.23      0    208.0    0.63    1.26      0
      262144         65536     float     sum      -1    266.8    0.98    1.96      0    265.1    0.99    1.97      0
      524288        131072     float     sum      -1    379.2    1.38    2.75      0    378.5    1.39    2.76      0
     1048576        262144     float     sum      -1    452.3    2.32    4.62      0    448.8    2.34    4.65      0
     2097152        524288     float     sum      -1    610.3    3.44    6.85      0    589.8    3.56    7.08      0
     4194304       1048576     float     sum      -1    938.7    4.47    8.90      0    938.4    4.47    8.90      0
     8388608       2097152     float     sum      -1   1603.2    5.23   10.42      0   1601.5    5.24   10.43      0
    16777216       4194304     float     sum      -1   2585.8    6.49   12.93      0   2591.6    6.47   12.90      0
    33554432       8388608     float     sum      -1   3329.4   10.08   20.08      0   3354.6   10.00   19.93      0
    67108864      16777216     float     sum      -1   5741.2   11.69   23.29      0   5621.3   11.94   23.78      0
   134217728      33554432     float     sum      -1    10321   13.00   25.91      0    10295   13.04   25.97      0
   268435456      67108864     float     sum      -1    15264   17.59   35.03      0    15218   17.64   35.14      0
   536870912     134217728     float     sum      -1    20532   26.15   52.09      0    20465   26.23   52.26      0
  1073741824     268435456     float     sum      -1    27811   38.61   76.92      0    27613   38.89   77.47      0
  2147483648     536870912     float     sum      -1    55041   39.02   77.73      0    55014   39.04   77.77      0
  4294967296    1073741824     float     sum      -1   114770   37.42   74.55      0   115256   37.26   74.24      0
