        size         count      type   redop    root     time   algbw   busbw #wrong     time   algbw   busbw #wrong
         (B)    (elements)                               (us)  (GB/s)  (GB/s)            (us)  (GB/s)  (GB/s)       
           8             2     float     sum      -1    50.62    0.00    0.00      0    49.26    0.00    0.00      0
          16             4     float     sum      -1    49.44    0.00    0.00      0    48.05    0.00    0.00      0
          32             8     float     sum      -1    48.05    0.00    0.00      0    48.02    0.00    0.00      0
          64            16     float     sum      -1    55.00    0.00    0.00      0    56.30    0.00    0.00      0
         128            32     float     sum      -1    111.0    0.00    0.00      0    108.7    0.00    0.00      0
         256            64     float     sum      -1    118.1    0.00    0.00      0    109.4    0.00    0.00      0
         512           128     float     sum      -1    112.3    0.00    0.01      0    110.6    0.00    0.01      0
        1024           256     float     sum      -1    115.1    0.01    0.02      0    114.0    0.01    0.02      0
        2048           512     float     sum      -1    120.5    0.02    0.03      0    120.0    0.02    0.03      0
        4096          1024     float     sum      -1    132.3    0.03    0.06      0    130.4    0.03    0.06      0
        8192          2048     float     sum      -1    133.4    0.06    0.12      0    131.7    0.06    0.12      0
       16384          4096     float     sum      -1    135.6    0.12    0.24      0    132.9    0.12    0.24      0
       32768          8192     float     sum      -1    150.1    0.22    0.43      0    147.4    0.22    0.44      0
       65536         16384     float     sum      -1    169.7    0.39    0.77      0    167.2    0.39    0.78      0
      131072         32768     float     sum      -1    207.3    0.63    1.25      0    203.3    0.64    1.28      0
      262144         65536     float     sum      -1    294.3    0.89    1.77      0    288.0    0.91    1.81      0
      524288        131072     float     sum      -1    363.2    1.44    2.86      0    361.1    1.45    2.88      0
     1048576        262144     float     sum      -1    460.1    2.28    4.52      0    462.0    2.27    4.50      0
     2097152        524288     float     sum      -1    680.6    3.08    6.11      0    682.4    3.07    6.10      0
     4194304       1048576     float     sum      -1   1122.6    3.74    7.41      0   1121.7    3.74    7.42      0
     8388608       2097152     float     sum      -1   1243.4    6.75   13.39      0   1245.9    6.73   13.36      0
    16777216       4194304     float     sum      -1   1548.1   10.84   21.51      0   1534.3   10.93   21.70      0
    33554432       8388608     float     sum      -1   2118.7   15.84   31.43      0   2118.2   15.84   31.43      0
    67108864      16777216     float     sum      -1   2926.2   22.93   45.51      0   2937.6   22.84   45.33      0
   134217728      33554432     float     sum      -1   4679.9   28.68   56.91      0   4677.0   28.70   56.95      0
   268435456      67108864     float     sum      -1   8332.3   32.22   63.93      0   8354.6   32.13   63.76      0
   536870912     134217728     float     sum      -1    14835   36.19   71.81      0    14838   36.18   71.80      0
  1073741824     268435456     float     sum      -1    25012   42.93   85.19      0    24868   43.18   85.68      0
  2147483648     536870912     float     sum      -1    47970   44.77   88.84      0    48124   44.62   88.55      0
  4294967296    1073741824     float     sum      -1    94845   45.28   89.86      0    94586   45.41   90.11      0
           8             2     float     sum      -1    50.35    0.00    0.00      0    48.60    0.00    0.00      0
          16             4     float     sum      -1    48.03    0.00    0.00      0    47.97    0.00    0.00      0
          32             8     float     sum      -1    48.82    0.00    0.00      0    48.16    0.00    0.00      0
          64            16     float     sum      -1    53.97    0.00    0.00      0    53.49    0.00    0.00      0
         128            32     float     sum      -1    108.5    0.00    0.00      0    107.2    0.00    0.00      0
         256            64     float     sum      -1    109.0    0.00    0.00      0    108.6    0.00    0.00      0
         512           128     float     sum      -1    110.8    0.00    0.01      0    109.8    0.00    0.01      0
        1024           256     float     sum      -1    114.4    0.01    0.02      0    112.7    0.01    0.02      0
        2048           512     float     sum      -1    119.4    0.02    0.03      0    119.1    0.02    0.03      0
        4096          1024     float     sum      -1    131.2    0.03    0.06      0    128.8    0.03    0.06      0
        8192          2048     float     sum      -1    133.8    0.06    0.12      0    132.0    0.06    0.12      0
       16384          4096     float     sum      -1    135.4    0.12    0.24      0    133.5    0.12    0.24      0
       32768          8192     float     sum      -1    147.9    0.22    0.44      0    146.4    0.22    0.44      0
       65536         16384     float     sum      -1    169.1    0.39    0.77      0    166.5    0.39    0.78      0
      131072         32768     float     sum      -1    208.2    0.63    1.25      0    203.7    0.64    1.28      0
      262144         65536     float     sum      -1    301.1    0.87    1.73      0    285.6    0.92    1.82      0
      524288        131072     float     sum      -1    362.6    1.45    2.87      0    359.5    1.46    2.89      0
     1048576        262144     float     sum      -1    461.6    2.27    4.51      0    460.5    2.28    4.52      0
     2097152        524288     float     sum      -1    681.4    3.08    6.11      0    681.3    3.08    6.11      0
     4194304       1048576     float     sum      -1   1119.8    3.75    7.43      0   1121.5    3.74    7.42      0
     8388608       2097152     float     sum      -1   1241.6    6.76   13.41      0   1236.9    6.78   13.46      0
    16777216       4194304     float     sum      -1   1549.3   10.83   21.49      0   1548.0   10.84   21.51      0
    33554432       8388608     float     sum      -1   2106.0   15.93   31.62      0   2127.4   15.77   31.30      0
    67108864      16777216     float     sum      -1   2929.7   22.91   45.46      0   2908.4   23.07   45.79      0
   134217728      33554432     float     sum      -1   4699.7   28.56   56.67      0   4669.7   28.74   57.04      0
   268435456      67108864     float     sum      -1   8339.1   32.19   63.88      0   8336.4   32.20   63.90      0
   536870912     134217728     float     sum      -1    14815   36.24   71.91      0    14839   36.18   71.80      0
  1073741824     268435456     float     sum      -1    24712   43.45   86.22      0    24855   43.20   85.72      0
  2147483648     536870912     float     sum      -1    47986   44.75   88.81      0    47587   45.13   89.55      0
  4294967296    1073741824     float     sum      -1    94585   45.41   90.11      0    95143   45.14   89.58      0
           8             2     float     sum      -1    50.88    0.00    0.00      0    49.19    0.00    0.00      0
          16             4     float     sum      -1    48.20    0.00    0.00      0    47.30    0.00    0.00      0
          32             8     float     sum      -1    48.55    0.00    0.00      0    47.84    0.00    0.00      0
          64            16     float     sum      -1    53.48    0.00    0.00      0    53.24    0.00    0.00      0
         128            32     float     sum      -1    107.7    0.00    0.00      0    106.9    0.00    0.00      0
         256            64     float     sum      -1    109.6    0.00    0.00      0    108.8    0.00    0.00      0
         512           128     float     sum      -1    110.6    0.00    0.01      0    109.8    0.00    0.01      0
        1024           256     float     sum      -1    114.0    0.01    0.02      0    113.4    0.01    0.02      0
        2048           512     float     sum      -1    120.3    0.02    0.03      0    118.5    0.02    0.03      0
        4096          1024     float     sum      -1    131.6    0.03    0.06      0    130.2    0.03    0.06      0
        8192          2048     float     sum      -1    133.1    0.06    0.12      0    131.4    0.06    0.12      0
       16384          4096     float     sum      -1    134.7    0.12    0.24      0    133.1    0.12    0.24      0
       32768          8192     float     sum      -1    148.4    0.22    0.44      0    146.1    0.22    0.44      0
       65536         16384     float     sum      -1    168.8    0.39    0.77      0    166.7    0.39    0.78      0
      131072         32768     float     sum      -1    207.4    0.63    1.25      0    203.0    0.65    1.28      0
      262144         65536     float     sum      -1    294.1    0.89    1.77      0    287.5    0.91    1.81      0
      524288        131072     float     sum      -1    362.9    1.44    2.87      0    360.8    1.45    2.88      0
     1048576        262144     float     sum      -1    460.6    2.28    4.52      0    460.3    2.28    4.52      0
     2097152        524288     float     sum      -1    681.4    3.08    6.11      0    682.1    3.07    6.10      0
     4194304       1048576     float     sum      -1   1124.7    3.73    7.40      0   1122.9    3.74    7.41      0
     8388608       2097152     float     sum      -1   1239.3    6.77   13.43      0   1238.3    6.77   13.44      0
    16777216       4194304     float     sum      -1   1550.8   10.82   21.47      0   1542.7   10.88   21.58      0
    33554432       8388608     float     sum      -1   2113.2   15.88   31.51      0   2111.7   15.89   31.53      0
    67108864      16777216     float     sum      -1   2941.9   22.81   45.27      0   2913.1   23.04   45.71      0
   134217728      33554432     float     sum      -1   4693.3   28.60   56.75      0   4683.9   28.66   56.86      0
   268435456      67108864     float     sum      -1   8310.7   32.30   64.10      0   8371.7   32.06   63.63      0
   536870912     134217728     float     sum      -1    14790   36.30   72.03      0    14843   36.17   71.77      0
  1073741824     268435456     float     sum      -1    24869   43.18   85.68      0    24938   43.06   85.44      0
  2147483648     536870912     float     sum      -1    47853   44.88   89.05      0    47765   44.96   89.22      0
  4294967296    1073741824     float     sum      -1    94898   45.26   89.81      0    94660   45.37   90.04      0
           8             2     float     sum      -1    51.34    0.00    0.00      0    48.57    0.00    0.00      0
          16             4     float     sum      -1    48.11    0.00    0.00      0    48.16    0.00    0.00      0
          32             8     float     sum      -1    48.26    0.00    0.00      0    47.82    0.00    0.00      0
          64            16     float     sum      -1    54.04    0.00    0.00      0    54.89    0.00    0.00      0
         128            32     float     sum      -1    108.4    0.00    0.00      0    107.6    0.00    0.00      0
         256            64     float     sum      -1    109.2    0.00    0.00      0    108.4    0.00    0.00      0
         512           128     float     sum      -1    111.7    0.00    0.01      0    110.1    0.00    0.01      0
        1024           256     float     sum      -1    112.9    0.01    0.02      0    113.2    0.01    0.02      0
        2048           512     float     sum      -1    119.9    0.02    0.03      0    118.0    0.02    0.03      0
        4096          1024     float     sum      -1    131.4    0.03    0.06      0    129.4    0.03    0.06      0
        8192          2048     float     sum      -1    132.7    0.06    0.12      0    131.5    0.06    0.12      0
       16384          4096     float     sum      -1    133.5    0.12    0.24      0    133.4    0.12    0.24      0
       32768          8192     float     sum      -1    149.9    0.22    0.43      0    146.8    0.22    0.44      0
       65536         16384     float     sum      -1    170.6    0.38    0.76      0    167.4    0.39    0.78      0
      131072         32768     float     sum      -1    207.6    0.63    1.25      0    202.9    0.65    1.28      0
      262144         65536     float     sum      -1    294.0    0.89    1.77      0    287.3    0.91    1.81      0
      524288        131072     float     sum      -1    362.5    1.45    2.87      0    360.6    1.45    2.89      0
     1048576        262144     float     sum      -1    460.9    2.28    4.51      0    461.9    2.27    4.50      0
     2097152        524288     float     sum      -1    681.9    3.08    6.10      0    682.1    3.07    6.10      0
     4194304       1048576     float     sum      -1   1124.7    3.73    7.40      0   1122.8    3.74    7.41      0
     8388608       2097152     float     sum      -1   1236.7    6.78   13.46      0   1234.3    6.80   13.49      0
    16777216       4194304     float     sum      -1   1551.0   10.82   21.47      0   1549.9   10.82   21.48      0
    33554432       8388608     float     sum      -1   2120.4   15.82   31.40      0   2108.7   15.91   31.58      0
    67108864      16777216     float     sum      -1   2922.3   22.96   45.57      0   2920.0   22.98   45.61      0
   134217728      33554432     float     sum      -1   4679.9   28.68   56.91      0   4686.4   28.64   56.83      0
   268435456      67108864     float     sum      -1   8353.9   32.13   63.76      0   8309.2   32.31   64.11      0
   536870912     134217728     float     sum      -1    14793   36.29   72.02      0    14828   36.21   71.85      0
  1073741824     268435456     float     sum      -1    25110   42.76   84.85      0    24972   43.00   85.33      0
  2147483648     536870912     float     sum      -1    47947   44.79   88.88      0    48142   44.61   88.52      0
  4294967296    1073741824     float     sum      -1    94713   45.35   89.99      0    94389   45.50   90.29      0
           8             2     float     sum      -1    50.29    0.00    0.00      0    48.15    0.00    0.00      0
          16             4     float     sum      -1    48.83    0.00    0.00      0    48.41    0.00    0.00      0
          32             8     float     sum      -1    47.71    0.00    0.00      0    47.11    0.00    0.00      0
          64            16     float     sum      -1    54.12    0.00    0.00      0    53.75    0.00    0.00      0
         128            32     float     sum      -1    108.6    0.00    0.00      0    107.3    0.00    0.00      0
         256            64     float     sum      -1    110.4    0.00    0.00      0    108.6    0.00    0.00      0
         512           128     float     sum      -1    111.0    0.00    0.01      0    110.5    0.00    0.01      0
        1024           256     float     sum      -1    113.8    0.01    0.02      0    113.1    0.01    0.02      0
        2048           512     float     sum      -1    121.3    0.02    0.03      0    119.0    0.02    0.03      0
        4096          1024     float     sum      -1    132.8    0.03    0.06      0    129.6    0.03    0.06      0
        8192          2048     float     sum      -1    132.6    0.06    0.12      0    132.2    0.06    0.12      0
       16384          4096     float     sum      -1    136.3    0.12    0.24      0    132.9    0.12    0.24      0
       32768          8192     float     sum      -1    149.2    0.22    0.44      0    145.7    0.22    0.45      0
       65536         16384     float     sum      -1    169.4    0.39    0.77      0    166.9    0.39    0.78      0
      131072         32768     float     sum      -1    207.4    0.63    1.25      0    207.7    0.63    1.25      0
      262144         65536     float     sum      -1    295.1    0.89    1.76      0    287.2    0.91    1.81      0
      524288        131072     float     sum      -1    362.1    1.45    2.87      0    359.6    1.46    2.89      0
     1048576        262144     float     sum      -1    461.0    2.27    4.51      0    460.0    2.28    4.52      0
     2097152        524288     float     sum      -1    681.1    3.08    6.11      0    681.8    3.08    6.10      0
     4194304       1048576     float     sum      -1   1123.7    3.73    7.41      0   1120.9    3.74    7.43      0
     8388608       2097152     float     sum      -1   1235.7    6.79   13.47      0   1244.0    6.74   13.38      0
    16777216       4194304     float     sum      -1   1553.8   10.80   21.43      0   1546.5   10.85   21.53      0
    33554432       8388608     float     sum      -1   2121.4   15.82   31.39      0   2099.9   15.98   31.71      0
    67108864      16777216     float     sum      -1   2916.0   23.01   45.67      0   2927.8   22.92   45.48      0
   134217728      33554432     float     sum      -1   4666.4   28.76   57.08      0   4695.3   28.59   56.72      0
   268435456      67108864     float     sum      -1   8334.5   32.21   63.91      0   8350.0   32.15   63.79      0
   536870912     134217728     float     sum      -1    14775   36.34   72.11      0    14799   36.28   71.99      0
  1073741824     268435456     float     sum      -1    24805   43.29   85.90      0    24891   43.14   85.60      0
  2147483648     536870912     float     sum      -1    47966   44.77   88.84      0    48486   44.29   87.89      0
  4294967296    1073741824     float     sum      -1    94903   45.26   89.81      0    95103   45.16   89.62      0
           8             2     float     sum      -1    50.67    0.00    0.00      0    48.25    0.00    0.00      0
          16             4     float     sum      -1    48.27    0.00    0.00      0    47.86    0.00    0.00      0
          32             8     float     sum      -1    47.88    0.00    0.00      0    48.72    0.00    0.00      0
          64            16     float     sum      -1    53.14    0.00    0.00      0    53.90    0.00    0.00      0
         128            32     float     sum      -1    109.6    0.00    0.00      0    107.4    0.00    0.00      0
         256            64     float     sum      -1    109.7    0.00    0.00      0    108.7    0.00    0.00      0
         512           128     float     sum      -1    111.4    0.00    0.01      0    110.2    0.00    0.01      0
        1024           256     float     sum      -1    114.2    0.01    0.02      0    113.0    0.01    0.02      0
        2048           512     float     sum      -1    119.9    0.02    0.03      0    118.5    0.02    0.03      0
        4096          1024     float     sum      -1    131.0    0.03    0.06      0    129.3    0.03    0.06      0
        8192          2048     float     sum      -1    134.1    0.06    0.12      0    131.5    0.06    0.12      0
       16384          4096     float     sum      -1    134.9    0.12    0.24      0    133.8    0.12    0.24      0
       32768          8192     float     sum      -1    149.8    0.22    0.43      0    147.4    0.22    0.44      0
       65536         16384     float     sum      -1    169.3    0.39    0.77      0    166.6    0.39    0.78      0
      131072         32768     float     sum      -1    207.2    0.63    1.26      0    203.2    0.65    1.28      0
      262144         65536     float     sum      -1    294.6    0.89    1.77      0    285.2    0.92    1.82      0
      524288        131072     float     sum      -1    362.4    1.45    2.87      0    360.4    1.45    2.89      0
     1048576        262144     float     sum      -1    459.3    2.28    4.53      0    461.3    2.27    4.51      0
     2097152        524288     float     sum      -1    681.4    3.08    6.11      0    682.0    3.08    6.10      0
     4194304       1048576     float     sum      -1   1122.0    3.74    7.42      0   1121.6    3.74    7.42      0
     8388608       2097152     float     sum      -1   1238.6    6.77   13.44      0   1240.3    6.76   13.42      0
    16777216       4194304     float     sum      -1   1542.1   10.88   21.59      0   1548.5   10.83   21.50      0
    33554432       8388608     float     sum      -1   2121.9   15.81   31.38      0   2108.5   15.91   31.58      0
    67108864      16777216     float     sum      -1   2919.9   22.98   45.61      0   2919.0   22.99   45.62      0
   134217728      33554432     float     sum      -1   4670.2   28.74   57.03      0   4694.1   28.59   56.74      0
   268435456      67108864     float     sum      -1   8308.0   32.31   64.12      0   8327.3   32.24   63.97      0
   536870912     134217728     float     sum      -1    14758   36.38   72.19      0    14808   36.26   71.95      0
  1073741824     268435456     float     sum      -1    24902   43.12   85.56      0    24819   43.26   85.85      0
  2147483648     536870912     float     sum      -1    48093   44.65   88.61      0    47858   44.87   89.04      0
  4294967296    1073741824     float     sum      -1    95286   45.07   89.44      0    94185   45.60   90.49      0
           8             2     float     sum      -1    50.18    0.00    0.00      0    48.16    0.00    0.00      0
          16             4     float     sum      -1    47.85    0.00    0.00      0    48.10    0.00    0.00      0
          32             8     float     sum      -1    47.58    0.00    0.00      0    47.75    0.00    0.00      0
          64            16     float     sum      -1    54.60    0.00    0.00      0    53.40    0.00    0.00      0
         128            32     float     sum      -1    108.3    0.00    0.00      0    107.0    0.00    0.00      0
         256            64     float     sum      -1    108.6    0.00    0.00      0    108.7    0.00    0.00      0
         512           128     float     sum      -1    111.2    0.00    0.01      0    110.2    0.00    0.01      0
        1024           256     float     sum      -1    114.1    0.01    0.02      0    113.1    0.01    0.02      0
        2048           512     float     sum      -1    119.8    0.02    0.03      0    117.4    0.02    0.03      0
        4096          1024     float     sum      -1    131.3    0.03    0.06      0    130.1    0.03    0.06      0
        8192          2048     float     sum      -1    133.7    0.06    0.12      0    131.7    0.06    0.12      0
       16384          4096     float     sum      -1    134.8    0.12    0.24      0    131.6    0.12    0.25      0
       32768          8192     float     sum      -1    147.7    0.22    0.44      0    146.4    0.22    0.44      0
       65536         16384     float     sum      -1    168.4    0.39    0.77      0    167.9    0.39    0.77      0
      131072         32768     float     sum      -1    208.1    0.63    1.25      0    204.1    0.64    1.27      0
      262144         65536     float     sum      -1    296.7    0.88    1.75      0    286.9    0.91    1.81      0
      524288        131072     float     sum      -1    362.2    1.45    2.87      0    359.2    1.46    2.90      0
     1048576        262144     float     sum      -1    459.6    2.28    4.53      0    461.4    2.27    4.51      0
     2097152        524288     float     sum      -1    681.9    3.08    6.10      0    683.4    3.07    6.09      0
     4194304       1048576     float     sum      -1   1123.1    3.73    7.41      0   1123.5    3.73    7.41      0
     8388608       2097152     float     sum      -1   1239.7    6.77   13.43      0   1238.7    6.77   13.44      0
    16777216       4194304     float     sum      -1   1552.9   10.80   21.44      0   1550.4   10.82   21.47      0
    33554432       8388608     float     sum      -1   2126.9   15.78   31.31      0   2119.5   15.83   31.41      0
    67108864      16777216     float     sum      -1   2915.9   23.01   45.67      0   2923.4   22.96   45.55      0
   134217728      33554432     float     sum      -1   4681.6   28.67   56.89      0   4697.6   28.57   56.70      0
   268435456      67108864     float     sum      -1   8323.8   32.25   63.99      0   8349.5   32.15   63.80      0
   536870912     134217728     float     sum      -1    14832   36.20   71.83      0    14774   36.34   72.11      0
  1073741824     268435456     float     sum      -1    24914   43.10   85.52      0    24894   43.13   85.59      0
  2147483648     536870912     float     sum      -1    47837   44.89   89.08      0    48050   44.69   88.69      0
  4294967296    1073741824     float     sum      -1    94758   45.33   89.94      0    94574   45.41   90.12      0
           8             2     float     sum      -1    49.81    0.00    0.00      0    49.85    0.00    0.00      0
          16             4     float     sum      -1    48.84    0.00    0.00      0    47.75    0.00    0.00      0
          32             8     float     sum      -1    47.25    0.00    0.00      0    49.15    0.00    0.00      0
          64            16     float     sum      -1    54.02    0.00    0.00      0    54.54    0.00    0.00      0
         128            32     float     sum      -1    109.3    0.00    0.00      0    107.7    0.00    0.00      0
         256            64     float     sum      -1    110.7    0.00    0.00      0    109.3    0.00    0.00      0
         512           128     float     sum      -1    112.6    0.00    0.01      0    111.0    0.00    0.01      0
        1024           256     float     sum      -1    115.2    0.01    0.02      0    114.4    0.01    0.02      0
        2048           512     float     sum      -1    119.1    0.02    0.03      0    118.8    0.02    0.03      0
        4096          1024     float     sum      -1    132.1    0.03    0.06      0    129.9    0.03    0.06      0
        8192          2048     float     sum      -1    133.3    0.06    0.12      0    130.6    0.06    0.12      0
       16384          4096     float     sum      -1    135.9    0.12    0.24      0    132.8    0.12    0.24      0
       32768          8192     float     sum      -1    148.9    0.22    0.44      0    146.0    0.22    0.45      0
       65536         16384     float     sum      -1    168.0    0.39    0.77      0    166.4    0.39    0.78      0
      131072         32768     float     sum      -1    206.8    0.63    1.26      0    203.5    0.64    1.28      0
      262144         65536     float     sum      -1    293.1    0.89    1.77      0    287.7    0.91    1.81      0
      524288        131072     float     sum      -1    362.5    1.45    2.87      0    357.8    1.47    2.91      0
     1048576        262144     float     sum      -1    459.9    2.28    4.52      0    462.7    2.27    4.50      0
     2097152        524288     float     sum      -1    680.9    3.08    6.11      0    682.6    3.07    6.10      0
     4194304       1048576     float     sum      -1   1123.3    3.73    7.41      0   1120.2    3.74    7.43      0
     8388608       2097152     float     sum      -1   1244.5    6.74   13.38      0   1246.5    6.73   13.35      0
    16777216       4194304     float     sum      -1   1551.5   10.81   21.46      0   1547.6   10.84   21.51      0
    33554432       8388608     float     sum      -1   2120.9   15.82   31.39      0   2131.1   15.74   31.24      0
    67108864      16777216     float     sum      -1   2922.3   22.96   45.57      0   2919.1   22.99   45.62      0
   134217728      33554432     float     sum      -1   4690.2   28.62   56.79      0   4690.7   28.61   56.78      0
   268435456      67108864     float     sum      -1   8328.6   32.23   63.96      0   8327.7   32.23   63.96      0
   536870912     134217728     float     sum      -1    14847   36.16   71.75      0    14803   36.27   71.97      0
  1073741824     268435456     float     sum      -1    24761   43.36   86.05      0    24826   43.25   85.83      0
  2147483648     536870912     float     sum      -1    47762   44.96   89.22      0    47922   44.81   88.92      0
  4294967296    1073741824     float     sum      -1    95029   45.20   89.69      0    94810   45.30   89.89      0
           8             2     float     sum      -1    51.67    0.00    0.00      0    48.95    0.00    0.00      0
          16             4     float     sum      -1    48.24    0.00    0.00      0    49.30    0.00    0.00      0
          32             8     float     sum      -1    47.14    0.00    0.00      0    48.00    0.00    0.00      0
          64            16     float     sum      -1    54.59    0.00    0.00      0    53.49    0.00    0.00      0
         128            32     float     sum      -1    108.8    0.00    0.00      0    107.4    0.00    0.00      0
         256            64     float     sum      -1    109.7    0.00    0.00      0    109.0    0.00    0.00      0
         512           128     float     sum      -1    111.9    0.00    0.01      0    110.3    0.00    0.01      0
        1024           256     float     sum      -1    114.9    0.01    0.02      0    113.1    0.01    0.02      0
        2048           512     float     sum      -1    120.5    0.02    0.03      0    119.2    0.02    0.03      0
        4096          1024     float     sum      -1    131.5    0.03    0.06      0    130.0    0.03    0.06      0
        8192          2048     float     sum      -1    133.9    0.06    0.12      0    131.3    0.06    0.12      0
       16384          4096     float     sum      -1    135.0    0.12    0.24      0    133.3    0.12    0.24      0
       32768          8192     float     sum      -1    148.2    0.22    0.44      0    146.1    0.22    0.45      0
       65536         16384     float     sum      -1    219.6    0.30    0.59      0    166.5    0.39    0.78      0
      131072         32768     float     sum      -1    208.7    0.63    1.25      0    203.3    0.64    1.28      0
      262144         65536     float     sum      -1    304.2    0.86    1.71      0    287.7    0.91    1.81      0
      524288        131072     float     sum      -1    362.6    1.45    2.87      0    359.0    1.46    2.90      0
     1048576        262144     float     sum      -1    461.1    2.27    4.51      0    461.3    2.27    4.51      0
     2097152        524288     float     sum      -1    683.4    3.07    6.09      0    682.1    3.07    6.10      0
     4194304       1048576     float     sum      -1   1123.2    3.73    7.41      0   1121.4    3.74    7.42      0
     8388608       2097152     float     sum      -1   1238.8    6.77   13.44      0   1239.1    6.77   13.43      0
    16777216       4194304     float     sum      -1   1551.7   10.81   21.45      0   1544.3   10.86   21.56      0
    33554432       8388608     float     sum      -1   2116.8   15.85   31.45      0   2106.6   15.93   31.61      0
    67108864      16777216     float     sum      -1   2920.3   22.98   45.60      0   2920.7   22.98   45.59      0
   134217728      33554432     float     sum      -1   4667.0   28.76   57.07      0   4721.8   28.42   56.41      0
   268435456      67108864     float     sum      -1   8360.7   32.11   63.71      0   8348.7   32.15   63.80      0
   536870912     134217728     float     sum      -1    14788   36.30   72.04      0    14863   36.12   71.68      0
  1073741824     268435456     float     sum      -1    25048   42.87   85.06      0    24891   43.14   85.60      0
  2147483648     536870912     float     sum      -1    48118   44.63   88.56      0    48028   44.71   88.73      0
  4294967296    1073741824     float     sum      -1    94358   45.52   90.32      0    95660   44.90   89.10      0
           8             2     float     sum      -1    50.30    0.00    0.00      0    47.52    0.00    0.00      0
          16             4     float     sum      -1    48.41    0.00    0.00      0    47.47    0.00    0.00      0
          32             8     float     sum      -1    48.04    0.00    0.00      0    48.30    0.00    0.00      0
          64            16     float     sum      -1    54.76    0.00    0.00      0    53.97    0.00    0.00      0
         128            32     float     sum      -1    108.4    0.00    0.00      0    107.4    0.00    0.00      0
         256            64     float     sum      -1    109.1    0.00    0.00      0    109.0    0.00    0.00      0
         512           128     float     sum      -1    111.4    0.00    0.01      0    110.6    0.00    0.01      0
        1024           256     float     sum      -1    114.2    0.01    0.02      0    113.0    0.01    0.02      0
        2048           512     float     sum      -1    119.2    0.02    0.03      0    119.2    0.02    0.03      0
        4096          1024     float     sum      -1    131.3    0.03    0.06      0    128.7    0.03    0.06      0
        8192          2048     float     sum      -1    132.3    0.06    0.12      0    130.9    0.06    0.12      0
       16384          4096     float     sum      -1    135.0    0.12    0.24      0    132.6    0.12    0.25      0
       32768          8192     float     sum      -1    149.2    0.22    0.44      0    146.2    0.22    0.44      0
       65536         16384     float     sum      -1    170.8    0.38    0.76      0    166.5    0.39    0.78      0
      131072         32768     float     sum      -1    206.8    0.63    1.26      0    202.7    0.65    1.28      0
      262144         65536     float     sum      -1    294.3    0.89    1.77      0    287.3    0.91    1.81      0
      524288        131072     float     sum      -1    361.5    1.45    2.88      0    359.9    1.46    2.89      0
     1048576        262144     float     sum      -1    460.6    2.28    4.52      0    460.9    2.28    4.51      0
     2097152        524288     float     sum      -1    681.8    3.08    6.10      0    682.6    3.07    6.10      0
     4194304       1048576     float     sum      -1   1123.5    3.73    7.41      0   1121.9    3.74    7.42      0
     8388608       2097152     float     sum      -1   1239.4    6.77   13.43      0   1235.7    6.79   13.47      0
    16777216       4194304     float     sum      -1   1550.1   10.82   21.48      0   1547.0   10.85   21.52      0
    33554432       8388608     float     sum      -1   2123.1   15.80   31.36      0   2125.0   15.79   31.33      0
    67108864      16777216     float     sum      -1   2914.2   23.03   45.70      0   2912.0   23.05   45.73      0
   134217728      33554432     float     sum      -1   4663.1   28.78   57.12      0   4724.4   28.41   56.37      0
   268435456      67108864     float     sum      -1   8297.5   32.35   64.20      0   8350.6   32.15   63.79      0
   536870912     134217728     float     sum      -1    14805   36.26   71.96      0    14850   36.15   71.74      0
  1073741824     268435456     float     sum      -1    24758   43.37   86.06      0    24845   43.22   85.76      0
  2147483648     536870912     float     sum      -1    47804   44.92   89.14      0    48451   44.32   87.95      0
  4294967296    1073741824     float     sum      -1    95152   45.14   89.57      0    93746   45.82   90.91      0
