        size         count      type   redop    root     time   algbw   busbw #wrong     time   algbw   busbw #wrong
         (B)    (elements)                               (us)  (GB/s)  (GB/s)            (us)  (GB/s)  (GB/s)       
           8             2     float     sum      -1     8.74    0.00    0.00      0     8.18    0.00    0.00      0
          16             4     float     sum      -1     8.20    0.00    0.00      0     8.22    0.00    0.00      0
          32             8     float     sum      -1     8.55    0.00    0.01      0     8.60    0.00    0.01      0
          64            16     float     sum      -1     9.30    0.01    0.01      0     9.11    0.01    0.01      0
         128            32     float     sum      -1     9.32    0.01    0.02      0     9.24    0.01    0.02      0
         256            64     float     sum      -1     9.63    0.03    0.04      0     9.19    0.03    0.04      0
         512           128     float     sum      -1     9.67    0.05    0.08      0     9.30    0.06    0.08      0
        1024           256     float     sum      -1     9.79    0.10    0.16      0     9.33    0.11    0.16      0
        2048           512     float     sum      -1     9.77    0.21    0.31      0     9.42    0.22    0.33      0
        4096          1024     float     sum      -1     9.98    0.41    0.62      0     9.49    0.43    0.65      0
        8192          2048     float     sum      -1    10.21    0.80    1.20      0     9.86    0.83    1.25      0
       16384          4096     float     sum      -1    10.94    1.50    2.25      0    10.49    1.56    2.34      0
       32768          8192     float     sum      -1    11.08    2.96    4.44      0    10.72    3.06    4.58      0
       65536         16384     float     sum      -1    11.37    5.76    8.65      0    10.81    6.06    9.09      0
      131072         32768     float     sum      -1    11.68   11.22   16.83      0    11.22   11.69   17.53      0
      262144         65536     float     sum      -1    11.93   21.97   32.95      0    11.42   22.96   34.44      0
      524288        131072     float     sum      -1    14.94   35.09   52.64      0    13.89   37.75   56.62      0
     1048576        262144     float     sum      -1    18.90   55.49   83.24      0    18.68   56.14   84.21      0
     2097152        524288     float     sum      -1    30.09   69.70  104.55      0    29.98   69.95  104.92      0
     4194304       1048576     float     sum      -1    42.63   98.39  147.59      0    42.24   99.29  148.93      0
     8388608       2097152     float     sum      -1    61.45  136.50  204.75      0    60.94  137.64  206.46      0
    16777216       4194304     float     sum      -1    102.2  164.22  246.33      0    100.2  167.46  251.18      0
    33554432       8388608     float     sum      -1    179.1  187.34  281.01      0    178.4  188.09  282.13      0
    67108864      16777216     float     sum      -1    334.4  200.66  300.99      0    331.6  202.39  303.59      0
   134217728      33554432     float     sum      -1    634.8  211.44  317.16      0    632.2  212.30  318.45      0
   268435456      67108864     float     sum      -1   1226.7  218.83  328.24      0   1224.1  219.30  328.95      0
   536870912     134217728     float     sum      -1   2407.5  223.00  334.50      0   2407.8  222.97  334.46      0
  1073741824     268435456     float     sum      -1   4748.3  226.13  339.20      0   4751.2  226.00  338.99      0
  2147483648     536870912     float     sum      -1   9482.4  226.47  339.71      0   9475.0  226.65  339.97      0
  4294967296    1073741824     float     sum      -1    18915  227.07  340.60      0    18940  226.77  340.15      0
           8             2     float     sum      -1     8.23    0.00    0.00      0     8.21    0.00    0.00      0
          16             4     float     sum      -1     8.25    0.00    0.00      0     8.23    0.00    0.00      0
          32             8     float     sum      -1     8.52    0.00    0.01      0     8.57    0.00    0.01      0
          64            16     float     sum      -1     9.26    0.01    0.01      0     9.05    0.01    0.01      0
         128            32     float     sum      -1     9.37    0.01    0.02      0     9.18    0.01    0.02      0
         256            64     float     sum      -1     9.60    0.03    0.04      0     9.21    0.03    0.04      0
         512           128     float     sum      -1     9.72    0.05    0.08      0     9.29    0.06    0.08      0
        1024           256     float     sum      -1     9.77    0.10    0.16      0     9.33    0.11    0.16      0
        2048           512     float     sum      -1     9.76    0.21    0.31      0     9.40    0.22    0.33      0
        4096          1024     float     sum      -1     9.97    0.41    0.62      0     9.48    0.43    0.65      0
        8192          2048     float     sum      -1    10.17    0.81    1.21      0     9.80    0.84    1.25      0
       16384          4096     float     sum      -1    11.04    1.48    2.23      0    10.54    1.56    2.33      0
       32768          8192     float     sum      -1    11.08    2.96    4.44      0    10.77    3.04    4.56      0
       65536         16384     float     sum      -1    11.31    5.80    8.69      0    10.85    6.04    9.06      0
      131072         32768     float     sum      -1    11.62   11.28   16.92      0    11.27   11.63   17.44      0
      262144         65536     float     sum      -1    11.87   22.08   33.12      0    11.43   22.94   34.41      0
      524288        131072     float     sum      -1    14.86   35.28   52.92      0    13.89   37.74   56.60      0
     1048576        262144     float     sum      -1    18.75   55.92   83.88      0    18.72   56.01   84.01      0
     2097152        524288     float     sum      -1    30.09   69.69  104.54      0    30.01   69.88  104.82      0
     4194304       1048576     float     sum      -1    42.51   98.66  147.99      0    42.15   99.50  149.25      0
     8388608       2097152     float     sum      -1    61.71  135.94  203.91      0    60.91  137.72  206.58      0
    16777216       4194304     float     sum      -1    101.8  164.85  247.27      0    100.1  167.64  251.46      0
    33554432       8388608     float     sum      -1    179.5  186.95  280.42      0    178.9  187.58  281.37      0
    67108864      16777216     float     sum      -1    334.8  200.47  300.70      0    333.2  201.42  302.13      0
   134217728      33554432     float     sum      -1    632.4  212.25  318.37      0    633.4  211.89  317.83      0
   268435456      67108864     float     sum      -1   1227.4  218.70  328.06      0   1224.4  219.25  328.87      0
   536870912     134217728     float     sum      -1   2406.2  223.12  334.68      0   2408.8  222.88  334.32      0
  1073741824     268435456     float     sum      -1   4745.5  226.26  339.40      0   4752.7  225.92  338.89      0
  2147483648     536870912     float     sum      -1   9469.1  226.79  340.18      0   9464.7  226.89  340.34      0
  4294967296    1073741824     float     sum      -1    18956  226.57  339.86      0    18930  226.88  340.32      0
           8             2     float     sum      -1     8.25    0.00    0.00      0     8.31    0.00    0.00      0
          16             4     float     sum      -1     8.22    0.00    0.00      0     8.23    0.00    0.00      0
          32             8     float     sum      -1     8.53    0.00    0.01      0     8.69    0.00    0.01      0
          64            16     float     sum      -1     9.32    0.01    0.01      0     9.15    0.01    0.01      0
         128            32     float     sum      -1     9.29    0.01    0.02      0     9.16    0.01    0.02      0
         256            64     float     sum      -1     9.64    0.03    0.04      0     9.19    0.03    0.04      0
         512           128     float     sum      -1     9.52    0.05    0.08      0     9.28    0.06    0.08      0
        1024           256     float     sum      -1     9.80    0.10    0.16      0     9.26    0.11    0.17      0
        2048           512     float     sum      -1     9.71    0.21    0.32      0     9.53    0.21    0.32      0
        4096          1024     float     sum      -1     9.95    0.41    0.62      0     9.44    0.43    0.65      0
        8192          2048     float     sum      -1    10.11    0.81    1.22      0     9.81    0.84    1.25      0
       16384          4096     float     sum      -1    10.95    1.50    2.25      0    10.51    1.56    2.34      0
       32768          8192     float     sum      -1    11.12    2.95    4.42      0    10.77    3.04    4.56      0
       65536         16384     float     sum      -1    11.36    5.77    8.65      0    10.89    6.02    9.03      0
      131072         32768     float     sum      -1    11.71   11.20   16.80      0    11.28   11.62   17.42      0
      262144         65536     float     sum      -1    11.77   22.26   33.40      0    11.35   23.09   34.64      0
      524288        131072     float     sum      -1    14.92   35.15   52.72      0    13.91   37.69   56.53      0
     1048576        262144     float     sum      -1    18.81   55.75   83.63      0    18.84   55.65   83.47      0
     2097152        524288     float     sum      -1    30.10   69.68  104.52      0    30.11   69.65  104.47      0
     4194304       1048576     float     sum      -1    42.64   98.36  147.54      0    42.15   99.50  149.26      0
     8388608       2097152     float     sum      -1    61.88  135.57  203.36      0    61.00  137.53  206.29      0
    16777216       4194304     float     sum      -1    102.5  163.69  245.53      0    100.2  167.41  251.11      0
    33554432       8388608     float     sum      -1    178.1  188.42  282.63      0    179.3  187.14  280.71      0
    67108864      16777216     float     sum      -1    334.7  200.49  300.74      0    333.3  201.34  302.01      0
   134217728      33554432     float     sum      -1    631.7  212.47  318.71      0    632.4  212.22  318.34      0
   268435456      67108864     float     sum      -1   1224.1  219.28  328.93      0   1227.8  218.63  327.95      0
   536870912     134217728     float     sum      -1   2406.0  223.14  334.71      0   2407.4  223.01  334.51      0
  1073741824     268435456     float     sum      -1   4755.0  225.81  338.72      0   4760.3  225.56  338.35      0
  2147483648     536870912     float     sum      -1   9470.1  226.76  340.15      0   9475.8  226.63  339.94      0
  4294967296    1073741824     float     sum      -1    18939  226.78  340.17      0    18958  226.56  339.83      0
           8             2     float     sum      -1     8.35    0.00    0.00      0     8.17    0.00    0.00      0
          16             4     float     sum      -1     8.19    0.00    0.00      0     8.24    0.00    0.00      0
          32             8     float     sum      -1     8.55    0.00    0.01      0     8.57    0.00    0.01      0
          64            16     float     sum      -1     9.20    0.01    0.01      0     9.13    0.01    0.01      0
         128            32     float     sum      -1     9.28    0.01    0.02      0     9.16    0.01    0.02      0
         256            64     float     sum      -1     9.64    0.03    0.04      0     9.20    0.03    0.04      0
         512           128     float     sum      -1     9.52    0.05    0.08      0     9.28    0.06    0.08      0
        1024           256     float     sum      -1     9.76    0.10    0.16      0     9.25    0.11    0.17      0
        2048           512     float     sum      -1     9.75    0.21    0.32      0     9.38    0.22    0.33      0
        4096          1024     float     sum      -1     9.92    0.41    0.62      0     9.44    0.43    0.65      0
        8192          2048     float     sum      -1    10.22    0.80    1.20      0     9.80    0.84    1.25      0
       16384          4096     float     sum      -1    10.92    1.50    2.25      0    10.49    1.56    2.34      0
       32768          8192     float     sum      -1    11.10    2.95    4.43      0    10.72    3.06    4.59      0
       65536         16384     float     sum      -1    11.29    5.80    8.71      0    10.87    6.03    9.04      0
      131072         32768     float     sum      -1    11.64   11.26   16.89      0    11.19   11.71   17.56      0
      262144         65536     float     sum      -1    11.84   22.15   33.22      0    11.39   23.02   34.53      0
      524288        131072     float     sum      -1    14.93   35.11   52.66      0    13.91   37.68   56.52      0
     1048576        262144     float     sum      -1    18.80   55.78   83.67      0    18.72   56.00   84.00      0
     2097152        524288     float     sum      -1    30.05   69.78  104.67      0    29.92   70.09  105.14      0
     4194304       1048576     float     sum      -1    42.67   98.29  147.43      0    42.15   99.51  149.27      0
     8388608       2097152     float     sum      -1    61.60  136.18  204.27      0    60.94  137.66  206.49      0
    16777216       4194304     float     sum      -1    101.7  164.96  247.44      0    100.4  167.03  250.54      0
    33554432       8388608     float     sum      -1    178.5  187.99  281.99      0    178.1  188.35  282.53      0
    67108864      16777216     float     sum      -1    337.1  199.10  298.64      0    332.3  201.98  302.97      0
   134217728      33554432     float     sum      -1    632.8  212.11  318.16      0    634.4  211.56  317.34      0
   268435456      67108864     float     sum      -1   1224.7  219.19  328.78      0   1225.9  218.97  328.45      0
   536870912     134217728     float     sum      -1   2406.9  223.05  334.58      0   2407.7  222.98  334.46      0
  1073741824     268435456     float     sum      -1   4749.5  226.08  339.11      0   4754.8  225.82  338.73      0
  2147483648     536870912     float     sum      -1   9463.8  226.92  340.37      0   9478.0  226.58  339.86      0
  4294967296    1073741824     float     sum      -1    18923  226.97  340.46      0    18938  226.80  340.19      0
           8             2     float     sum      -1     8.24    0.00    0.00      0     8.25    0.00    0.00      0
          16             4     float     sum      -1     8.29    0.00    0.00      0     8.20    0.00    0.00      0
          32             8     float     sum      -1     8.57    0.00    0.01      0     8.62    0.00    0.01      0
          64            16     float     sum      -1     9.27    0.01    0.01      0     9.13    0.01    0.01      0
         128            32     float     sum      -1     9.34    0.01    0.02      0     9.18    0.01    0.02      0
         256            64     float     sum      -1     9.62    0.03    0.04      0     9.20    0.03    0.04      0
         512           128     float     sum      -1     9.75    0.05    0.08      0     9.44    0.05    0.08      0
        1024           256     float     sum      -1     9.75    0.11    0.16      0     9.37    0.11    0.16      0
        2048           512     float     sum      -1     9.83    0.21    0.31      0     9.41    0.22    0.33      0
        4096          1024     float     sum      -1     9.91    0.41    0.62      0     9.50    0.43    0.65      0
        8192          2048     float     sum      -1    10.16    0.81    1.21      0     9.83    0.83    1.25      0
       16384          4096     float     sum      -1    10.89    1.50    2.26      0    10.48    1.56    2.35      0
       32768          8192     float     sum      -1    11.05    2.96    4.45      0    10.73    3.05    4.58      0
       65536         16384     float     sum      -1    11.36    5.77    8.66      0    10.85    6.04    9.06      0
      131072         32768     float     sum      -1    11.68   11.22   16.83      0    11.20   11.70   17.55      0
      262144         65536     float     sum      -1    11.80   22.22   33.33      0    11.43   22.94   34.41      0
      524288        131072     float     sum      -1    14.87   35.26   52.89      0    13.95   37.59   56.39      0
     1048576        262144     float     sum      -1    18.79   55.80   83.69      0    18.78   55.83   83.74      0
     2097152        524288     float     sum      -1    30.17   69.52  104.28      0    30.00   69.89  104.84      0
     4194304       1048576     float     sum      -1    42.69   98.26  147.39      0    42.13   99.56  149.34      0
     8388608       2097152     float     sum      -1    61.69  135.99  203.99      0    60.82  137.93  206.90      0
    16777216       4194304     float     sum      -1    102.5  163.61  245.42      0    99.93  167.89  251.83      0
    33554432       8388608     float     sum      -1    178.9  187.55  281.32      0    178.0  188.54  282.81      0
    67108864      16777216     float     sum      -1    334.8  200.46  300.69      0    333.6  201.15  301.72      0
   134217728      33554432     float     sum      -1    634.2  211.65  317.47      0    633.6  211.85  317.77      0
   268435456      67108864     float     sum      -1   1225.4  219.06  328.59      0   1225.3  219.08  328.62      0
   536870912     134217728     float     sum      -1   2404.1  223.31  334.97      0   2412.3  222.56  333.83      0
  1073741824     268435456     float     sum      -1   4761.6  225.50  338.25      0   4754.9  225.82  338.73      0
  2147483648     536870912     float     sum      -1   9472.4  226.71  340.07      0   9470.6  226.75  340.13      0
  4294967296    1073741824     float     sum      -1    18930  226.89  340.33      0    18933  226.85  340.28      0
           8             2     float     sum      -1     8.27    0.00    0.00      0     8.21    0.00    0.00      0
          16             4     float     sum      -1     8.20    0.00    0.00      0     8.22    0.00    0.00      0
          32             8     float     sum      -1     8.60    0.00    0.01      0     8.68    0.00    0.01      0
          64            16     float     sum      -1     9.21    0.01    0.01      0     9.13    0.01    0.01      0
         128            32     float     sum      -1     9.34    0.01    0.02      0     9.16    0.01    0.02      0
         256            64     float     sum      -1     9.63    0.03    0.04      0     9.21    0.03    0.04      0
         512           128     float     sum      -1     9.62    0.05    0.08      0     9.30    0.06    0.08      0
        1024           256     float     sum      -1     9.76    0.10    0.16      0     9.30    0.11    0.17      0
        2048           512     float     sum      -1     9.80    0.21    0.31      0     9.42    0.22    0.33      0
        4096          1024     float     sum      -1     9.86    0.42    0.62      0     9.48    0.43    0.65      0
        8192          2048     float     sum      -1    10.14    0.81    1.21      0     9.83    0.83    1.25      0
       16384          4096     float     sum      -1    11.00    1.49    2.24      0    10.48    1.56    2.34      0
       32768          8192     float     sum      -1    11.05    2.97    4.45      0    10.74    3.05    4.58      0
       65536         16384     float     sum      -1    11.35    5.77    8.66      0    10.83    6.05    9.08      0
      131072         32768     float     sum      -1    11.67   11.23   16.84      0    11.19   11.71   17.56      0
      262144         65536     float     sum      -1    11.80   22.22   33.32      0    11.42   22.95   34.43      0
      524288        131072     float     sum      -1    14.91   35.15   52.73      0    13.99   37.48   56.21      0
     1048576        262144     float     sum      -1    18.78   55.83   83.75      0    18.79   55.81   83.71      0
     2097152        524288     float     sum      -1    30.13   69.61  104.41      0    30.13   69.61  104.42      0
     4194304       1048576     float     sum      -1    42.61   98.43  147.64      0    42.21   99.37  149.05      0
     8388608       2097152     float     sum      -1    61.39  136.64  204.96      0    60.71  138.17  207.26      0
    16777216       4194304     float     sum      -1    102.6  163.57  245.35      0    99.98  167.80  251.70      0
    33554432       8388608     float     sum      -1    179.0  187.43  281.14      0    178.3  188.19  282.28      0
    67108864      16777216     float     sum      -1    333.7  201.13  301.70      0    332.8  201.65  302.48      0
   134217728      33554432     float     sum      -1    633.1  211.99  317.99      0    632.7  212.12  318.18      0
   268435456      67108864     float     sum      -1   1226.9  218.79  328.18      0   1224.5  219.22  328.83      0
   536870912     134217728     float     sum      -1   2407.9  222.96  334.45      0   2410.4  222.73  334.10      0
  1073741824     268435456     float     sum      -1   4759.7  225.59  338.38      0   4748.9  226.11  339.16      0
  2147483648     536870912     float     sum      -1   9484.9  226.41  339.62      0   9477.1  226.60  339.89      0
  4294967296    1073741824     float     sum      -1    18939  226.78  340.17      0    18906  227.17  340.76      0
           8             2     float     sum      -1     8.25    0.00    0.00      0     8.25    0.00    0.00      0
          16             4     float     sum      -1     8.25    0.00    0.00      0     8.24    0.00    0.00      0
          32             8     float     sum      -1     8.58    0.00    0.01      0     8.60    0.00    0.01      0
          64            16     float     sum      -1     9.25    0.01    0.01      0     9.11    0.01    0.01      0
         128            32     float     sum      -1     9.34    0.01    0.02      0     9.15    0.01    0.02      0
         256            64     float     sum      -1     9.64    0.03    0.04      0     9.22    0.03    0.04      0
         512           128     float     sum      -1     9.56    0.05    0.08      0     9.27    0.06    0.08      0
        1024           256     float     sum      -1     9.69    0.11    0.16      0     9.35    0.11    0.16      0
        2048           512     float     sum      -1     9.81    0.21    0.31      0     9.46    0.22    0.32      0
        4096          1024     float     sum      -1     9.92    0.41    0.62      0     9.45    0.43    0.65      0
        8192          2048     float     sum      -1    10.12    0.81    1.21      0     9.81    0.84    1.25      0
       16384          4096     float     sum      -1    10.99    1.49    2.24      0    10.49    1.56    2.34      0
       32768          8192     float     sum      -1    11.10    2.95    4.43      0    10.69    3.06    4.60      0
       65536         16384     float     sum      -1    11.31    5.79    8.69      0    10.82    6.06    9.09      0
      131072         32768     float     sum      -1    11.64   11.26   16.89      0    11.22   11.69   17.53      0
      262144         65536     float     sum      -1    11.90   22.02   33.03      0    11.41   22.97   34.45      0
      524288        131072     float     sum      -1    14.88   35.24   52.86      0    13.98   37.50   56.25      0
     1048576        262144     float     sum      -1    18.74   55.94   83.92      0    18.68   56.13   84.19      0
     2097152        524288     float     sum      -1    30.31   69.19  103.78      0    30.01   69.88  104.82      0
     4194304       1048576     float     sum      -1    42.69   98.24  147.36      0    42.27   99.24  148.86      0
     8388608       2097152     float     sum      -1    61.62  136.12  204.19      0    61.05  137.40  206.10      0
    16777216       4194304     float     sum      -1    102.4  163.81  245.72      0    100.4  167.05  250.58      0
    33554432       8388608     float     sum      -1    179.3  187.09  280.64      0    178.7  187.81  281.71      0
    67108864      16777216     float     sum      -1    332.8  201.64  302.46      0    332.0  202.11  303.16      0
   134217728      33554432     float     sum      -1    634.1  211.66  317.50      0    631.7  212.46  318.69      0
   268435456      67108864     float     sum      -1   1224.7  219.18  328.77      0   1227.1  218.76  328.14      0
   536870912     134217728     float     sum      -1   2409.2  222.84  334.26      0   2409.5  222.82  334.23      0
  1073741824     268435456     float     sum      -1   4759.7  225.59  338.38      0   4753.0  225.91  338.86      0
  2147483648     536870912     float     sum      -1   9475.4  226.64  339.96      0   9483.6  226.44  339.66      0
  4294967296    1073741824     float     sum      -1    18943  226.73  340.09      0    18946  226.70  340.04      0
           8             2     float     sum      -1     8.22    0.00    0.00      0     8.22    0.00    0.00      0
          16             4     float     sum      -1     8.23    0.00    0.00      0     8.20    0.00    0.00      0
          32             8     float     sum      -1     8.57    0.00    0.01      0     8.56    0.00    0.01      0
          64            16     float     sum      -1     9.24    0.01    0.01      0     9.11    0.01    0.01      0
         128            32     float     sum      -1     9.27    0.01    0.02      0     9.17    0.01    0.02      0
         256            64     float     sum      -1     9.64    0.03    0.04      0     9.31    0.03    0.04      0
         512           128     float     sum      -1     9.61    0.05    0.08      0     9.34    0.05    0.08      0
        1024           256     float     sum      -1     9.77    0.10    0.16      0     9.21    0.11    0.17      0
        2048           512     float     sum      -1     9.78    0.21    0.31      0     9.34    0.22    0.33      0
        4096          1024     float     sum      -1     9.99    0.41    0.62      0     9.56    0.43    0.64      0
        8192          2048     float     sum      -1    10.17    0.81    1.21      0     9.80    0.84    1.25      0
       16384          4096     float     sum      -1    10.97    1.49    2.24      0    10.52    1.56    2.34      0
       32768          8192     float     sum      -1    11.07    2.96    4.44      0    10.78    3.04    4.56      0
       65536         16384     float     sum      -1    11.33    5.78    8.67      0    10.85    6.04    9.06      0
      131072         32768     float     sum      -1    11.69   11.21   16.82      0    11.26   11.64   17.46      0
      262144         65536     float     sum      -1    11.89   22.05   33.08      0    11.34   23.12   34.69      0
      524288        131072     float     sum      -1    14.99   34.98   52.48      0    14.00   37.46   56.19      0
     1048576        262144     float     sum      -1    18.82   55.71   83.57      0    18.78   55.85   83.77      0
     2097152        524288     float     sum      -1    30.08   69.71  104.57      0    29.97   69.97  104.96      0
     4194304       1048576     float     sum      -1    42.71   98.19  147.29      0    42.36   99.02  148.53      0
     8388608       2097152     float     sum      -1    61.57  136.25  204.38      0    60.91  137.72  206.58      0
    16777216       4194304     float     sum      -1    102.3  164.07  246.11      0    100.3  167.30  250.94      0
    33554432       8388608     float     sum      -1    178.7  187.72  281.59      0    177.7  188.86  283.29      0
    67108864      16777216     float     sum      -1    332.5  201.83  302.75      0    333.6  201.19  301.78      0
   134217728      33554432     float     sum      -1    633.3  211.92  317.88      0    632.9  212.05  318.08      0
   268435456      67108864     float     sum      -1   1227.1  218.75  328.13      0   1227.0  218.77  328.15      0
   536870912     134217728     float     sum      -1   2412.9  222.50  333.74      0   2408.3  222.93  334.39      0
  1073741824     268435456     float     sum      -1   4759.4  225.61  338.41      0   4746.5  226.22  339.32      0
  2147483648     536870912     float     sum      -1   9470.1  226.76  340.15      0   9483.5  226.44  339.67      0
  4294967296    1073741824     float     sum      -1    18962  226.50  339.75      0    18945  226.71  340.06      0
           8             2     float     sum      -1     8.30    0.00    0.00      0     8.23    0.00    0.00      0
          16             4     float     sum      -1     8.18    0.00    0.00      0     8.14    0.00    0.00      0
          32             8     float     sum      -1     8.56    0.00    0.01      0     8.61    0.00    0.01      0
          64            16     float     sum      -1     9.30    0.01    0.01      0     9.11    0.01    0.01      0
         128            32     float     sum      -1     9.35    0.01    0.02      0     9.22    0.01    0.02      0
         256            64     float     sum      -1     9.70    0.03    0.04      0     9.16    0.03    0.04      0
         512           128     float     sum      -1     9.61    0.05    0.08      0     9.21    0.06    0.08      0
        1024           256     float     sum      -1     9.87    0.10    0.16      0     9.26    0.11    0.17      0
        2048           512     float     sum      -1     9.77    0.21    0.31      0     9.43    0.22    0.33      0
        4096          1024     float     sum      -1     9.86    0.42    0.62      0     9.49    0.43    0.65      0
        8192          2048     float     sum      -1    10.12    0.81    1.21      0     9.80    0.84    1.25      0
       16384          4096     float     sum      -1    10.94    1.50    2.25      0    10.50    1.56    2.34      0
       32768          8192     float     sum      -1    11.07    2.96    4.44      0    10.71    3.06    4.59      0
       65536         16384     float     sum      -1    11.38    5.76    8.64      0    10.82    6.05    9.08      0
      131072         32768     float     sum      -1    11.68   11.22   16.83      0    11.26   11.64   17.47      0
      262144         65536     float     sum      -1    11.79   22.23   33.35      0    11.48   22.84   34.26      0
      524288        131072     float     sum      -1    14.96   35.05   52.57      0    13.90   37.71   56.56      0
     1048576        262144     float     sum      -1    18.82   55.71   83.56      0    18.66   56.18   84.27      0
     2097152        524288     float     sum      -1    30.06   69.77  104.65      0    30.04   69.82  104.73      0
     4194304       1048576     float     sum      -1    42.83   97.93  146.90      0    42.25   99.28  148.92      0
     8388608       2097152     float     sum      -1    61.61  136.16  204.24      0    61.01  137.49  206.24      0
    16777216       4194304     float     sum      -1    102.5  163.68  245.51      0    100.2  167.40  251.10      0
    33554432       8388608     float     sum      -1    178.3  188.20  282.30      0    178.5  187.98  281.96      0
    67108864      16777216     float     sum      -1    333.8  201.05  301.57      0    333.7  201.10  301.64      0
   134217728      33554432     float     sum      -1    635.1  211.32  316.98      0    633.3  211.93  317.89      0
   268435456      67108864     float     sum      -1   1227.6  218.66  327.99      0   1225.7  219.01  328.52      0
   536870912     134217728     float     sum      -1   2408.8  222.88  334.31      0   2406.7  223.07  334.60      0
  1073741824     268435456     float     sum      -1   4754.4  225.84  338.76      0   4748.1  226.14  339.21      0
  2147483648     536870912     float     sum      -1   9479.8  226.53  339.80      0   9466.8  226.84  340.27      0
  4294967296    1073741824     float     sum      -1    18944  226.72  340.08      0    18929  226.90  340.35      0
           8             2     float     sum      -1     8.19    0.00    0.00      0     8.24    0.00    0.00      0
          16             4     float     sum      -1     8.21    0.00    0.00      0     8.19    0.00    0.00      0
          32             8     float     sum      -1     8.61    0.00    0.01      0     8.56    0.00    0.01      0
          64            16     float     sum      -1     9.26    0.01    0.01      0     9.13    0.01    0.01      0
         128            32     float     sum      -1     9.30    0.01    0.02      0     9.19    0.01    0.02      0
         256            64     float     sum      -1     9.67    0.03    0.04      0     9.18    0.03    0.04      0
         512           128     float     sum      -1     9.56    0.05    0.08      0     9.21    0.06    0.08      0
        1024           256     float     sum      -1     9.73    0.11    0.16      0     9.30    0.11    0.17      0
        2048           512     float     sum      -1     9.76    0.21    0.31      0     9.43    0.22    0.33      0
        4096          1024     float     sum      -1     9.95    0.41    0.62      0     9.53    0.43    0.64      0
        8192          2048     float     sum      -1    10.15    0.81    1.21      0     9.78    0.84    1.26      0
       16384          4096     float     sum      -1    10.94    1.50    2.25      0    10.44    1.57    2.35      0
       32768          8192     float     sum      -1    11.12    2.95    4.42      0    10.74    3.05    4.58      0
       65536         16384     float     sum      -1    11.28    5.81    8.72      0    10.80    6.07    9.11      0
      131072         32768     float     sum      -1    11.66   11.25   16.87      0    11.27   11.63   17.45      0
      262144         65536     float     sum      -1    11.84   22.14   33.21      0    11.41   22.97   34.46      0
      524288        131072     float     sum      -1    14.83   35.36   53.05      0    13.98   37.50   56.24      0
     1048576        262144     float     sum      -1    18.73   55.98   83.97      0    18.73   56.00   84.00      0
     2097152        524288     float     sum      -1    30.10   69.67  104.51      0    30.00   69.91  104.86      0
     4194304       1048576     float     sum      -1    42.63   98.39  147.58      0    42.16   99.48  149.22      0
     8388608       2097152     float     sum      -1    61.63  136.11  204.17      0    60.93  137.68  206.51      0
    16777216       4194304     float     sum      -1    102.3  164.00  246.00      0    100.3  167.31  250.96      0
    33554432       8388608     float     sum      -1    179.9  186.48  279.73      0    178.2  188.31  282.46      0
    67108864      16777216     float     sum      -1    334.1  200.88  301.32      0    332.2  202.01  303.01      0
   134217728      33554432     float     sum      -1    634.1  211.67  317.51      0    632.5  212.19  318.29      0
   268435456      67108864     float     sum      -1   1224.9  219.15  328.72      0   1227.1  218.76  328.14      0
   536870912     134217728     float     sum      -1   2397.5  223.93  335.90      0   2404.4  223.29  334.93      0
  1073741824     268435456     float     sum      -1   4760.3  225.56  338.34      0   4747.5  226.17  339.25      0
  2147483648     536870912     float     sum      -1   9477.9  226.58  339.87      0   9477.6  226.59  339.88      0
  4294967296    1073741824     float     sum      -1    18969  226.42  339.63      0    18933  226.85  340.28      0
