        size         count      type   redop    root     time   algbw   busbw #wrong     time   algbw   busbw #wrong
         (B)    (elements)                               (us)  (GB/s)  (GB/s)            (us)  (GB/s)  (GB/s)       
           8             2     float     sum      -1    15.88    0.00    0.00      0    15.27    0.00    0.00      0
          16             4     float     sum      -1    15.24    0.00    0.00      0    15.02    0.00    0.00      0
          32             8     float     sum      -1    15.22    0.00    0.00      0    15.21    0.00    0.00      0
          64            16     float     sum      -1    16.60    0.00    0.01      0    16.59    0.00    0.01      0
         128            32     float     sum      -1    25.54    0.01    0.01      0    25.39    0.01    0.01      0
         256            64     float     sum      -1    25.77    0.01    0.02      0    25.36    0.01    0.02      0
         512           128     float     sum      -1    26.02    0.02    0.03      0    26.00    0.02    0.03      0
        1024           256     float     sum      -1    27.08    0.04    0.07      0    27.07    0.04    0.07      0
        2048           512     float     sum      -1    27.70    0.07    0.13      0    27.76    0.07    0.13      0
        4096          1024     float     sum      -1    30.29    0.14    0.24      0    29.67    0.14    0.24      0
        8192          2048     float     sum      -1    31.40    0.26    0.46      0    30.63    0.27    0.47      0
       16384          4096     float     sum      -1    38.89    0.42    0.74      0    37.90    0.43    0.76      0
       32768          8192     float     sum      -1    53.72    0.61    1.07      0    53.66    0.61    1.07      0
       65536         16384     float     sum      -1    94.67    0.69    1.21      0    90.48    0.72    1.27      0
      131072         32768     float     sum      -1    238.7    0.55    0.96      0    217.5    0.60    1.05      0
      262144         65536     float     sum      -1    290.7    0.90    1.58      0    283.9    0.92    1.62      0
      524288        131072     float     sum      -1    381.5    1.37    2.41      0    377.7    1.39    2.43      0
     1048576        262144     float     sum      -1    486.2    2.16    3.77      0    482.7    2.17    3.80      0
     2097152        524288     float     sum      -1    191.3   10.96   19.19      0    190.3   11.02   19.28      0
     4194304       1048576     float     sum      -1    321.8   13.04   22.81      0    315.3   13.30   23.28      0
     8388608       2097152     float     sum      -1    386.6   21.70   37.97      0    376.3   22.29   39.01      0
    16777216       4194304     float     sum      -1    520.8   32.21   56.37      0    491.7   34.12   59.71      0
    33554432       8388608     float     sum      -1   1034.3   32.44   56.77      0   1098.4   30.55   53.46      0
    67108864      16777216     float     sum      -1   1203.5   55.76   97.59      0   1215.8   55.20   96.60      0
   134217728      33554432     float     sum      -1   2004.8   66.95  117.16      0   2004.9   66.95  117.15      0
   268435456      67108864     float     sum      -1   3507.5   76.53  133.93      0   3498.3   76.73  134.28      0
   536870912     134217728     float     sum      -1   6552.2   81.94  143.39      0   6557.8   81.87  143.27      0
  1073741824     268435456     float     sum      -1    12679   84.69  148.20      0    12655   84.85  148.48      0
  2147483648     536870912     float     sum      -1    24861   86.38  151.17      0    24856   86.40  151.19      0
  4294967296    1073741824     float     sum      -1    49311   87.10  152.42      0    49297   87.12  152.47      0
           8             2     float     sum      -1    15.94    0.00    0.00      0    15.23    0.00    0.00      0
          16             4     float     sum      -1    15.22    0.00    0.00      0    15.13    0.00    0.00      0
          32             8     float     sum      -1    15.14    0.00    0.00      0    15.17    0.00    0.00      0
          64            16     float     sum      -1    16.79    0.00    0.01      0    16.46    0.00    0.01      0
         128            32     float     sum      -1    25.29    0.01    0.01      0    25.10    0.01    0.01      0
         256            64     float     sum      -1    25.71    0.01    0.02      0    25.64    0.01    0.02      0
         512           128     float     sum      -1    26.47    0.02    0.03      0    26.05    0.02    0.03      0
        1024           256     float     sum      -1    27.00    0.04    0.07      0    26.27    0.04    0.07      0
        2048           512     float     sum      -1    27.83    0.07    0.13      0    27.70    0.07    0.13      0
        4096          1024     float     sum      -1    30.35    0.13    0.24      0    29.84    0.14    0.24      0
        8192          2048     float     sum      -1    31.15    0.26    0.46      0    30.38    0.27    0.47      0
       16384          4096     float     sum      -1    38.79    0.42    0.74      0    36.97    0.44    0.78      0
       32768          8192     float     sum      -1    55.06    0.60    1.04      0    39.22    0.84    1.46      0
       65536         16384     float     sum      -1    96.28    0.68    1.19      0    92.94    0.71    1.23      0
      131072         32768     float     sum      -1    241.7    0.54    0.95      0    221.4    0.59    1.04      0
      262144         65536     float     sum      -1    315.2    0.83    1.46      0    314.7    0.83    1.46      0
      524288        131072     float     sum      -1    403.5    1.30    2.27      0    343.1    1.53    2.67      0
     1048576        262144     float     sum      -1    537.0    1.95    3.42      0    469.9    2.23    3.91      0
     2097152        524288     float     sum      -1    193.7   10.83   18.95      0    195.9   10.70   18.73      0
     4194304       1048576     float     sum      -1    310.1   13.53   23.67      0    304.3   13.79   24.12      0
     8388608       2097152     float     sum      -1    388.9   21.57   37.75      0    374.0   22.43   39.25      0
    16777216       4194304     float     sum      -1    510.8   32.85   57.48      0    498.3   33.67   58.92      0
    33554432       8388608     float     sum      -1   1074.2   31.24   54.67      0   1046.2   32.07   56.13      0
    67108864      16777216     float     sum      -1   1203.5   55.76   97.58      0   1195.0   56.16   98.28      0
   134217728      33554432     float     sum      -1   1990.7   67.42  117.99      0   2006.9   66.88  117.04      0
   268435456      67108864     float     sum      -1   3524.2   76.17  133.30      0   3511.8   76.44  133.77      0
   536870912     134217728     float     sum      -1   6564.1   81.79  143.13      0   6546.9   82.00  143.51      0
  1073741824     268435456     float     sum      -1    12679   84.68  148.20      0    12670   84.75  148.30      0
  2147483648     536870912     float     sum      -1    24831   86.48  151.35      0    24854   86.40  151.21      0
  4294967296    1073741824     float     sum      -1    49318   87.09  152.40      0    49343   87.04  152.33      0
           8             2     float     sum      -1    15.93    0.00    0.00      0    15.21    0.00    0.00      0
          16             4     float     sum      -1    15.17    0.00    0.00      0    15.14    0.00    0.00      0
          32             8     float     sum      -1    15.26    0.00    0.00      0    15.29    0.00    0.00      0
          64            16     float     sum      -1    16.62    0.00    0.01      0    16.64    0.00    0.01      0
         128            32     float     sum      -1    25.42    0.01    0.01      0    25.21    0.01    0.01      0
         256            64     float     sum      -1    25.74    0.01    0.02      0    25.66    0.01    0.02      0
         512           128     float     sum      -1    26.15    0.02    0.03      0    26.13    0.02    0.03      0
        1024           256     float     sum      -1    27.06    0.04    0.07      0    26.58    0.04    0.07      0
        2048           512     float     sum      -1    27.76    0.07    0.13      0    27.67    0.07    0.13      0
        4096          1024     float     sum      -1    30.20    0.14    0.24      0    29.92    0.14    0.24      0
        8192          2048     float     sum      -1    31.19    0.26    0.46      0    30.47    0.27    0.47      0
       16384          4096     float     sum      -1    39.33    0.42    0.73      0    36.20    0.45    0.79      0
       32768          8192     float     sum      -1    64.59    0.51    0.89      0    58.06    0.56    0.99      0
       65536         16384     float     sum      -1    97.76    0.67    1.17      0    99.25    0.66    1.16      0
      131072         32768     float     sum      -1    314.1    0.42    0.73      0    298.9    0.44    0.77      0
      262144         65536     float     sum      -1    351.7    0.75    1.30      0    366.0    0.72    1.25      0
      524288        131072     float     sum      -1    533.7    0.98    1.72      0    505.2    1.04    1.82      0
     1048576        262144     float     sum      -1    587.5    1.78    3.12      0    591.8    1.77    3.10      0
     2097152        524288     float     sum      -1    192.6   10.89   19.06      0    193.1   10.86   19.01      0
     4194304       1048576     float     sum      -1    319.9   13.11   22.94      0    308.4   13.60   23.80      0
     8388608       2097152     float     sum      -1    390.6   21.48   37.59      0    377.7   22.21   38.87      0
    16777216       4194304     float     sum      -1    512.9   32.71   57.24      0    519.5   32.29   56.52      0
    33554432       8388608     float     sum      -1   1229.0   27.30   47.78      0   1182.3   28.38   49.66      0
    67108864      16777216     float     sum      -1   1201.1   55.87   97.78      0   1224.2   54.82   95.93      0
   134217728      33554432     float     sum      -1   1998.7   67.15  117.52      0   2002.3   67.03  117.30      0
   268435456      67108864     float     sum      -1   3508.8   76.50  133.88      0   3513.5   76.40  133.70      0
   536870912     134217728     float     sum      -1   6545.6   82.02  143.53      0   6553.6   81.92  143.36      0
  1073741824     268435456     float     sum      -1    12679   84.69  148.20      0    12654   84.85  148.49      0
  2147483648     536870912     float     sum      -1    24876   86.33  151.07      0    24883   86.30  151.03      0
  4294967296    1073741824     float     sum      -1    49394   86.95  152.17      0    49331   87.06  152.36      0
           8             2     float     sum      -1    15.91    0.00    0.00      0    15.09    0.00    0.00      0
          16             4     float     sum      -1    15.21    0.00    0.00      0    15.05    0.00    0.00      0
          32             8     float     sum      -1    15.13    0.00    0.00      0    15.28    0.00    0.00      0
          64            16     float     sum      -1    16.72    0.00    0.01      0    16.73    0.00    0.01      0
         128            32     float     sum      -1    25.32    0.01    0.01      0    25.20    0.01    0.01      0
         256            64     float     sum      -1    26.01    0.01    0.02      0    25.51    0.01    0.02      0
         512           128     float     sum      -1    26.28    0.02    0.03      0    25.98    0.02    0.03      0
        1024           256     float     sum      -1    26.84    0.04    0.07      0    26.71    0.04    0.07      0
        2048           512     float     sum      -1    27.85    0.07    0.13      0    27.76    0.07    0.13      0
        4096          1024     float     sum      -1    30.31    0.14    0.24      0    29.92    0.14    0.24      0
        8192          2048     float     sum      -1    31.39    0.26    0.46      0    30.51    0.27    0.47      0
       16384          4096     float     sum      -1    39.58    0.41    0.72      0    37.83    0.43    0.76      0
       32768          8192     float     sum      -1    57.37    0.57    1.00      0    55.43    0.59    1.03      0
       65536         16384     float     sum      -1    97.27    0.67    1.18      0    95.37    0.69    1.20      0
      131072         32768     float     sum      -1    297.0    0.44    0.77      0    295.2    0.44    0.78      0
      262144         65536     float     sum      -1    410.5    0.64    1.12      0    366.9    0.71    1.25      0
      524288        131072     float     sum      -1    468.7    1.12    1.96      0    429.0    1.22    2.14      0
     1048576        262144     float     sum      -1    612.4    1.71    3.00      0    584.6    1.79    3.14      0
     2097152        524288     float     sum      -1    195.2   10.74   18.80      0    197.3   10.63   18.60      0
     4194304       1048576     float     sum      -1    306.5   13.68   23.94      0    312.1   13.44   23.52      0
     8388608       2097152     float     sum      -1    383.4   21.88   38.29      0    376.1   22.31   39.04      0
    16777216       4194304     float     sum      -1    480.7   34.90   61.07      0    521.2   32.19   56.33      0
    33554432       8388608     float     sum      -1   1167.9   28.73   50.28      0   1238.4   27.10   47.42      0
    67108864      16777216     float     sum      -1   1202.2   55.82   97.69      0   1221.8   54.93   96.12      0
   134217728      33554432     float     sum      -1   2005.6   66.92  117.11      0   1997.7   67.18  117.57      0
   268435456      67108864     float     sum      -1   3505.6   76.57  134.00      0   3507.1   76.54  133.95      0
   536870912     134217728     float     sum      -1   6571.6   81.70  142.97      0   6555.6   81.89  143.32      0
  1073741824     268435456     float     sum      -1    12666   84.78  148.36      0    12652   84.87  148.52      0
  2147483648     536870912     float     sum      -1    24958   86.04  150.57      0    24843   86.44  151.27      0
  4294967296    1073741824     float     sum      -1    49453   86.85  151.99      0    49325   87.08  152.38      0
           8             2     float     sum      -1    15.74    0.00    0.00      0    15.32    0.00    0.00      0
          16             4     float     sum      -1    15.29    0.00    0.00      0    15.26    0.00    0.00      0
          32             8     float     sum      -1    15.29    0.00    0.00      0    15.21    0.00    0.00      0
          64            16     float     sum      -1    16.67    0.00    0.01      0    16.48    0.00    0.01      0
         128            32     float     sum      -1    25.33    0.01    0.01      0    25.16    0.01    0.01      0
         256            64     float     sum      -1    25.77    0.01    0.02      0    25.38    0.01    0.02      0
         512           128     float     sum      -1    26.20    0.02    0.03      0    25.96    0.02    0.03      0
        1024           256     float     sum      -1    26.95    0.04    0.07      0    26.59    0.04    0.07      0
        2048           512     float     sum      -1    27.81    0.07    0.13      0    27.69    0.07    0.13      0
        4096          1024     float     sum      -1    30.76    0.13    0.23      0    29.91    0.14    0.24      0
        8192          2048     float     sum      -1    31.24    0.26    0.46      0    30.54    0.27    0.47      0
       16384          4096     float     sum      -1    44.96    0.36    0.64      0    39.00    0.42    0.74      0
       32768          8192     float     sum      -1    53.66    0.61    1.07      0    63.86    0.51    0.90      0
       65536         16384     float     sum      -1    97.76    0.67    1.17      0    93.68    0.70    1.22      0
      131072         32768     float     sum      -1    311.0    0.42    0.74      0    300.9    0.44    0.76      0
      262144         65536     float     sum      -1    381.6    0.69    1.20      0    393.7    0.67    1.17      0
      524288        131072     float     sum      -1    449.0    1.17    2.04      0    486.2    1.08    1.89      0
     1048576        262144     float     sum      -1    635.6    1.65    2.89      0    561.4    1.87    3.27      0
     2097152        524288     float     sum      -1    198.0   10.59   18.53      0    185.9   11.28   19.74      0
     4194304       1048576     float     sum      -1    313.8   13.37   23.39      0    303.2   13.84   24.21      0
     8388608       2097152     float     sum      -1    390.4   21.48   37.60      0    369.6   22.70   39.72      0
    16777216       4194304     float     sum      -1    487.0   34.45   60.29      0    480.7   34.90   61.08      0
    33554432       8388608     float     sum      -1   1211.4   27.70   48.47      0   1155.1   29.05   50.84      0
    67108864      16777216     float     sum      -1   1204.2   55.73   97.53      0   1210.1   55.46   97.05      0
   134217728      33554432     float     sum      -1   1995.9   67.25  117.68      0   1993.2   67.34  117.84      0
   268435456      67108864     float     sum      -1   3518.1   76.30  133.53      0   3522.8   76.20  133.35      0
   536870912     134217728     float     sum      -1   6565.5   81.77  143.10      0   6609.0   81.23  142.16      0
  1073741824     268435456     float     sum      -1    12660   84.82  148.43      0    12663   84.79  148.39      0
  2147483648     536870912     float     sum      -1    24924   86.16  150.78      0    24886   86.29  151.01      0
  4294967296    1073741824     float     sum      -1    49390   86.96  152.18      0    49314   87.09  152.42      0
           8             2     float     sum      -1    16.45    0.00    0.00      0    15.36    0.00    0.00      0
          16             4     float     sum      -1    15.11    0.00    0.00      0    15.02    0.00    0.00      0
          32             8     float     sum      -1    15.21    0.00    0.00      0    15.14    0.00    0.00      0
          64            16     float     sum      -1    16.64    0.00    0.01      0    16.49    0.00    0.01      0
         128            32     float     sum      -1    25.39    0.01    0.01      0    25.34    0.01    0.01      0
         256            64     float     sum      -1    25.91    0.01    0.02      0    25.52    0.01    0.02      0
         512           128     float     sum      -1    26.23    0.02    0.03      0    25.83    0.02    0.03      0
        1024           256     float     sum      -1    26.92    0.04    0.07      0    26.73    0.04    0.07      0
        2048           512     float     sum      -1    27.85    0.07    0.13      0    27.69    0.07    0.13      0
        4096          1024     float     sum      -1    30.30    0.14    0.24      0    29.94    0.14    0.24      0
        8192          2048     float     sum      -1    30.83    0.27    0.46      0    30.40    0.27    0.47      0
       16384          4096     float     sum      -1    38.70    0.42    0.74      0    36.51    0.45    0.79      0
       32768          8192     float     sum      -1    65.68    0.50    0.87      0    68.61    0.48    0.84      0
       65536         16384     float     sum      -1    94.41    0.69    1.21      0    93.26    0.70    1.23      0
      131072         32768     float     sum      -1    322.1    0.41    0.71      0    309.0    0.42    0.74      0
      262144         65536     float     sum      -1    404.0    0.65    1.14      0    356.3    0.74    1.29      0
      524288        131072     float     sum      -1    464.6    1.13    1.97      0    468.6    1.12    1.96      0
     1048576        262144     float     sum      -1    590.4    1.78    3.11      0    586.3    1.79    3.13      0
     2097152        524288     float     sum      -1    191.5   10.95   19.17      0    189.6   11.06   19.36      0
     4194304       1048576     float     sum      -1    313.2   13.39   23.44      0    305.9   13.71   24.00      0
     8388608       2097152     float     sum      -1    398.9   21.03   36.80      0    369.9   22.68   39.69      0
    16777216       4194304     float     sum      -1    519.6   32.29   56.50      0    492.3   34.08   59.64      0
    33554432       8388608     float     sum      -1   1084.7   30.93   54.13      0   1276.6   26.28   46.00      0
    67108864      16777216     float     sum      -1   1219.3   55.04   96.32      0   1194.2   56.20   98.34      0
   134217728      33554432     float     sum      -1   1995.2   67.27  117.72      0   1991.5   67.40  117.94      0
   268435456      67108864     float     sum      -1   3504.3   76.60  134.05      0   3509.7   76.48  133.85      0
   536870912     134217728     float     sum      -1   6571.7   81.69  142.96      0   6578.5   81.61  142.82      0
  1073741824     268435456     float     sum      -1    12651   84.87  148.53      0    12692   84.60  148.05      0
  2147483648     536870912     float     sum      -1    24903   86.23  150.91      0    24858   86.39  151.18      0
  4294967296    1073741824     float     sum      -1    49278   87.16  152.53      0    49665   86.48  151.34      0
           8             2     float     sum      -1    15.93    0.00    0.00      0    15.22    0.00    0.00      0
          16             4     float     sum      -1    15.17    0.00    0.00      0    15.04    0.00    0.00      0
          32             8     float     sum      -1    15.12    0.00    0.00      0    15.21    0.00    0.00      0
          64            16     float     sum      -1    16.74    0.00    0.01      0    16.63    0.00    0.01      0
         128            32     float     sum      -1    25.52    0.01    0.01      0    25.14    0.01    0.01      0
         256            64     float     sum      -1    26.19    0.01    0.02      0    25.47    0.01    0.02      0
         512           128     float     sum      -1    26.25    0.02    0.03      0    26.06    0.02    0.03      0
        1024           256     float     sum      -1    26.99    0.04    0.07      0    26.70    0.04    0.07      0
        2048           512     float     sum      -1    28.04    0.07    0.13      0    27.62    0.07    0.13      0
        4096          1024     float     sum      -1    30.25    0.14    0.24      0    30.12    0.14    0.24      0
        8192          2048     float     sum      -1    30.95    0.26    0.46      0    30.72    0.27    0.47      0
       16384          4096     float     sum      -1    38.49    0.43    0.74      0    37.59    0.44    0.76      0
       32768          8192     float     sum      -1    60.73    0.54    0.94      0    58.48    0.56    0.98      0
       65536         16384     float     sum      -1    96.30    0.68    1.19      0    99.28    0.66    1.16      0
      131072         32768     float     sum      -1    210.6    0.62    1.09      0    211.2    0.62    1.09      0
      262144         65536     float     sum      -1    296.5    0.88    1.55      0    312.1    0.84    1.47      0
      524288        131072     float     sum      -1    390.6    1.34    2.35      0    391.5    1.34    2.34      0
     1048576        262144     float     sum      -1    496.1    2.11    3.70      0    431.4    2.43    4.25      0
     2097152        524288     float     sum      -1    198.0   10.59   18.54      0    204.1   10.28   17.99      0
     4194304       1048576     float     sum      -1    310.8   13.49   23.61      0    306.2   13.70   23.97      0
     8388608       2097152     float     sum      -1    376.1   22.31   39.04      0    367.1   22.85   39.99      0
    16777216       4194304     float     sum      -1    499.9   33.56   58.74      0    484.8   34.60   60.56      0
    33554432       8388608     float     sum      -1   1070.7   31.34   54.84      0   1053.9   31.84   55.72      0
    67108864      16777216     float     sum      -1   1203.1   55.78   97.62      0   1230.9   54.52   95.41      0
   134217728      33554432     float     sum      -1   1997.9   67.18  117.56      0   1989.2   67.47  118.08      0
   268435456      67108864     float     sum      -1   3523.6   76.18  133.32      0   3515.5   76.36  133.63      0
   536870912     134217728     float     sum      -1   6569.2   81.73  143.02      0   6555.4   81.90  143.32      0
  1073741824     268435456     float     sum      -1    12688   84.62  148.09      0    12645   84.91  148.59      0
  2147483648     536870912     float     sum      -1    24924   86.16  150.78      0    24873   86.34  151.09      0
  4294967296    1073741824     float     sum      -1    49398   86.95  152.16      0    49240   87.22  152.64      0
           8             2     float     sum      -1    15.77    0.00    0.00      0    15.54    0.00    0.00      0
          16             4     float     sum      -1    15.15    0.00    0.00      0    15.11    0.00    0.00      0
          32             8     float     sum      -1    15.19    0.00    0.00      0    15.22    0.00    0.00      0
          64            16     float     sum      -1    16.70    0.00    0.01      0    16.62    0.00    0.01      0
         128            32     float     sum      -1    25.45    0.01    0.01      0    25.28    0.01    0.01      0
         256            64     float     sum      -1    25.73    0.01    0.02      0    25.45    0.01    0.02      0
         512           128     float     sum      -1    26.19    0.02    0.03      0    25.89    0.02    0.03      0
        1024           256     float     sum      -1    26.82    0.04    0.07      0    26.56    0.04    0.07      0
        2048           512     float     sum      -1    27.96    0.07    0.13      0    27.64    0.07    0.13      0
        4096          1024     float     sum      -1    30.27    0.14    0.24      0    29.96    0.14    0.24      0
        8192          2048     float     sum      -1    31.36    0.26    0.46      0    30.10    0.27    0.48      0
       16384          4096     float     sum      -1    47.27    0.35    0.61      0    37.90    0.43    0.76      0
       32768          8192     float     sum      -1    50.88    0.64    1.13      0    47.26    0.69    1.21      0
       65536         16384     float     sum      -1    97.75    0.67    1.17      0    94.12    0.70    1.22      0
      131072         32768     float     sum      -1    219.9    0.60    1.04      0    226.4    0.58    1.01      0
      262144         65536     float     sum      -1    297.2    0.88    1.54      0    295.1    0.89    1.55      0
      524288        131072     float     sum      -1    388.9    1.35    2.36      0    346.2    1.51    2.65      0
     1048576        262144     float     sum      -1    512.2    2.05    3.58      0    506.3    2.07    3.62      0
     2097152        524288     float     sum      -1    191.2   10.97   19.19      0    188.7   11.11   19.45      0
     4194304       1048576     float     sum      -1    306.6   13.68   23.94      0    308.0   13.62   23.83      0
     8388608       2097152     float     sum      -1    371.2   22.60   39.55      0    374.0   22.43   39.25      0
    16777216       4194304     float     sum      -1    477.7   35.12   61.46      0    497.9   33.70   58.97      0
    33554432       8388608     float     sum      -1   1083.6   30.97   54.19      0   1008.4   33.27   58.23      0
    67108864      16777216     float     sum      -1   1214.4   55.26   96.71      0   1213.2   55.32   96.80      0
   134217728      33554432     float     sum      -1   2002.7   67.02  117.28      0   2004.5   66.96  117.18      0
   268435456      67108864     float     sum      -1   3509.4   76.49  133.86      0   3506.3   76.56  133.98      0
   536870912     134217728     float     sum      -1   6565.0   81.78  143.11      0   6565.8   81.77  143.09      0
  1073741824     268435456     float     sum      -1    12664   84.79  148.38      0    12653   84.86  148.50      0
  2147483648     536870912     float     sum      -1    24891   86.28  150.98      0    24884   86.30  151.02      0
  4294967296    1073741824     float     sum      -1    49356   87.02  152.28      0    49373   86.99  152.23      0
           8             2     float     sum      -1    15.83    0.00    0.00      0    15.14    0.00    0.00      0
          16             4     float     sum      -1    15.17    0.00    0.00      0    15.12    0.00    0.00      0
          32             8     float     sum      -1    15.24    0.00    0.00      0    15.13    0.00    0.00      0
          64            16     float     sum      -1    16.72    0.00    0.01      0    16.57    0.00    0.01      0
         128            32     float     sum      -1    25.29    0.01    0.01      0    25.08    0.01    0.01      0
         256            64     float     sum      -1    25.81    0.01    0.02      0    25.49    0.01    0.02      0
         512           128     float     sum      -1    26.31    0.02    0.03      0    25.91    0.02    0.03      0
        1024           256     float     sum      -1    26.91    0.04    0.07      0    26.63    0.04    0.07      0
        2048           512     float     sum      -1    27.96    0.07    0.13      0    27.84    0.07    0.13      0
        4096          1024     float     sum      -1    30.51    0.13    0.23      0    29.72    0.14    0.24      0
        8192          2048     float     sum      -1    30.88    0.27    0.46      0    30.32    0.27    0.47      0
       16384          4096     float     sum      -1    39.10    0.42    0.73      0    37.31    0.44    0.77      0
       32768          8192     float     sum      -1    42.88    0.76    1.34      0    52.47    0.62    1.09      0
       65536         16384     float     sum      -1    91.46    0.72    1.25      0    94.19    0.70    1.22      0
      131072         32768     float     sum      -1    232.7    0.56    0.99      0    184.5    0.71    1.24      0
      262144         65536     float     sum      -1    219.4    1.19    2.09      0    307.0    0.85    1.49      0
      524288        131072     float     sum      -1    372.3    1.41    2.46      0    389.1    1.35    2.36      0
     1048576        262144     float     sum      -1    461.7    2.27    3.97      0    442.5    2.37    4.15      0
     2097152        524288     float     sum      -1    195.7   10.72   18.75      0    186.5   11.25   19.68      0
     4194304       1048576     float     sum      -1    307.0   13.66   23.91      0    309.4   13.56   23.72      0
     8388608       2097152     float     sum      -1    383.7   21.86   38.26      0    374.1   22.42   39.24      0
    16777216       4194304     float     sum      -1    496.1   33.82   59.19      0    484.1   34.66   60.65      0
    33554432       8388608     float     sum      -1   1080.7   31.05   54.33      0   1041.7   32.21   56.37      0
    67108864      16777216     float     sum      -1   1213.9   55.28   96.75      0   1229.3   54.59   95.53      0
   134217728      33554432     float     sum      -1   1991.5   67.39  117.94      0   1995.1   67.27  117.73      0
   268435456      67108864     float     sum      -1   3509.0   76.50  133.87      0   3521.8   76.22  133.39      0
   536870912     134217728     float     sum      -1   6564.6   81.78  143.12      0   6562.7   81.81  143.16      0
  1073741824     268435456     float     sum      -1    12661   84.81  148.41      0    12646   84.91  148.59      0
  2147483648     536870912     float     sum      -1    24892   86.27  150.97      0    24926   86.15  150.77      0
  4294967296    1073741824     float     sum      -1    49375   86.99  152.23      0    49304   87.11  152.45      0
           8             2     float     sum      -1    15.75    0.00    0.00      0    15.29    0.00    0.00      0
          16             4     float     sum      -1    15.17    0.00    0.00      0    15.13    0.00    0.00      0
          32             8     float     sum      -1    15.27    0.00    0.00      0    15.69    0.00    0.00      0
          64            16     float     sum      -1    16.85    0.00    0.01      0    16.58    0.00    0.01      0
         128            32     float     sum      -1    25.66    0.00    0.01      0    25.12    0.01    0.01      0
         256            64     float     sum      -1    25.67    0.01    0.02      0    25.49    0.01    0.02      0
         512           128     float     sum      -1    26.17    0.02    0.03      0    25.89    0.02    0.03      0
        1024           256     float     sum      -1    27.00    0.04    0.07      0    26.39    0.04    0.07      0
        2048           512     float     sum      -1    27.90    0.07    0.13      0    27.70    0.07    0.13      0
        4096          1024     float     sum      -1    30.50    0.13    0.24      0    29.76    0.14    0.24      0
        8192          2048     float     sum      -1    31.03    0.26    0.46      0    30.65    0.27    0.47      0
       16384          4096     float     sum      -1    40.14    0.41    0.71      0    37.48    0.44    0.77      0
       32768          8192     float     sum      -1    52.83    0.62    1.09      0    57.01    0.57    1.01      0
       65536         16384     float     sum      -1    96.41    0.68    1.19      0    89.75    0.73    1.28      0
      131072         32768     float     sum      -1    230.0    0.57    1.00      0    224.7    0.58    1.02      0
      262144         65536     float     sum      -1    339.5    0.77    1.35      0    301.8    0.87    1.52      0
      524288        131072     float     sum      -1    355.7    1.47    2.58      0    386.0    1.36    2.38      0
     1048576        262144     float     sum      -1    480.9    2.18    3.82      0    503.1    2.08    3.65      0
     2097152        524288     float     sum      -1    195.5   10.73   18.77      0    188.4   11.13   19.48      0
     4194304       1048576     float     sum      -1    321.0   13.07   22.87      0    309.0   13.58   23.76      0
     8388608       2097152     float     sum      -1    381.6   21.98   38.47      0    377.8   22.21   38.86      0
    16777216       4194304     float     sum      -1    474.8   35.34   61.84      0    519.2   32.31   56.55      0
    33554432       8388608     float     sum      -1   1141.0   29.41   51.46      0   1029.7   32.59   57.03      0
    67108864      16777216     float     sum      -1   1204.4   55.72   97.51      0   1206.4   55.63   97.35      0
   134217728      33554432     float     sum      -1   1986.2   67.57  118.25      0   2012.8   66.68  116.69      0
   268435456      67108864     float     sum      -1   3506.4   76.56  133.97      0   3503.4   76.62  134.09      0
   536870912     134217728     float     sum      -1   6552.9   81.93  143.37      0   6550.9   81.95  143.42      0
  1073741824     268435456     float     sum      -1    12620   85.08  148.90      0    12649   84.89  148.56      0
  2147483648     536870912     float     sum      -1    24925   86.16  150.78      0    24925   86.16  150.78      0
  4294967296    1073741824     float     sum      -1    49353   87.02  152.29      0    49384   86.97  152.20      0
