        size         count      type   redop    root     time   algbw   busbw #wrong     time   algbw   busbw #wrong
         (B)    (elements)                               (us)  (GB/s)  (GB/s)            (us)  (GB/s)  (GB/s)       
           8             2     float     sum      -1    25.48    0.00    0.00      0    25.52    0.00    0.00      0
          16             4     float     sum      -1    25.68    0.00    0.00      0    25.33    0.00    0.00      0
          32             8     float     sum      -1    25.20    0.00    0.00      0    25.42    0.00    0.00      0
          64            16     float     sum      -1    85.09    0.00    0.00      0    27.76    0.00    0.00      0
         128            32     float     sum      -1    52.33    0.00    0.00      0    52.67    0.00    0.00      0
         256            64     float     sum      -1    54.14    0.00    0.01      0    52.18    0.00    0.01      0
         512           128     float     sum      -1    53.54    0.01    0.02      0    53.19    0.01    0.02      0
        1024           256     float     sum      -1    54.56    0.02    0.04      0    53.97    0.02    0.04      0
        2048           512     float     sum      -1    56.91    0.04    0.07      0    57.00    0.04    0.07      0
        4096          1024     float     sum      -1    62.31    0.07    0.12      0    61.03    0.07    0.13      0
        8192          2048     float     sum      -1    62.44    0.13    0.25      0    61.85    0.13    0.25      0
       16384          4096     float     sum      -1    110.4    0.15    0.28      0    61.96    0.26    0.50      0
       32768          8192     float     sum      -1    73.55    0.45    0.84      0    63.11    0.52    0.97      0
       65536         16384     float     sum      -1    95.10    0.69    1.29      0    95.07    0.69    1.29      0
      131072         32768     float     sum      -1    117.5    1.12    2.09      0    118.9    1.10    2.07      0
      262144         65536     float     sum      -1    174.2    1.50    2.82      0    193.7    1.35    2.54      0
      524288        131072     float     sum      -1    214.0    2.45    4.59      0    198.3    2.64    4.96      0
     1048576        262144     float     sum      -1    242.6    4.32    8.10      0    239.8    4.37    8.20      0
     2097152        524288     float     sum      -1    324.5    6.46   12.12      0    323.2    6.49   12.17      0
     4194304       1048576     float     sum      -1    517.1    8.11   15.21      0    516.3    8.12   15.23      0
     8388608       2097152     float     sum      -1    610.4   13.74   25.77      0    609.8   13.76   25.79      0
    16777216       4194304     float     sum      -1    607.5   27.62   51.78      0    606.2   27.68   51.90      0
    33554432       8388608     float     sum      -1   1088.2   30.84   57.82      0   1084.1   30.95   58.03      0
    67108864      16777216     float     sum      -1   1839.0   36.49   68.42      0   1838.3   36.51   68.45      0
   134217728      33554432     float     sum      -1   3801.1   35.31   66.21      0   3777.0   35.54   66.63      0
   268435456      67108864     float     sum      -1   6620.5   40.55   76.02      0   6379.3   42.08   78.90      0
   536870912     134217728     float     sum      -1    11729   45.77   85.82      0    11856   45.28   84.90      0
  1073741824     268435456     float     sum      -1    26417   40.65   76.21      0    26445   40.60   76.13      0
  2147483648     536870912     float     sum      -1    52307   41.06   76.98      0    49532   43.36   81.29      0
  4294967296    1073741824     float     sum      -1    98513   43.60   81.75      0    98662   43.53   81.62      0
           8             2     float     sum      -1    26.56    0.00    0.00      0    25.27    0.00    0.00      0
          16             4     float     sum      -1    24.96    0.00    0.00      0    25.06    0.00    0.00      0
          32             8     float     sum      -1    24.62    0.00    0.00      0    24.95    0.00    0.00      0
          64            16     float     sum      -1    27.49    0.00    0.00      0    27.27    0.00    0.00      0
         128            32     float     sum      -1    51.25    0.00    0.00      0    50.89    0.00    0.00      0
         256            64     float     sum      -1    52.23    0.00    0.01      0    51.55    0.00    0.01      0
         512           128     float     sum      -1    52.86    0.01    0.02      0    52.50    0.01    0.02      0
        1024           256     float     sum      -1    53.78    0.02    0.04      0    53.74    0.02    0.04      0
        2048           512     float     sum      -1    56.21    0.04    0.07      0    55.36    0.04    0.07      0
        4096          1024     float     sum      -1    61.97    0.07    0.12      0    60.49    0.07    0.13      0
        8192          2048     float     sum      -1    61.69    0.13    0.25      0    61.64    0.13    0.25      0
       16384          4096     float     sum      -1    62.91    0.26    0.49      0    61.62    0.27    0.50      0
       32768          8192     float     sum      -1    73.98    0.44    0.83      0    63.10    0.52    0.97      0
       65536         16384     float     sum      -1    73.74    0.89    1.67      0    84.58    0.77    1.45      0
      131072         32768     float     sum      -1    116.4    1.13    2.11      0    116.5    1.13    2.11      0
      262144         65536     float     sum      -1    170.5    1.54    2.88      0    221.5    1.18    2.22      0
      524288        131072     float     sum      -1    235.2    2.23    4.18      0    231.7    2.26    4.24      0
     1048576        262144     float     sum      -1    265.1    3.96    7.42      0    256.2    4.09    7.67      0
     2097152        524288     float     sum      -1    323.7    6.48   12.15      0    317.9    6.60   12.37      0
     4194304       1048576     float     sum      -1    537.4    7.80   14.63      0    535.2    7.84   14.69      0
     8388608       2097152     float     sum      -1    616.0   13.62   25.54      0    615.0   13.64   25.58      0
    16777216       4194304     float     sum      -1    607.3   27.62   51.80      0    605.1   27.73   51.99      0
    33554432       8388608     float     sum      -1   1066.3   31.47   59.00      0   1075.5   31.20   58.50      0
    67108864      16777216     float     sum      -1   1865.7   35.97   67.44      0   1871.6   35.86   67.23      0
   134217728      33554432     float     sum      -1   3804.2   35.28   66.15      0   3492.9   38.43   72.05      0
   268435456      67108864     float     sum      -1   6490.1   41.36   77.55      0   6440.3   41.68   78.15      0
   536870912     134217728     float     sum      -1    12336   43.52   81.60      0    13390   40.09   75.18      0
  1073741824     268435456     float     sum      -1    26441   40.61   76.14      0    28367   37.85   70.97      0
  2147483648     536870912     float     sum      -1    46687   46.00   86.25      0    46685   46.00   86.25      0
  4294967296    1073741824     float     sum      -1   133400   32.20   60.37      0    97870   43.88   82.28      0
           8             2     float     sum      -1    26.04    0.00    0.00      0    25.46    0.00    0.00      0
          16             4     float     sum      -1    25.28    0.00    0.00      0    25.03    0.00    0.00      0
          32             8     float     sum      -1    25.40    0.00    0.00      0    25.12    0.00    0.00      0
          64            16     float     sum      -1    27.96    0.00    0.00      0    27.43    0.00    0.00      0
         128            32     float     sum      -1    51.15    0.00    0.00      0    51.19    0.00    0.00      0
         256            64     float     sum      -1    52.03    0.00    0.01      0    51.05    0.01    0.01      0
         512           128     float     sum      -1    52.34    0.01    0.02      0    52.17    0.01    0.02      0
        1024           256     float     sum      -1    53.96    0.02    0.04      0    54.05    0.02    0.04      0
        2048           512     float     sum      -1    56.29    0.04    0.07      0    55.85    0.04    0.07      0
        4096          1024     float     sum      -1    61.12    0.07    0.13      0    59.71    0.07    0.13      0
        8192          2048     float     sum      -1    61.60    0.13    0.25      0    61.41    0.13    0.25      0
       16384          4096     float     sum      -1    62.93    0.26    0.49      0    61.66    0.27    0.50      0
       32768          8192     float     sum      -1    63.80    0.51    0.96      0    64.44    0.51    0.95      0
       65536         16384     float     sum      -1    80.43    0.81    1.53      0    76.69    0.85    1.60      0
      131072         32768     float     sum      -1    116.0    1.13    2.12      0    115.9    1.13    2.12      0
      262144         65536     float     sum      -1    166.7    1.57    2.95      0    203.4    1.29    2.42      0
      524288        131072     float     sum      -1    261.1    2.01    3.77      0    267.1    1.96    3.68      0
     1048576        262144     float     sum      -1    216.8    4.84    9.07      0    240.4    4.36    8.18      0
     2097152        524288     float     sum      -1    322.6    6.50   12.19      0    321.5    6.52   12.23      0
     4194304       1048576     float     sum      -1    535.7    7.83   14.68      0    535.9    7.83   14.68      0
     8388608       2097152     float     sum      -1    610.9   13.73   25.75      0    618.3   13.57   25.44      0
    16777216       4194304     float     sum      -1    606.1   27.68   51.90      0    604.3   27.76   52.05      0
    33554432       8388608     float     sum      -1   1094.4   30.66   57.49      0   1076.5   31.17   58.44      0
    67108864      16777216     float     sum      -1   1866.8   35.95   67.40      0   1889.0   35.53   66.61      0
   134217728      33554432     float     sum      -1   3477.3   38.60   72.37      0   3558.7   37.72   70.72      0
   268435456      67108864     float     sum      -1   6605.0   40.64   76.20      0   6293.2   42.65   79.98      0
   536870912     134217728     float     sum      -1    11767   45.63   85.55      0    13314   40.32   75.61      0
  1073741824     268435456     float     sum      -1    27611   38.89   72.91      0    24246   44.28   83.03      0
  2147483648     536870912     float     sum      -1    48170   44.58   83.59      0    50741   42.32   79.36      0
  4294967296    1073741824     float     sum      -1   142160   30.21   56.65      0    95679   44.89   84.17      0
           8             2     float     sum      -1    26.02    0.00    0.00      0    25.55    0.00    0.00      0
          16             4     float     sum      -1    25.11    0.00    0.00      0    25.41    0.00    0.00      0
          32             8     float     sum      -1    24.82    0.00    0.00      0    25.14    0.00    0.00      0
          64            16     float     sum      -1    27.57    0.00    0.00      0    27.57    0.00    0.00      0
         128            32     float     sum      -1    51.65    0.00    0.00      0    51.08    0.00    0.00      0
         256            64     float     sum      -1    51.74    0.00    0.01      0    51.64    0.00    0.01      0
         512           128     float     sum      -1    52.67    0.01    0.02      0    52.11    0.01    0.02      0
        1024           256     float     sum      -1    54.17    0.02    0.04      0    53.04    0.02    0.04      0
        2048           512     float     sum      -1    56.33    0.04    0.07      0    55.69    0.04    0.07      0
        4096          1024     float     sum      -1    61.37    0.07    0.13      0    59.97    0.07    0.13      0
        8192          2048     float     sum      -1    61.72    0.13    0.25      0    61.07    0.13    0.25      0
       16384          4096     float     sum      -1    62.95    0.26    0.49      0    62.10    0.26    0.49      0
       32768          8192     float     sum      -1    63.82    0.51    0.96      0    63.20    0.52    0.97      0
       65536         16384     float     sum      -1    85.25    0.77    1.44      0    81.53    0.80    1.51      0
      131072         32768     float     sum      -1    116.8    1.12    2.10      0    115.8    1.13    2.12      0
      262144         65536     float     sum      -1    191.4    1.37    2.57      0    196.5    1.33    2.50      0
      524288        131072     float     sum      -1    219.7    2.39    4.47      0    242.8    2.16    4.05      0
     1048576        262144     float     sum      -1    244.8    4.28    8.03      0    257.6    4.07    7.63      0
     2097152        524288     float     sum      -1    338.8    6.19   11.61      0    323.9    6.48   12.14      0
     4194304       1048576     float     sum      -1    515.4    8.14   15.26      0    540.2    7.76   14.56      0
     8388608       2097152     float     sum      -1    618.0   13.57   25.45      0    611.9   13.71   25.70      0
    16777216       4194304     float     sum      -1    604.6   27.75   52.03      0    606.1   27.68   51.90      0
    33554432       8388608     float     sum      -1   1076.4   31.17   58.45      0   1065.4   31.50   59.05      0
    67108864      16777216     float     sum      -1   1810.2   37.07   69.51      0   1892.0   35.47   66.51      0
   134217728      33554432     float     sum      -1   3649.0   36.78   68.97      0   3900.1   34.41   64.53      0
   268435456      67108864     float     sum      -1   6445.3   41.65   78.09      0   6618.5   40.56   76.05      0
   536870912     134217728     float     sum      -1    12504   42.93   80.50      0    13161   40.79   76.48      0
  1073741824     268435456     float     sum      -1    24924   43.08   80.78      0    24259   44.26   82.99      0
  2147483648     536870912     float     sum      -1    48977   43.85   82.21      0    50787   42.28   79.28      0
  4294967296    1073741824     float     sum      -1    97082   44.24   82.95      0   113008   38.01   71.26      0
           8             2     float     sum      -1    26.16    0.00    0.00      0    25.17    0.00    0.00      0
          16             4     float     sum      -1    25.06    0.00    0.00      0    24.75    0.00    0.00      0
          32             8     float     sum      -1    25.00    0.00    0.00      0    24.97    0.00    0.00      0
          64            16     float     sum      -1    28.07    0.00    0.00      0    27.41    0.00    0.00      0
         128            32     float     sum      -1    51.36    0.00    0.00      0    51.20    0.00    0.00      0
         256            64     float     sum      -1    52.71    0.00    0.01      0    51.49    0.00    0.01      0
         512           128     float     sum      -1    52.73    0.01    0.02      0    52.48    0.01    0.02      0
        1024           256     float     sum      -1    53.99    0.02    0.04      0    53.71    0.02    0.04      0
        2048           512     float     sum      -1    56.14    0.04    0.07      0    55.97    0.04    0.07      0
        4096          1024     float     sum      -1    61.23    0.07    0.13      0    60.37    0.07    0.13      0
        8192          2048     float     sum      -1    61.75    0.13    0.25      0    61.01    0.13    0.25      0
       16384          4096     float     sum      -1    63.58    0.26    0.48      0    61.91    0.26    0.50      0
       32768          8192     float     sum      -1    72.32    0.45    0.85      0    74.61    0.44    0.82      0
       65536         16384     float     sum      -1    85.46    0.77    1.44      0    91.87    0.71    1.34      0
      131072         32768     float     sum      -1    117.4    1.12    2.09      0    115.9    1.13    2.12      0
      262144         65536     float     sum      -1    145.5    1.80    3.38      0    194.3    1.35    2.53      0
      524288        131072     float     sum      -1    201.7    2.60    4.87      0    265.5    1.97    3.70      0
     1048576        262144     float     sum      -1    288.3    3.64    6.82      0    214.9    4.88    9.15      0
     2097152        524288     float     sum      -1    320.4    6.55   12.27      0    322.6    6.50   12.19      0
     4194304       1048576     float     sum      -1    530.2    7.91   14.83      0    536.9    7.81   14.65      0
     8388608       2097152     float     sum      -1    614.4   13.65   25.60      0    612.9   13.69   25.66      0
    16777216       4194304     float     sum      -1    606.5   27.66   51.86      0    603.8   27.79   52.10      0
    33554432       8388608     float     sum      -1   1072.5   31.29   58.66      0   1053.3   31.86   59.73      0
    67108864      16777216     float     sum      -1   1838.4   36.50   68.45      0   1824.6   36.78   68.96      0
   134217728      33554432     float     sum      -1   3683.2   36.44   68.33      0   3719.0   36.09   67.67      0
   268435456      67108864     float     sum      -1   6716.0   39.97   74.94      0   6458.5   41.56   77.93      0
   536870912     134217728     float     sum      -1    13249   40.52   75.98      0    13460   39.89   74.79      0
  1073741824     268435456     float     sum      -1    25077   42.82   80.28      0    25646   41.87   78.50      0
  2147483648     536870912     float     sum      -1    48233   44.52   83.48      0    58095   36.97   69.31      0
  4294967296    1073741824     float     sum      -1    98638   43.54   81.64      0    98466   43.62   81.79      0
           8             2     float     sum      -1    25.82    0.00    0.00      0    25.76    0.00    0.00      0
          16             4     float     sum      -1    25.38    0.00    0.00      0    25.21    0.00    0.00      0
          32             8     float     sum      -1    25.38    0.00    0.00      0    25.11    0.00    0.00      0
          64            16     float     sum      -1    27.58    0.00    0.00      0    27.51    0.00    0.00      0
         128            32     float     sum      -1    51.81    0.00    0.00      0    51.38    0.00    0.00      0
         256            64     float     sum      -1    52.44    0.00    0.01      0    51.50    0.00    0.01      0
         512           128     float     sum      -1    52.83    0.01    0.02      0    53.09    0.01    0.02      0
        1024           256     float     sum      -1    54.48    0.02    0.04      0    53.68    0.02    0.04      0
        2048           512     float     sum      -1    56.58    0.04    0.07      0    56.62    0.04    0.07      0
        4096          1024     float     sum      -1    61.48    0.07    0.12      0    60.67    0.07    0.13      0
        8192          2048     float     sum      -1    61.87    0.13    0.25      0    61.68    0.13    0.25      0
       16384          4096     float     sum      -1    63.34    0.26    0.49      0    62.12    0.26    0.49      0
       32768          8192     float     sum      -1    78.52    0.42    0.78      0    63.00    0.52    0.98      0
       65536         16384     float     sum      -1    95.64    0.69    1.28      0    86.72    0.76    1.42      0
      131072         32768     float     sum      -1    116.9    1.12    2.10      0    116.9    1.12    2.10      0
      262144         65536     float     sum      -1    166.5    1.57    2.95      0    189.0    1.39    2.60      0
      524288        131072     float     sum      -1    195.6    2.68    5.02      0    233.4    2.25    4.21      0
     1048576        262144     float     sum      -1    228.1    4.60    8.62      0    290.5    3.61    6.77      0
     2097152        524288     float     sum      -1    318.4    6.59   12.35      0    321.6    6.52   12.23      0
     4194304       1048576     float     sum      -1    516.4    8.12   15.23      0    516.3    8.12   15.23      0
     8388608       2097152     float     sum      -1    616.3   13.61   25.52      0    614.0   13.66   25.62      0
    16777216       4194304     float     sum      -1    605.7   27.70   51.94      0    605.3   27.72   51.97      0
    33554432       8388608     float     sum      -1   1073.9   31.25   58.59      0   1063.4   31.55   59.16      0
    67108864      16777216     float     sum      -1   1884.8   35.61   66.76      0   1872.7   35.83   67.19      0
   134217728      33554432     float     sum      -1   3568.3   37.61   70.53      0   3429.9   39.13   73.37      0
   268435456      67108864     float     sum      -1   6332.4   42.39   79.48      0   6472.1   41.48   77.77      0
   536870912     134217728     float     sum      -1    12235   43.88   82.28      0    12403   43.29   81.16      0
  1073741824     268435456     float     sum      -1    23807   45.10   84.57      0    22294   48.16   90.31      0
  2147483648     536870912     float     sum      -1    46679   46.01   86.26      0    48234   44.52   83.48      0
  4294967296    1073741824     float     sum      -1    95620   44.92   84.22      0    92792   46.29   86.79      0
           8             2     float     sum      -1    25.83    0.00    0.00      0    25.23    0.00    0.00      0
          16             4     float     sum      -1    25.27    0.00    0.00      0    24.91    0.00    0.00      0
          32             8     float     sum      -1    25.04    0.00    0.00      0    24.87    0.00    0.00      0
          64            16     float     sum      -1    27.58    0.00    0.00      0    27.31    0.00    0.00      0
         128            32     float     sum      -1    51.48    0.00    0.00      0    51.04    0.00    0.00      0
         256            64     float     sum      -1    52.10    0.00    0.01      0    51.75    0.00    0.01      0
         512           128     float     sum      -1    52.89    0.01    0.02      0    52.56    0.01    0.02      0
        1024           256     float     sum      -1    54.11    0.02    0.04      0    53.35    0.02    0.04      0
        2048           512     float     sum      -1    56.27    0.04    0.07      0    56.66    0.04    0.07      0
        4096          1024     float     sum      -1    60.76    0.07    0.13      0    60.18    0.07    0.13      0
        8192          2048     float     sum      -1    61.96    0.13    0.25      0    61.92    0.13    0.25      0
       16384          4096     float     sum      -1    62.97    0.26    0.49      0    61.72    0.27    0.50      0
       32768          8192     float     sum      -1    64.02    0.51    0.96      0    63.45    0.52    0.97      0
       65536         16384     float     sum      -1    83.54    0.78    1.47      0    81.16    0.81    1.51      0
      131072         32768     float     sum      -1    116.8    1.12    2.10      0    118.2    1.11    2.08      0
      262144         65536     float     sum      -1    166.9    1.57    2.94      0    196.8    1.33    2.50      0
      524288        131072     float     sum      -1    266.2    1.97    3.69      0    272.2    1.93    3.61      0
     1048576        262144     float     sum      -1    256.0    4.10    7.68      0    239.1    4.39    8.22      0
     2097152        524288     float     sum      -1    318.8    6.58   12.33      0    320.4    6.55   12.27      0
     4194304       1048576     float     sum      -1    520.2    8.06   15.12      0    515.6    8.14   15.25      0
     8388608       2097152     float     sum      -1    613.4   13.68   25.64      0    613.3   13.68   25.65      0
    16777216       4194304     float     sum      -1    604.8   27.74   52.02      0    607.0   27.64   51.82      0
    33554432       8388608     float     sum      -1   1065.9   31.48   59.03      0   1067.4   31.43   58.94      0
    67108864      16777216     float     sum      -1   1833.4   36.60   68.63      0   1896.5   35.39   66.35      0
   134217728      33554432     float     sum      -1   3516.5   38.17   71.56      0   3994.1   33.60   63.01      0
   268435456      67108864     float     sum      -1   6408.1   41.89   78.54      0   6269.0   42.82   80.29      0
   536870912     134217728     float     sum      -1    12426   43.20   81.01      0    12434   43.18   80.96      0
  1073741824     268435456     float     sum      -1    25629   41.90   78.55      0    24315   44.16   82.80      0
  2147483648     536870912     float     sum      -1    49537   43.35   81.28      0    45322   47.38   88.84      0
  4294967296    1073741824     float     sum      -1    92773   46.30   86.80      0    92869   46.25   86.71      0
           8             2     float     sum      -1    26.10    0.00    0.00      0    24.85    0.00    0.00      0
          16             4     float     sum      -1    24.67    0.00    0.00      0    24.56    0.00    0.00      0
          32             8     float     sum      -1    25.04    0.00    0.00      0    24.80    0.00    0.00      0
          64            16     float     sum      -1    27.89    0.00    0.00      0    27.58    0.00    0.00      0
         128            32     float     sum      -1    51.37    0.00    0.00      0    51.35    0.00    0.00      0
         256            64     float     sum      -1    51.94    0.00    0.01      0    51.33    0.00    0.01      0
         512           128     float     sum      -1    53.15    0.01    0.02      0    52.71    0.01    0.02      0
        1024           256     float     sum      -1    54.63    0.02    0.04      0    53.46    0.02    0.04      0
        2048           512     float     sum      -1    56.08    0.04    0.07      0    56.17    0.04    0.07      0
        4096          1024     float     sum      -1    61.07    0.07    0.13      0    60.74    0.07    0.13      0
        8192          2048     float     sum      -1    61.53    0.13    0.25      0    61.15    0.13    0.25      0
       16384          4096     float     sum      -1    63.15    0.26    0.49      0    62.08    0.26    0.49      0
       32768          8192     float     sum      -1    64.26    0.51    0.96      0    63.62    0.52    0.97      0
       65536         16384     float     sum      -1    92.13    0.71    1.33      0    72.60    0.90    1.69      0
      131072         32768     float     sum      -1    116.2    1.13    2.11      0    116.0    1.13    2.12      0
      262144         65536     float     sum      -1    150.6    1.74    3.26      0    156.8    1.67    3.14      0
      524288        131072     float     sum      -1    240.5    2.18    4.09      0    236.5    2.22    4.16      0
     1048576        262144     float     sum      -1    238.9    4.39    8.23      0    246.1    4.26    7.99      0
     2097152        524288     float     sum      -1    318.7    6.58   12.34      0    321.3    6.53   12.24      0
     4194304       1048576     float     sum      -1    535.2    7.84   14.69      0    515.0    8.15   15.27      0
     8388608       2097152     float     sum      -1    617.2   13.59   25.49      0    614.0   13.66   25.61      0
    16777216       4194304     float     sum      -1    605.0   27.73   52.00      0    606.2   27.68   51.89      0
    33554432       8388608     float     sum      -1   1079.7   31.08   58.27      0   1083.7   30.96   58.05      0
    67108864      16777216     float     sum      -1   1811.6   37.04   69.46      0   1900.0   35.32   66.22      0
   134217728      33554432     float     sum      -1   3738.0   35.91   67.32      0   3678.5   36.49   68.41      0
   268435456      67108864     float     sum      -1   6240.7   43.01   80.65      0   6571.7   40.85   76.59      0
   536870912     134217728     float     sum      -1    12354   43.46   81.48      0    12009   44.71   83.83      0
  1073741824     268435456     float     sum      -1    24233   44.31   83.08      0    22839   47.01   88.15      0
  2147483648     536870912     float     sum      -1    46655   46.03   86.31      0    75524   28.43   53.31      0
  4294967296    1073741824     float     sum      -1   101507   42.31   79.33      0    95618   44.92   84.22      0
           8             2     float     sum      -1    26.71    0.00    0.00      0    25.18    0.00    0.00      0
          16             4     float     sum      -1    25.03    0.00    0.00      0    25.18    0.00    0.00      0
          32             8     float     sum      -1    25.36    0.00    0.00      0    25.12    0.00    0.00      0
          64            16     float     sum      -1    27.50    0.00    0.00      0    27.60    0.00    0.00      0
         128            32     float     sum      -1    51.80    0.00    0.00      0    51.54    0.00    0.00      0
         256            64     float     sum      -1    52.07    0.00    0.01      0    51.62    0.00    0.01      0
         512           128     float     sum      -1    52.89    0.01    0.02      0    52.18    0.01    0.02      0
        1024           256     float     sum      -1    53.95    0.02    0.04      0    54.00    0.02    0.04      0
        2048           512     float     sum      -1    56.71    0.04    0.07      0    55.85    0.04    0.07      0
        4096          1024     float     sum      -1    61.27    0.07    0.13      0    60.18    0.07    0.13      0
        8192          2048     float     sum      -1    62.07    0.13    0.25      0    61.42    0.13    0.25      0
       16384          4096     float     sum      -1    63.20    0.26    0.49      0    62.05    0.26    0.50      0
       32768          8192     float     sum      -1    74.85    0.44    0.82      0    63.52    0.52    0.97      0
       65536         16384     float     sum      -1    85.50    0.77    1.44      0    81.25    0.81    1.51      0
      131072         32768     float     sum      -1    116.7    1.12    2.11      0    115.7    1.13    2.12      0
      262144         65536     float     sum      -1    130.4    2.01    3.77      0    181.5    1.44    2.71      0
      524288        131072     float     sum      -1    262.5    2.00    3.75      0    216.4    2.42    4.54      0
     1048576        262144     float     sum      -1    277.8    3.77    7.08      0    244.4    4.29    8.04      0
     2097152        524288     float     sum      -1    319.0    6.57   12.33      0    322.9    6.49   12.18      0
     4194304       1048576     float     sum      -1    524.0    8.00   15.01      0    533.6    7.86   14.74      0
     8388608       2097152     float     sum      -1    613.3   13.68   25.65      0    614.2   13.66   25.61      0
    16777216       4194304     float     sum      -1    605.7   27.70   51.94      0    604.2   27.77   52.06      0
    33554432       8388608     float     sum      -1   1089.6   30.80   57.74      0   1063.1   31.56   59.18      0
    67108864      16777216     float     sum      -1   1899.7   35.33   66.24      0   1812.2   37.03   69.44      0
   134217728      33554432     float     sum      -1   3930.6   34.15   64.03      0   3781.8   35.49   66.54      0
   268435456      67108864     float     sum      -1   6913.6   38.83   72.80      0   6548.4   40.99   76.86      0
   536870912     134217728     float     sum      -1    12914   41.57   77.95      0    15349   34.98   65.58      0
  1073741824     268435456     float     sum      -1    24970   43.00   80.63      0    24992   42.96   80.56      0
  2147483648     536870912     float     sum      -1    48173   44.58   83.58      0    46943   45.75   85.77      0
  4294967296    1073741824     float     sum      -1   104208   41.22   77.28      0    95872   44.80   84.00      0
           8             2     float     sum      -1    25.77    0.00    0.00      0    25.12    0.00    0.00      0
          16             4     float     sum      -1    24.72    0.00    0.00      0    24.97    0.00    0.00      0
          32             8     float     sum      -1    24.95    0.00    0.00      0    24.81    0.00    0.00      0
          64            16     float     sum      -1    27.30    0.00    0.00      0    27.47    0.00    0.00      0
         128            32     float     sum      -1    51.47    0.00    0.00      0    51.37    0.00    0.00      0
         256            64     float     sum      -1    51.88    0.00    0.01      0    50.87    0.01    0.01      0
         512           128     float     sum      -1    53.17    0.01    0.02      0    52.44    0.01    0.02      0
        1024           256     float     sum      -1    53.98    0.02    0.04      0    53.36    0.02    0.04      0
        2048           512     float     sum      -1    56.43    0.04    0.07      0    55.52    0.04    0.07      0
        4096          1024     float     sum      -1    60.97    0.07    0.13      0    60.17    0.07    0.13      0
        8192          2048     float     sum      -1    61.83    0.13    0.25      0    61.11    0.13    0.25      0
       16384          4096     float     sum      -1    63.54    0.26    0.48      0    62.05    0.26    0.50      0
       32768          8192     float     sum      -1    63.02    0.52    0.97      0    62.49    0.52    0.98      0
       65536         16384     float     sum      -1    73.73    0.89    1.67      0    70.86    0.92    1.73      0
      131072         32768     float     sum      -1    116.3    1.13    2.11      0    116.3    1.13    2.11      0
      262144         65536     float     sum      -1    128.2    2.04    3.83      0    127.2    2.06    3.86      0
      524288        131072     float     sum      -1    181.0    2.90    5.43      0    178.9    2.93    5.50      0
     1048576        262144     float     sum      -1    197.9    5.30    9.94      0    208.5    5.03    9.43      0
     2097152        524288     float     sum      -1    323.8    6.48   12.14      0    323.4    6.48   12.16      0
     4194304       1048576     float     sum      -1    534.1    7.85   14.72      0    537.2    7.81   14.64      0
     8388608       2097152     float     sum      -1    611.3   13.72   25.73      0    611.4   13.72   25.73      0
    16777216       4194304     float     sum      -1    605.4   27.71   51.96      0    606.4   27.67   51.88      0
    33554432       8388608     float     sum      -1   1072.2   31.30   58.68      0   1077.5   31.14   58.39      0
    67108864      16777216     float     sum      -1   1893.1   35.45   66.47      0   1796.9   37.35   70.02      0
   134217728      33554432     float     sum      -1   3633.0   36.94   69.27      0   4128.4   32.51   60.96      0
   268435456      67108864     float     sum      -1   6746.4   39.79   74.60      0   6593.5   40.71   76.34      0
   536870912     134217728     float     sum      -1    12496   42.96   80.56      0    12324   43.56   81.68      0
  1073741824     268435456     float     sum      -1    26345   40.76   76.42      0    24279   44.22   82.92      0
  2147483648     536870912     float     sum      -1    50936   42.16   79.05      0    51014   42.10   78.93      0
  4294967296    1073741824     float     sum      -1    89900   47.77   89.58      0   101406   42.35   79.41      0
