        size         count      type   redop    root     time   algbw   busbw #wrong     time   algbw   busbw #wrong
         (B)    (elements)                               (us)  (GB/s)  (GB/s)            (us)  (GB/s)  (GB/s)       
           8             2     float     sum      -1    84.01    0.00    0.00      0    291.8    0.00    0.00      0
          16             4     float     sum      -1    80.87    0.00    0.00      0    80.84    0.00    0.00      0
          32             8     float     sum      -1    321.3    0.00    0.00      0    99.22    0.00    0.00      0
          64            16     float     sum      -1    148.2    0.00    0.00      0    89.25    0.00    0.00      0
         128            32     float     sum      -1    198.2    0.00    0.00      0    207.2    0.00    0.00      0
         256            64     float     sum      -1    248.5    0.00    0.00      0    201.5    0.00    0.00      0
         512           128     float     sum      -1    206.6    0.00    0.00      0    205.1    0.00    0.00      0
        1024           256     float     sum      -1    207.2    0.00    0.01      0    204.8    0.00    0.01      0
        2048           512     float     sum      -1    214.0    0.01    0.02      0    214.3    0.01    0.02      0
        4096          1024     float     sum      -1    233.0    0.02    0.04      0    229.5    0.02    0.04      0
        8192          2048     float     sum      -1    240.0    0.03    0.07      0    232.0    0.04    0.07      0
       16384          4096     float     sum      -1    275.8    0.06    0.12      0    265.3    0.06    0.12      0
       32768          8192     float     sum      -1    301.5    0.11    0.22      0    291.3    0.11    0.22      0
       65536         16384     float     sum      -1    386.8    0.17    0.34      0    406.1    0.16    0.32      0
      131072         32768     float     sum      -1    545.1    0.24    0.48      0    538.2    0.24    0.49      0
      262144         65536     float     sum      -1    699.5    0.37    0.75      0    736.2    0.36    0.71      0
      524288        131072     float     sum      -1    843.0    0.62    1.24      0    824.3    0.64    1.27      0
     1048576        262144     float     sum      -1   1569.4    0.67    1.33      0   1402.1    0.75    1.49      0
     2097152        524288     float     sum      -1   2332.4    0.90    1.80      0   2291.1    0.92    1.83      0
     4194304       1048576     float     sum      -1   3698.4    1.13    2.27      0   3610.6    1.16    2.32      0
     8388608       2097152     float     sum      -1   4053.3    2.07    4.14      0   4451.8    1.88    3.76      0
    16777216       4194304     float     sum      -1   5091.6    3.30    6.58      0   4595.2    3.65    7.29      0
    33554432       8388608     float     sum      -1   5702.5    5.88   11.76      0   5889.7    5.70   11.38      0
    67108864      16777216     float     sum      -1   8254.2    8.13   16.24      0   7939.0    8.45   16.89      0
   134217728      33554432     float     sum      -1    11778   11.40   22.77      0    12522   10.72   21.42      0
   268435456      67108864     float     sum      -1    22144   12.12   24.22      0    21533   12.47   24.91      0
   536870912     134217728     float     sum      -1    93803    5.72   11.44      0    32781   16.38   32.72      0
  1073741824     268435456     float     sum      -1    74297   14.45   28.88      0    75862   14.15   28.28      0
  2147483648     536870912     float     sum      -1   118868   18.07   36.10      0    82954   25.89   51.72      0
  4294967296    1073741824     float     sum      -1   127606   33.66   67.25      0   128391   33.45   66.84      0
           8             2     float     sum      -1    82.61    0.00    0.00      0    80.80    0.00    0.00      0
          16             4     float     sum      -1    79.97    0.00    0.00      0    115.2    0.00    0.00      0
          32             8     float     sum      -1    80.14    0.00    0.00      0    91.78    0.00    0.00      0
          64            16     float     sum      -1    86.77    0.00    0.00      0    87.32    0.00    0.00      0
         128            32     float     sum      -1    194.9    0.00    0.00      0    193.0    0.00    0.00      0
         256            64     float     sum      -1    204.3    0.00    0.00      0    196.2    0.00    0.00      0
         512           128     float     sum      -1    201.4    0.00    0.01      0    197.5    0.00    0.01      0
        1024           256     float     sum      -1    204.8    0.01    0.01      0    201.6    0.01    0.01      0
        2048           512     float     sum      -1    210.1    0.01    0.02      0    209.9    0.01    0.02      0
        4096          1024     float     sum      -1    227.7    0.02    0.04      0    223.7    0.02    0.04      0
        8192          2048     float     sum      -1    240.3    0.03    0.07      0    233.2    0.04    0.07      0
       16384          4096     float     sum      -1    255.4    0.06    0.13      0    244.4    0.07    0.13      0
       32768          8192     float     sum      -1    282.5    0.12    0.23      0    275.3    0.12    0.24      0
       65536         16384     float     sum      -1    386.9    0.17    0.34      0    376.3    0.17    0.35      0
      131072         32768     float     sum      -1    495.6    0.26    0.53      0    489.5    0.27    0.54      0
      262144         65536     float     sum      -1    672.4    0.39    0.78      0    682.8    0.38    0.77      0
      524288        131072     float     sum      -1    703.7    0.75    1.49      0    708.7    0.74    1.48      0
     1048576        262144     float     sum      -1    957.6    1.10    2.19      0    889.7    1.18    2.35      0
     2097152        524288     float     sum      -1   1415.3    1.48    2.96      0   1919.2    1.09    2.18      0
     4194304       1048576     float     sum      -1   2151.6    1.95    3.89      0   2291.1    1.83    3.66      0
     8388608       2097152     float     sum      -1   2292.0    3.66    7.31      0   2331.0    3.60    7.19      0
    16777216       4194304     float     sum      -1   2912.7    5.76   11.51      0   3004.6    5.58   11.16      0
    33554432       8388608     float     sum      -1   3705.3    9.06   18.09      0   3788.9    8.86   17.69      0
    67108864      16777216     float     sum      -1   4655.2   14.42   28.80      0   4934.0   13.60   27.18      0
   134217728      33554432     float     sum      -1   6705.6   20.02   39.99      0   6711.1   20.00   39.96      0
   268435456      67108864     float     sum      -1    10755   24.96   49.87      0    11233   23.90   47.75      0
   536870912     134217728     float     sum      -1    19994   26.85   53.65      0    19892   26.99   53.92      0
  1073741824     268435456     float     sum      -1    41159   26.09   52.12      0    38735   27.72   55.39      0
  2147483648     536870912     float     sum      -1    83424   25.74   51.43      0   100052   21.46   42.89      0
  4294967296    1073741824     float     sum      -1   125642   34.18   68.30      0   126021   34.08   68.10      0
           8             2     float     sum      -1    86.53    0.00    0.00      0    84.99    0.00    0.00      0
          16             4     float     sum      -1    83.22    0.00    0.00      0    95.14    0.00    0.00      0
          32             8     float     sum      -1    80.11    0.00    0.00      0    81.87    0.00    0.00      0
          64            16     float     sum      -1    87.65    0.00    0.00      0    86.49    0.00    0.00      0
         128            32     float     sum      -1    194.8    0.00    0.00      0    192.4    0.00    0.00      0
         256            64     float     sum      -1    204.3    0.00    0.00      0    196.1    0.00    0.00      0
         512           128     float     sum      -1    201.5    0.00    0.01      0    201.0    0.00    0.01      0
        1024           256     float     sum      -1    204.1    0.01    0.01      0    201.3    0.01    0.01      0
        2048           512     float     sum      -1    209.7    0.01    0.02      0    210.2    0.01    0.02      0
        4096          1024     float     sum      -1    227.9    0.02    0.04      0    225.9    0.02    0.04      0
        8192          2048     float     sum      -1    231.3    0.04    0.07      0    228.0    0.04    0.07      0
       16384          4096     float     sum      -1    240.4    0.07    0.14      0    240.9    0.07    0.14      0
       32768          8192     float     sum      -1    258.1    0.13    0.25      0    264.6    0.12    0.25      0
       65536         16384     float     sum      -1    415.1    0.16    0.32      0    398.3    0.16    0.33      0
      131072         32768     float     sum      -1    479.4    0.27    0.55      0    465.9    0.28    0.56      0
      262144         65536     float     sum      -1    662.6    0.40    0.79      0    675.5    0.39    0.78      0
      524288        131072     float     sum      -1    707.3    0.74    1.48      0    729.0    0.72    1.44      0
     1048576        262144     float     sum      -1    778.1    1.35    2.69      0    832.4    1.26    2.52      0
     2097152        524288     float     sum      -1   1151.0    1.82    3.64      0   1229.1    1.71    3.41      0
     4194304       1048576     float     sum      -1   2090.9    2.01    4.01      0   1837.2    2.28    4.56      0
     8388608       2097152     float     sum      -1   2044.5    4.10    8.20      0   2020.1    4.15    8.30      0
    16777216       4194304     float     sum      -1   2461.3    6.82   13.62      0   2517.7    6.66   13.31      0
    33554432       8388608     float     sum      -1   3137.2   10.70   21.37      0   3211.3   10.45   20.88      0
    67108864      16777216     float     sum      -1   4224.5   15.89   31.74      0   4064.5   16.51   32.99      0
   134217728      33554432     float     sum      -1   6051.0   22.18   44.32      0   5831.5   23.02   45.99      0
   268435456      67108864     float     sum      -1   9562.0   28.07   56.09      0   9726.1   27.60   55.15      0
   536870912     134217728     float     sum      -1    17851   30.07   60.09      0    17829   30.11   60.16      0
  1073741824     268435456     float     sum      -1    34439   31.18   62.30      0    46649   23.02   45.99      0
  2147483648     536870912     float     sum      -1    94369   22.76   45.47      0    67910   31.62   63.18      0
  4294967296    1073741824     float     sum      -1   124777   34.42   68.78      0   134989   31.82   63.57      0
           8             2     float     sum      -1    82.59    0.00    0.00      0    80.18    0.00    0.00      0
          16             4     float     sum      -1    80.42    0.00    0.00      0    79.74    0.00    0.00      0
          32             8     float     sum      -1    79.96    0.00    0.00      0    79.91    0.00    0.00      0
          64            16     float     sum      -1    87.21    0.00    0.00      0    86.89    0.00    0.00      0
         128            32     float     sum      -1    196.4    0.00    0.00      0    193.6    0.00    0.00      0
         256            64     float     sum      -1    210.7    0.00    0.00      0    194.3    0.00    0.00      0
         512           128     float     sum      -1    199.6    0.00    0.01      0    198.3    0.00    0.01      0
        1024           256     float     sum      -1    203.8    0.01    0.01      0    210.3    0.00    0.01      0
        2048           512     float     sum      -1    215.8    0.01    0.02      0    210.7    0.01    0.02      0
        4096          1024     float     sum      -1    242.7    0.02    0.03      0    225.3    0.02    0.04      0
        8192          2048     float     sum      -1    231.6    0.04    0.07      0    228.2    0.04    0.07      0
       16384          4096     float     sum      -1    246.3    0.07    0.13      0    246.5    0.07    0.13      0
       32768          8192     float     sum      -1    263.4    0.12    0.25      0    252.0    0.13    0.26      0
       65536         16384     float     sum      -1    345.3    0.19    0.38      0    361.5    0.18    0.36      0
      131072         32768     float     sum      -1    487.2    0.27    0.54      0    485.5    0.27    0.54      0
      262144         65536     float     sum      -1    664.0    0.39    0.79      0    668.6    0.39    0.78      0
      524288        131072     float     sum      -1    754.8    0.69    1.39      0    795.2    0.66    1.32      0
     1048576        262144     float     sum      -1    775.9    1.35    2.70      0    873.5    1.20    2.40      0
     2097152        524288     float     sum      -1   1435.2    1.46    2.92      0   1445.8    1.45    2.90      0
     4194304       1048576     float     sum      -1   2492.7    1.68    3.36      0   2530.2    1.66    3.31      0
     8388608       2097152     float     sum      -1   2643.2    3.17    6.34      0   2794.9    3.00    6.00      0
    16777216       4194304     float     sum      -1   3235.0    5.19   10.36      0   3223.6    5.20   10.40      0
    33554432       8388608     float     sum      -1   4108.4    8.17   16.32      0   3971.6    8.45   16.88      0
    67108864      16777216     float     sum      -1   6400.0   10.49   20.95      0   5621.8   11.94   23.85      0
   134217728      33554432     float     sum      -1   8914.7   15.06   30.08      0   8673.0   15.48   30.92      0
   268435456      67108864     float     sum      -1    13757   19.51   38.99      0    13382   20.06   40.08      0
   536870912     134217728     float     sum      -1    23739   22.62   45.19      0    24028   22.34   44.64      0
  1073741824     268435456     float     sum      -1    44582   24.08   48.12      0    33971   31.61   63.15      0
  2147483648     536870912     float     sum      -1    67124   31.99   63.92      0    67495   31.82   63.57      0
  4294967296    1073741824     float     sum      -1   122838   34.96   69.86      0   124348   34.54   69.01      0
           8             2     float     sum      -1    83.83    0.00    0.00      0    80.86    0.00    0.00      0
          16             4     float     sum      -1    83.82    0.00    0.00      0    80.69    0.00    0.00      0
          32             8     float     sum      -1    80.25    0.00    0.00      0    80.23    0.00    0.00      0
          64            16     float     sum      -1    88.71    0.00    0.00      0    87.71    0.00    0.00      0
         128            32     float     sum      -1    196.5    0.00    0.00      0    196.4    0.00    0.00      0
         256            64     float     sum      -1    208.6    0.00    0.00      0    212.5    0.00    0.00      0
         512           128     float     sum      -1    202.8    0.00    0.01      0    199.9    0.00    0.01      0
        1024           256     float     sum      -1    207.0    0.00    0.01      0    202.8    0.01    0.01      0
        2048           512     float     sum      -1    214.6    0.01    0.02      0    217.9    0.01    0.02      0
        4096          1024     float     sum      -1    230.6    0.02    0.04      0    228.2    0.02    0.04      0
        8192          2048     float     sum      -1    234.2    0.03    0.07      0    231.6    0.04    0.07      0
       16384          4096     float     sum      -1    239.1    0.07    0.14      0    244.4    0.07    0.13      0
       32768          8192     float     sum      -1    257.4    0.13    0.25      0    243.1    0.13    0.27      0
       65536         16384     float     sum      -1    328.9    0.20    0.40      0    324.5    0.20    0.40      0
      131072         32768     float     sum      -1    485.0    0.27    0.54      0    467.1    0.28    0.56      0
      262144         65536     float     sum      -1    664.5    0.39    0.79      0    645.7    0.41    0.81      0
      524288        131072     float     sum      -1    743.9    0.70    1.41      0    703.8    0.74    1.49      0
     1048576        262144     float     sum      -1    735.1    1.43    2.85      0    831.1    1.26    2.52      0
     2097152        524288     float     sum      -1   1225.8    1.71    3.42      0   1420.7    1.48    2.95      0
     4194304       1048576     float     sum      -1   2302.8    1.82    3.64      0   2359.7    1.78    3.55      0
     8388608       2097152     float     sum      -1   2725.6    3.08    6.15      0   2913.7    2.88    5.75      0
    16777216       4194304     float     sum      -1   3549.2    4.73    9.44      0   3100.3    5.41   10.81      0
    33554432       8388608     float     sum      -1   4598.6    7.30   14.58      0   3191.2   10.51   21.01      0
    67108864      16777216     float     sum      -1   3947.0   17.00   33.97      0   4073.4   16.47   32.92      0
   134217728      33554432     float     sum      -1   5676.6   23.64   47.24      0   5705.9   23.52   47.00      0
   268435456      67108864     float     sum      -1   9646.4   27.83   55.60      0   9421.4   28.49   56.93      0
   536870912     134217728     float     sum      -1    16799   31.96   63.85      0    16834   31.89   63.72      0
  1073741824     268435456     float     sum      -1    32924   32.61   65.16      0    33878   31.69   63.33      0
  2147483648     536870912     float     sum      -1    76696   28.00   55.94      0   107693   19.94   39.84      0
  4294967296    1073741824     float     sum      -1   125711   34.17   68.26      0   122915   34.94   69.82      0
           8             2     float     sum      -1    83.04    0.00    0.00      0    80.96    0.00    0.00      0
          16             4     float     sum      -1    80.33    0.00    0.00      0    79.75    0.00    0.00      0
          32             8     float     sum      -1    80.25    0.00    0.00      0    80.05    0.00    0.00      0
          64            16     float     sum      -1    87.43    0.00    0.00      0    86.78    0.00    0.00      0
         128            32     float     sum      -1    195.2    0.00    0.00      0    193.3    0.00    0.00      0
         256            64     float     sum      -1    204.4    0.00    0.00      0    194.1    0.00    0.00      0
         512           128     float     sum      -1    199.4    0.00    0.01      0    202.7    0.00    0.01      0
        1024           256     float     sum      -1    203.3    0.01    0.01      0    203.4    0.01    0.01      0
        2048           512     float     sum      -1    214.9    0.01    0.02      0    210.5    0.01    0.02      0
        4096          1024     float     sum      -1    227.2    0.02    0.04      0    225.2    0.02    0.04      0
        8192          2048     float     sum      -1    232.2    0.04    0.07      0    229.1    0.04    0.07      0
       16384          4096     float     sum      -1    252.1    0.06    0.13      0    247.8    0.07    0.13      0
       32768          8192     float     sum      -1    250.3    0.13    0.26      0    253.2    0.13    0.26      0
       65536         16384     float     sum      -1    334.4    0.20    0.39      0    325.7    0.20    0.40      0
      131072         32768     float     sum      -1    444.2    0.30    0.59      0    461.0    0.28    0.57      0
      262144         65536     float     sum      -1    643.4    0.41    0.81      0    638.6    0.41    0.82      0
      524288        131072     float     sum      -1    711.8    0.74    1.47      0    681.2    0.77    1.54      0
     1048576        262144     float     sum      -1    761.4    1.38    2.75      0    754.8    1.39    2.78      0
     2097152        524288     float     sum      -1   1135.6    1.85    3.69      0   1116.0    1.88    3.75      0
     4194304       1048576     float     sum      -1   1775.0    2.36    4.72      0   1803.3    2.33    4.65      0
     8388608       2097152     float     sum      -1   1991.9    4.21    8.41      0   1949.5    4.30    8.60      0
    16777216       4194304     float     sum      -1   2533.7    6.62   13.23      0   2369.4    7.08   14.15      0
    33554432       8388608     float     sum      -1   3028.4   11.08   22.14      0   3106.2   10.80   21.58      0
    67108864      16777216     float     sum      -1   4223.0   15.89   31.75      0   4142.5   16.20   32.37      0
   134217728      33554432     float     sum      -1   5623.4   23.87   47.69      0   5682.9   23.62   47.19      0
   268435456      67108864     float     sum      -1   9439.6   28.44   56.82      0   9457.7   28.38   56.71      0
   536870912     134217728     float     sum      -1    23062   23.28   46.51      0    24785   21.66   43.28      0
  1073741824     268435456     float     sum      -1    50360   21.32   42.60      0    50748   21.16   42.28      0
  2147483648     536870912     float     sum      -1   109700   19.58   39.11      0    93190   23.04   46.04      0
  4294967296    1073741824     float     sum      -1   121772   35.27   70.47      0   121344   35.39   70.72      0
           8             2     float     sum      -1    82.69    0.00    0.00      0    82.87    0.00    0.00      0
          16             4     float     sum      -1    80.06    0.00    0.00      0    79.07    0.00    0.00      0
          32             8     float     sum      -1    86.63    0.00    0.00      0    80.08    0.00    0.00      0
          64            16     float     sum      -1    87.09    0.00    0.00      0    88.43    0.00    0.00      0
         128            32     float     sum      -1    194.8    0.00    0.00      0    193.2    0.00    0.00      0
         256            64     float     sum      -1    207.9    0.00    0.00      0    199.5    0.00    0.00      0
         512           128     float     sum      -1    200.7    0.00    0.01      0    196.2    0.00    0.01      0
        1024           256     float     sum      -1    204.3    0.01    0.01      0    202.1    0.01    0.01      0
        2048           512     float     sum      -1    211.0    0.01    0.02      0    209.4    0.01    0.02      0
        4096          1024     float     sum      -1    226.9    0.02    0.04      0    224.1    0.02    0.04      0
        8192          2048     float     sum      -1    230.6    0.04    0.07      0    228.4    0.04    0.07      0
       16384          4096     float     sum      -1    239.6    0.07    0.14      0    242.1    0.07    0.14      0
       32768          8192     float     sum      -1    242.1    0.14    0.27      0    238.2    0.14    0.27      0
       65536         16384     float     sum      -1    313.3    0.21    0.42      0    306.6    0.21    0.43      0
      131072         32768     float     sum      -1    456.4    0.29    0.57      0    461.7    0.28    0.57      0
      262144         65536     float     sum      -1    557.5    0.47    0.94      0    638.3    0.41    0.82      0
      524288        131072     float     sum      -1    623.5    0.84    1.68      0    640.2    0.82    1.64      0
     1048576        262144     float     sum      -1    744.3    1.41    2.81      0    728.3    1.44    2.88      0
     2097152        524288     float     sum      -1   1118.4    1.88    3.75      0   1109.1    1.89    3.78      0
     4194304       1048576     float     sum      -1   1769.0    2.37    4.74      0   1824.9    2.30    4.59      0
     8388608       2097152     float     sum      -1   1903.4    4.41    8.81      0   1915.4    4.38    8.75      0
    16777216       4194304     float     sum      -1   2319.3    7.23   14.45      0   2378.2    7.05   14.10      0
    33554432       8388608     float     sum      -1   2898.4   11.58   23.13      0   2916.2   11.51   22.99      0
    67108864      16777216     float     sum      -1   3795.1   17.68   35.33      0   3700.1   18.14   36.24      0
   134217728      33554432     float     sum      -1   5511.5   24.35   48.66      0   5543.1   24.21   48.38      0
   268435456      67108864     float     sum      -1   9091.9   29.52   58.99      0   9043.7   29.68   59.31      0
   536870912     134217728     float     sum      -1    16159   33.22   66.38      0    17296   31.04   62.02      0
  1073741824     268435456     float     sum      -1    33646   31.91   63.76      0    33310   32.24   64.41      0
  2147483648     536870912     float     sum      -1    66317   32.38   64.70      0    65762   32.66   65.25      0
  4294967296    1073741824     float     sum      -1   124958   34.37   68.68      0   124545   34.49   68.90      0
           8             2     float     sum      -1    82.49    0.00    0.00      0    80.35    0.00    0.00      0
          16             4     float     sum      -1    80.19    0.00    0.00      0    79.93    0.00    0.00      0
          32             8     float     sum      -1    79.94    0.00    0.00      0    79.90    0.00    0.00      0
          64            16     float     sum      -1    96.13    0.00    0.00      0    87.36    0.00    0.00      0
         128            32     float     sum      -1    195.3    0.00    0.00      0    202.6    0.00    0.00      0
         256            64     float     sum      -1    203.2    0.00    0.00      0    194.5    0.00    0.00      0
         512           128     float     sum      -1    199.5    0.00    0.01      0    197.0    0.00    0.01      0
        1024           256     float     sum      -1    204.1    0.01    0.01      0    202.5    0.01    0.01      0
        2048           512     float     sum      -1    216.2    0.01    0.02      0    210.7    0.01    0.02      0
        4096          1024     float     sum      -1    228.2    0.02    0.04      0    224.2    0.02    0.04      0
        8192          2048     float     sum      -1    231.9    0.04    0.07      0    233.6    0.04    0.07      0
       16384          4096     float     sum      -1    243.7    0.07    0.13      0    245.6    0.07    0.13      0
       32768          8192     float     sum      -1    241.8    0.14    0.27      0    243.6    0.13    0.27      0
       65536         16384     float     sum      -1    326.2    0.20    0.40      0    321.3    0.20    0.41      0
      131072         32768     float     sum      -1    497.6    0.26    0.53      0    470.8    0.28    0.56      0
      262144         65536     float     sum      -1    646.4    0.41    0.81      0    665.7    0.39    0.79      0
      524288        131072     float     sum      -1    674.7    0.78    1.55      0    672.6    0.78    1.56      0
     1048576        262144     float     sum      -1    774.9    1.35    2.70      0    779.7    1.34    2.69      0
     2097152        524288     float     sum      -1   1185.8    1.77    3.53      0   1214.4    1.73    3.45      0
     4194304       1048576     float     sum      -1   2593.6    1.62    3.23      0   2880.0    1.46    2.91      0
     8388608       2097152     float     sum      -1   3064.6    2.74    5.47      0   2835.4    2.96    5.91      0
    16777216       4194304     float     sum      -1   3530.6    4.75    9.49      0   3317.3    5.06   10.11      0
    33554432       8388608     float     sum      -1   4508.4    7.44   14.87      0   4361.7    7.69   15.37      0
    67108864      16777216     float     sum      -1   6223.3   10.78   21.55      0   6431.6   10.43   20.85      0
   134217728      33554432     float     sum      -1   8522.8   15.75   31.47      0   8596.9   15.61   31.19      0
   268435456      67108864     float     sum      -1    13809   19.44   38.84      0    13534   19.83   39.63      0
   536870912     134217728     float     sum      -1    24144   22.24   44.43      0    23770   22.59   45.13      0
  1073741824     268435456     float     sum      -1    49750   21.58   43.12      0    49793   21.56   43.09      0
  2147483648     536870912     float     sum      -1   109593   19.60   39.15      0   107334   20.01   39.98      0
  4294967296    1073741824     float     sum      -1   131805   32.59   65.11      0   136083   31.56   63.06      0
           8             2     float     sum      -1    88.47    0.00    0.00      0    80.72    0.00    0.00      0
          16             4     float     sum      -1    79.90    0.00    0.00      0    79.89    0.00    0.00      0
          32             8     float     sum      -1    80.06    0.00    0.00      0    79.56    0.00    0.00      0
          64            16     float     sum      -1    87.24    0.00    0.00      0    86.79    0.00    0.00      0
         128            32     float     sum      -1    194.5    0.00    0.00      0    192.5    0.00    0.00      0
         256            64     float     sum      -1    203.7    0.00    0.00      0    194.7    0.00    0.00      0
         512           128     float     sum      -1    201.8    0.00    0.01      0    198.0    0.00    0.01      0
        1024           256     float     sum      -1    203.4    0.01    0.01      0    202.0    0.01    0.01      0
        2048           512     float     sum      -1    210.2    0.01    0.02      0    209.9    0.01    0.02      0
        4096          1024     float     sum      -1    228.1    0.02    0.04      0    224.2    0.02    0.04      0
        8192          2048     float     sum      -1    231.3    0.04    0.07      0    227.4    0.04    0.07      0
       16384          4096     float     sum      -1    246.8    0.07    0.13      0    240.9    0.07    0.14      0
       32768          8192     float     sum      -1    255.1    0.13    0.26      0    258.6    0.13    0.25      0
       65536         16384     float     sum      -1    333.0    0.20    0.39      0    339.5    0.19    0.39      0
      131072         32768     float     sum      -1    464.3    0.28    0.56      0    483.4    0.27    0.54      0
      262144         65536     float     sum      -1    636.3    0.41    0.82      0    632.0    0.41    0.83      0
      524288        131072     float     sum      -1    777.4    0.67    1.35      0    768.1    0.68    1.36      0
     1048576        262144     float     sum      -1    817.1    1.28    2.56      0   1007.8    1.04    2.08      0
     2097152        524288     float     sum      -1   1419.8    1.48    2.95      0   1502.8    1.40    2.79      0
     4194304       1048576     float     sum      -1   2022.8    2.07    4.14      0   2441.4    1.72    3.43      0
     8388608       2097152     float     sum      -1   2805.8    2.99    5.97      0   2849.2    2.94    5.88      0
    16777216       4194304     float     sum      -1   3639.6    4.61    9.21      0   3499.8    4.79    9.58      0
    33554432       8388608     float     sum      -1   4717.7    7.11   14.21      0   4671.5    7.18   14.35      0
    67108864      16777216     float     sum      -1   6029.9   11.13   22.24      0   5990.5   11.20   22.38      0
   134217728      33554432     float     sum      -1   8389.2   16.00   31.97      0   8686.2   15.45   30.87      0
   268435456      67108864     float     sum      -1    13615   19.72   39.39      0    12937   20.75   41.46      0
   536870912     134217728     float     sum      -1    23538   22.81   45.57      0    23261   23.08   46.11      0
  1073741824     268435456     float     sum      -1    48684   22.06   44.07      0    49350   21.76   43.47      0
  2147483648     536870912     float     sum      -1    74495   28.83   57.60      0    63047   34.06   68.06      0
  4294967296    1073741824     float     sum      -1   122333   35.11   70.15      0   121791   35.27   70.46      0
           8             2     float     sum      -1    83.46    0.00    0.00      0    80.07    0.00    0.00      0
          16             4     float     sum      -1    79.64    0.00    0.00      0    80.30    0.00    0.00      0
          32             8     float     sum      -1    80.00    0.00    0.00      0    80.34    0.00    0.00      0
          64            16     float     sum      -1    86.90    0.00    0.00      0    86.73    0.00    0.00      0
         128            32     float     sum      -1    196.0    0.00    0.00      0    192.3    0.00    0.00      0
         256            64     float     sum      -1    204.2    0.00    0.00      0    194.4    0.00    0.00      0
         512           128     float     sum      -1    200.8    0.00    0.01      0    197.6    0.00    0.01      0
        1024           256     float     sum      -1    204.5    0.01    0.01      0    201.8    0.01    0.01      0
        2048           512     float     sum      -1    210.8    0.01    0.02      0    209.0    0.01    0.02      0
        4096          1024     float     sum      -1    227.8    0.02    0.04      0    225.6    0.02    0.04      0
        8192          2048     float     sum      -1    231.4    0.04    0.07      0    234.0    0.04    0.07      0
       16384          4096     float     sum      -1    237.8    0.07    0.14      0    236.3    0.07    0.14      0
       32768          8192     float     sum      -1    251.1    0.13    0.26      0    245.3    0.13    0.27      0
       65536         16384     float     sum      -1    312.4    0.21    0.42      0    317.5    0.21    0.41      0
      131072         32768     float     sum      -1    453.8    0.29    0.58      0    477.0    0.27    0.55      0
      262144         65536     float     sum      -1    646.0    0.41    0.81      0    536.2    0.49    0.98      0
      524288        131072     float     sum      -1    609.5    0.86    1.72      0    601.9    0.87    1.74      0
     1048576        262144     float     sum      -1    755.4    1.39    2.77      0    729.8    1.44    2.87      0
     2097152        524288     float     sum      -1   1114.7    1.88    3.76      0   1089.1    1.93    3.85      0
     4194304       1048576     float     sum      -1   1791.7    2.34    4.68      0   1783.6    2.35    4.70      0
     8388608       2097152     float     sum      -1   1925.4    4.36    8.71      0   1869.1    4.49    8.97      0
    16777216       4194304     float     sum      -1   2288.2    7.33   14.65      0   2321.1    7.23   14.44      0
    33554432       8388608     float     sum      -1   2931.5   11.45   22.87      0   2971.0   11.29   22.57      0
    67108864      16777216     float     sum      -1   3761.4   17.84   35.65      0   4239.2   15.83   31.63      0
   134217728      33554432     float     sum      -1   5572.0   24.09   48.13      0   5837.4   22.99   45.94      0
   268435456      67108864     float     sum      -1    10100   26.58   53.10      0    10254   26.18   52.31      0
   536870912     134217728     float     sum      -1    18616   28.84   57.62      0    17396   30.86   61.66      0
  1073741824     268435456     float     sum      -1    34000   31.58   63.10      0    32610   32.93   65.79      0
  2147483648     536870912     float     sum      -1    63076   34.05   68.03      0    63146   34.01   67.95      0
  4294967296    1073741824     float     sum      -1   122538   35.05   70.03      0   122506   35.06   70.05      0
