        size         count      type   redop    root     time   algbw   busbw #wrong     time   algbw   busbw #wrong
         (B)    (elements)                               (us)  (GB/s)  (GB/s)            (us)  (GB/s)  (GB/s)       
           8             2     float     sum      -1    293.6    0.00    0.00      0    287.8    0.00    0.00      0
          16             4     float     sum      -1    285.4    0.00    0.00      0    280.3    0.00    0.00      0
          32             8     float     sum      -1    276.6    0.00    0.00      0    272.4    0.00    0.00      0
          64            16     float     sum      -1    262.4    0.00    0.00      0    264.5    0.00    0.00      0
         128            32     float     sum      -1    252.2    0.00    0.00      0    253.4    0.00    0.00      0
         256            64     float     sum      -1    252.4    0.00    0.00      0    247.6    0.00    0.00      0
         512           128     float     sum      -1    249.7    0.00    0.00      0    247.0    0.00    0.00      0
        1024           256     float     sum      -1    252.9    0.00    0.01      0    248.4    0.00    0.01      0
        2048           512     float     sum      -1    248.9    0.01    0.02      0    250.9    0.01    0.02      0
        4096          1024     float     sum      -1    280.5    0.01    0.03      0    284.6    0.01    0.03      0
        8192          2048     float     sum      -1    645.4    0.01    0.02      0    633.5    0.01    0.02      0
       16384          4096     float     sum      -1   2124.7    0.01    0.01      0   1950.1    0.01    0.02      0
       32768          8192     float     sum      -1   2771.1    0.01    0.02      0   2791.2    0.01    0.02      0
       65536         16384     float     sum      -1   2872.3    0.02    0.04      0   3040.9    0.02    0.04      0
      131072         32768     float     sum      -1    142.6    0.92    1.72      0    141.3    0.93    1.74      0
      262144         65536     float     sum      -1    142.5    1.84    3.45      0    142.3    1.84    3.46      0
      524288        131072     float     sum      -1    209.1    2.51    4.70      0    208.7    2.51    4.71      0
     1048576        262144     float     sum      -1    228.1    4.60    8.62      0    234.1    4.48    8.40      0
     2097152        524288     float     sum      -1    16000    0.13    0.25      0    15487    0.14    0.25      0
     4194304       1048576     float     sum      -1    15279    0.27    0.51      0    14629    0.29    0.54      0
     8388608       2097152     float     sum      -1    31087    0.27    0.51      0    30241    0.28    0.52      0
    16777216       4194304     float     sum      -1  3521497    0.00    0.01      0    638.6   26.27   49.26      0
