        size         count      type   redop    root     time   algbw   busbw #wrong     time   algbw   busbw #wrong
         (B)    (elements)                               (us)  (GB/s)  (GB/s)            (us)  (GB/s)  (GB/s)       
           8             2     float     sum      -1    38.45    0.00    0.00      0    37.86    0.00    0.00      0
          16             4     float     sum      -1    37.58    0.00    0.00      0    38.18    0.00    0.00      0
          32             8     float     sum      -1    37.39    0.00    0.00      0    37.33    0.00    0.00      0
          64            16     float     sum      -1    43.34    0.00    0.00      0    43.39    0.00    0.00      0
         128            32     float     sum      -1    87.00    0.00    0.00      0    80.14    0.00    0.00      0
         256            64     float     sum      -1    86.92    0.00    0.01      0    81.91    0.00    0.01      0
         512           128     float     sum      -1    83.64    0.01    0.01      0    83.57    0.01    0.01      0
        1024           256     float     sum      -1    85.92    0.01    0.02      0    84.55    0.01    0.02      0
        2048           512     float     sum      -1    90.62    0.02    0.04      0    90.04    0.02    0.04      0
        4096          1024     float     sum      -1    100.1    0.04    0.08      0    98.14    0.04    0.08      0
        8192          2048     float     sum      -1    100.6    0.08    0.16      0    99.45    0.08    0.16      0
       16384          4096     float     sum      -1    114.2    0.14    0.28      0    111.4    0.15    0.29      0
       32768          8192     float     sum      -1    147.9    0.22    0.44      0    148.9    0.22    0.43      0
       65536         16384     float     sum      -1    198.9    0.33    0.65      0    189.9    0.35    0.68      0
      131072         32768     float     sum      -1    378.6    0.35    0.68      0    364.1    0.36    0.71      0
      262144         65536     float     sum      -1    446.7    0.59    1.16      0    451.7    0.58    1.14      0
      524288        131072     float     sum      -1    396.6    1.32    2.60      0    351.0    1.49    2.94      0
     1048576        262144     float     sum      -1    465.2    2.25    4.44      0    465.3    2.25    4.44      0
     2097152        524288     float     sum      -1    681.0    3.08    6.06      0    684.8    3.06    6.03      0
     4194304       1048576     float     sum      -1   1133.6    3.70    7.28      0   1149.9    3.65    7.18      0
     8388608       2097152     float     sum      -1   1216.6    6.90   13.57      0   1271.7    6.60   12.99      0
    16777216       4194304     float     sum      -1   1638.0   10.24   20.16      0   1782.8    9.41   18.53      0
    33554432       8388608     float     sum      -1   2530.3   13.26   26.11      0   2270.4   14.78   29.10      0
    67108864      16777216     float     sum      -1   3192.2   21.02   41.39      0   3353.2   20.01   39.40      0
   134217728      33554432     float     sum      -1   4873.3   27.54   54.22      0   4902.9   27.38   53.89      0
   268435456      67108864     float     sum      -1   7942.4   33.80   66.54      0   7848.6   34.20   67.34      0
   536870912     134217728     float     sum      -1    13699   39.19   77.16      0    13897   38.63   76.06      0
  1073741824     268435456     float     sum      -1    24747   43.39   85.42      0    25229   42.56   83.79      0
  2147483648     536870912     float     sum      -1    49828   43.10   84.85      0    53982   39.78   78.32      0
  4294967296    1073741824     float     sum      -1   106289   40.41   79.55      0   109751   39.13   77.04      0
           8             2     float     sum      -1    38.12    0.00    0.00      0    37.44    0.00    0.00      0
          16             4     float     sum      -1    36.76    0.00    0.00      0    37.71    0.00    0.00      0
          32             8     float     sum      -1    37.07    0.00    0.00      0    37.19    0.00    0.00      0
          64            16     float     sum      -1    41.80    0.00    0.00      0    41.43    0.00    0.00      0
         128            32     float     sum      -1    81.36    0.00    0.00      0    79.48    0.00    0.00      0
         256            64     float     sum      -1    81.54    0.00    0.01      0    81.00    0.00    0.01      0
         512           128     float     sum      -1    83.24    0.01    0.01      0    82.57    0.01    0.01      0
        1024           256     float     sum      -1    85.14    0.01    0.02      0    84.15    0.01    0.02      0
        2048           512     float     sum      -1    91.03    0.02    0.04      0    89.03    0.02    0.05      0
        4096          1024     float     sum      -1    113.6    0.04    0.07      0    97.97    0.04    0.08      0
        8192          2048     float     sum      -1    99.93    0.08    0.16      0    98.24    0.08    0.16      0
       16384          4096     float     sum      -1    115.0    0.14    0.28      0    111.1    0.15    0.29      0
       32768          8192     float     sum      -1    139.8    0.23    0.46      0    135.3    0.24    0.48      0
       65536         16384     float     sum      -1    256.3    0.26    0.50      0    228.2    0.29    0.57      0
      131072         32768     float     sum      -1    435.8    0.30    0.59      0    379.4    0.35    0.68      0
      262144         65536     float     sum      -1    481.4    0.54    1.07      0    474.9    0.55    1.09      0
      524288        131072     float     sum      -1    342.9    1.53    3.01      0   3634.2    0.14    0.28      0
     1048576        262144     float     sum      -1    505.8    2.07    4.08      0    510.1    2.06    4.05      0
     2097152        524288     float     sum      -1    899.3    2.33    4.59      0    818.2    2.56    5.05      0
     4194304       1048576     float     sum      -1   1314.2    3.19    6.28      0   1486.9    2.82    5.55      0
     8388608       2097152     float     sum      -1   1449.4    5.79   11.39      0   1438.1    5.83   11.48      0
    16777216       4194304     float     sum      -1   2089.9    8.03   15.81      0   2125.9    7.89   15.54      0
    33554432       8388608     float     sum      -1   3006.9   11.16   21.97      0   2905.5   11.55   22.74      0
    67108864      16777216     float     sum      -1   4233.4   15.85   31.21      0   4561.1   14.71   28.97      0
   134217728      33554432     float     sum      -1   5128.6   26.17   51.52      0   5104.5   26.29   51.77      0
   268435456      67108864     float     sum      -1   8410.6   31.92   62.84      0   8240.0   32.58   64.14      0
   536870912     134217728     float     sum      -1    14006   38.33   75.47      0    13727   39.11   77.00      0
  1073741824     268435456     float     sum      -1    25335   42.38   83.44      0    25084   42.81   84.28      0
  2147483648     536870912     float     sum      -1    50141   42.83   84.32      0    50154   42.82   84.30      0
  4294967296    1073741824     float     sum      -1   101002   42.52   83.72      0   102826   41.77   82.23      0
           8             2     float     sum      -1    38.34    0.00    0.00      0    38.24    0.00    0.00      0
          16             4     float     sum      -1    37.44    0.00    0.00      0    36.76    0.00    0.00      0
          32             8     float     sum      -1    37.27    0.00    0.00      0    37.00    0.00    0.00      0
          64            16     float     sum      -1    41.94    0.00    0.00      0    41.46    0.00    0.00      0
         128            32     float     sum      -1    79.26    0.00    0.00      0    78.58    0.00    0.00      0
         256            64     float     sum      -1    79.98    0.00    0.01      0    79.88    0.00    0.01      0
         512           128     float     sum      -1    82.10    0.01    0.01      0    80.91    0.01    0.01      0
        1024           256     float     sum      -1    84.18    0.01    0.02      0    83.36    0.01    0.02      0
        2048           512     float     sum      -1    89.61    0.02    0.04      0    88.26    0.02    0.05      0
        4096          1024     float     sum      -1    98.59    0.04    0.08      0    106.5    0.04    0.08      0
        8192          2048     float     sum      -1    100.9    0.08    0.16      0    98.93    0.08    0.16      0
       16384          4096     float     sum      -1    106.7    0.15    0.30      0    105.0    0.16    0.31      0
       32768          8192     float     sum      -1    129.7    0.25    0.50      0    127.1    0.26    0.51      0
       65536         16384     float     sum      -1    207.2    0.32    0.62      0    212.3    0.31    0.61      0
      131072         32768     float     sum      -1    364.6    0.36    0.71      0    350.6    0.37    0.74      0
      262144         65536     float     sum      -1    456.9    0.57    1.13      0    420.6    0.62    1.23      0
      524288        131072     float     sum      -1    363.1    1.44    2.84      0    719.2    0.73    1.44      0
     1048576        262144     float     sum      -1    485.4    2.16    4.25      0    464.2    2.26    4.45      0
     2097152        524288     float     sum      -1    709.0    2.96    5.82      0    729.7    2.87    5.66      0
     4194304       1048576     float     sum      -1   1058.6    3.96    7.80      0   1150.9    3.64    7.17      0
     8388608       2097152     float     sum      -1   1351.9    6.21   12.22      0   1349.9    6.21   12.23      0
    16777216       4194304     float     sum      -1   1754.8    9.56   18.82      0   1588.1   10.56   20.80      0
    33554432       8388608     float     sum      -1   2590.1   12.96   25.51      0   2319.6   14.47   28.48      0
    67108864      16777216     float     sum      -1   3530.2   19.01   37.43      0   3385.3   19.82   39.03      0
   134217728      33554432     float     sum      -1   4817.6   27.86   54.85      0   5137.8   26.12   51.43      0
   268435456      67108864     float     sum      -1   7836.7   34.25   67.44      0   8017.8   33.48   65.91      0
   536870912     134217728     float     sum      -1    13711   39.16   77.09      0    13952   38.48   75.76      0
  1073741824     268435456     float     sum      -1    25248   42.53   83.73      0    25148   42.70   84.06      0
  2147483648     536870912     float     sum      -1    49948   42.99   84.64      0    50488   42.53   83.74      0
  4294967296    1073741824     float     sum      -1   101627   42.26   83.20      0    99150   43.32   85.28      0
           8             2     float     sum      -1    38.44    0.00    0.00      0    37.70    0.00    0.00      0
          16             4     float     sum      -1    37.50    0.00    0.00      0    36.69    0.00    0.00      0
          32             8     float     sum      -1    37.12    0.00    0.00      0    36.76    0.00    0.00      0
          64            16     float     sum      -1    41.63    0.00    0.00      0    41.60    0.00    0.00      0
         128            32     float     sum      -1    79.97    0.00    0.00      0    78.56    0.00    0.00      0
         256            64     float     sum      -1    80.40    0.00    0.01      0    79.08    0.00    0.01      0
         512           128     float     sum      -1    82.73    0.01    0.01      0    81.67    0.01    0.01      0
        1024           256     float     sum      -1    83.77    0.01    0.02      0    83.65    0.01    0.02      0
        2048           512     float     sum      -1    89.29    0.02    0.05      0    88.80    0.02    0.05      0
        4096          1024     float     sum      -1    98.78    0.04    0.08      0    97.23    0.04    0.08      0
        8192          2048     float     sum      -1    99.05    0.08    0.16      0    97.71    0.08    0.17      0
       16384          4096     float     sum      -1    107.9    0.15    0.30      0    104.9    0.16    0.31      0
       32768          8192     float     sum      -1    134.0    0.24    0.48      0    147.1    0.22    0.44      0
       65536         16384     float     sum      -1    215.9    0.30    0.60      0    222.1    0.30    0.58      0
      131072         32768     float     sum      -1    380.4    0.34    0.68      0    354.3    0.37    0.73      0
      262144         65536     float     sum      -1    448.4    0.58    1.15      0    442.1    0.59    1.17      0
      524288        131072     float     sum      -1    345.7    1.52    2.99      0    324.3    1.62    3.18      0
     1048576        262144     float     sum      -1    509.8    2.06    4.05      0    460.5    2.28    4.48      0
     2097152        524288     float     sum      -1    734.6    2.85    5.62      0    724.3    2.90    5.70      0
     4194304       1048576     float     sum      -1   1091.2    3.84    7.57      0   1029.1    4.08    8.02      0
     8388608       2097152     float     sum      -1   1355.4    6.19   12.18      0   1394.0    6.02   11.85      0
    16777216       4194304     float     sum      -1   1621.7   10.35   20.37      0   1795.0    9.35   18.40      0
    33554432       8388608     float     sum      -1   2462.6   13.63   26.83      0   2329.3   14.41   28.36      0
    67108864      16777216     float     sum      -1   3441.0   19.50   38.40      0   3252.4   20.63   40.62      0
   134217728      33554432     float     sum      -1   4970.9   27.00   53.16      0   5133.6   26.14   51.47      0
   268435456      67108864     float     sum      -1   7906.7   33.95   66.84      0   7894.3   34.00   66.94      0
   536870912     134217728     float     sum      -1    13683   39.24   77.24      0    13964   38.45   75.69      0
  1073741824     268435456     float     sum      -1    25379   42.31   83.29      0    25783   41.65   81.99      0
  2147483648     536870912     float     sum      -1    50073   42.89   84.43      0    50323   42.67   84.01      0
  4294967296    1073741824     float     sum      -1    99804   43.03   84.72      0    99993   42.95   84.56      0
           8             2     float     sum      -1    38.42    0.00    0.00      0    36.67    0.00    0.00      0
          16             4     float     sum      -1    37.21    0.00    0.00      0    37.00    0.00    0.00      0
          32             8     float     sum      -1    36.91    0.00    0.00      0    36.53    0.00    0.00      0
          64            16     float     sum      -1    41.19    0.00    0.00      0    41.68    0.00    0.00      0
         128            32     float     sum      -1    78.99    0.00    0.00      0    79.31    0.00    0.00      0
         256            64     float     sum      -1    80.39    0.00    0.01      0    79.69    0.00    0.01      0
         512           128     float     sum      -1    81.94    0.01    0.01      0    81.00    0.01    0.01      0
        1024           256     float     sum      -1    83.95    0.01    0.02      0    83.21    0.01    0.02      0
        2048           512     float     sum      -1    89.07    0.02    0.05      0    88.18    0.02    0.05      0
        4096          1024     float     sum      -1    97.94    0.04    0.08      0    97.06    0.04    0.08      0
        8192          2048     float     sum      -1    100.7    0.08    0.16      0    98.50    0.08    0.16      0
       16384          4096     float     sum      -1    111.2    0.15    0.29      0    111.3    0.15    0.29      0
       32768          8192     float     sum      -1    141.2    0.23    0.46      0    139.4    0.24    0.46      0
       65536         16384     float     sum      -1    241.1    0.27    0.54      0    212.3    0.31    0.61      0
      131072         32768     float     sum      -1    343.6    0.38    0.75      0    330.9    0.40    0.78      0
      262144         65536     float     sum      -1    449.6    0.58    1.15      0    402.2    0.65    1.28      0
      524288        131072     float     sum      -1    385.7    1.36    2.68      0    337.0    1.56    3.06      0
     1048576        262144     float     sum      -1    429.5    2.44    4.81      0    467.1    2.24    4.42      0
     2097152        524288     float     sum      -1    684.2    3.07    6.03      0    696.9    3.01    5.92      0
     4194304       1048576     float     sum      -1   1076.4    3.90    7.67      0   1203.0    3.49    6.86      0
     8388608       2097152     float     sum      -1   1354.6    6.19   12.19      0   1341.6    6.25   12.31      0
    16777216       4194304     float     sum      -1   1772.6    9.46   18.63      0   1724.3    9.73   19.16      0
    33554432       8388608     float     sum      -1   2289.5   14.66   28.85      0   2198.8   15.26   30.04      0
    67108864      16777216     float     sum      -1   3269.8   20.52   40.41      0   3216.5   20.86   41.08      0
   134217728      33554432     float     sum      -1   4945.2   27.14   53.43      0   4845.8   27.70   54.53      0
   268435456      67108864     float     sum      -1   7795.2   34.44   67.80      0   7841.7   34.23   67.39      0
   536870912     134217728     float     sum      -1    13972   38.43   75.65      0    14133   37.99   74.79      0
  1073741824     268435456     float     sum      -1    25590   41.96   82.61      0    26772   40.11   78.96      0
  2147483648     536870912     float     sum      -1    52284   41.07   80.86      0    49620   43.28   85.20      0
  4294967296    1073741824     float     sum      -1    98488   43.61   85.86      0    98914   43.42   85.49      0
           8             2     float     sum      -1    38.40    0.00    0.00      0    37.37    0.00    0.00      0
          16             4     float     sum      -1    36.85    0.00    0.00      0    36.79    0.00    0.00      0
          32             8     float     sum      -1    36.60    0.00    0.00      0    36.62    0.00    0.00      0
          64            16     float     sum      -1    41.73    0.00    0.00      0    41.56    0.00    0.00      0
         128            32     float     sum      -1    79.26    0.00    0.00      0    78.69    0.00    0.00      0
         256            64     float     sum      -1    80.54    0.00    0.01      0    79.20    0.00    0.01      0
         512           128     float     sum      -1    81.73    0.01    0.01      0    81.32    0.01    0.01      0
        1024           256     float     sum      -1    83.98    0.01    0.02      0    83.83    0.01    0.02      0
        2048           512     float     sum      -1    89.40    0.02    0.05      0    88.15    0.02    0.05      0
        4096          1024     float     sum      -1    98.83    0.04    0.08      0    96.25    0.04    0.08      0
        8192          2048     float     sum      -1    100.7    0.08    0.16      0    98.14    0.08    0.16      0
       16384          4096     float     sum      -1    108.8    0.15    0.30      0    106.9    0.15    0.30      0
       32768          8192     float     sum      -1    131.8    0.25    0.49      0    125.2    0.26    0.52      0
       65536         16384     float     sum      -1    193.2    0.34    0.67      0    204.1    0.32    0.63      0
      131072         32768     float     sum      -1    373.4    0.35    0.69      0    335.6    0.39    0.77      0
      262144         65536     float     sum      -1    447.9    0.59    1.15      0    429.6    0.61    1.20      0
      524288        131072     float     sum      -1    334.1    1.57    3.09      0    303.7    1.73    3.40      0
     1048576        262144     float     sum      -1    443.0    2.37    4.66      0    451.9    2.32    4.57      0
     2097152        524288     float     sum      -1    662.7    3.16    6.23      0    639.4    3.28    6.46      0
     4194304       1048576     float     sum      -1   1089.7    3.85    7.58      0   1189.1    3.53    6.94      0
     8388608       2097152     float     sum      -1   1188.7    7.06   13.89      0   1240.0    6.77   13.32      0
    16777216       4194304     float     sum      -1   1570.9   10.68   21.03      0   1506.3   11.14   21.93      0
    33554432       8388608     float     sum      -1   2249.4   14.92   29.37      0   2172.6   15.44   30.41      0
    67108864      16777216     float     sum      -1   2926.9   22.93   45.14      0   3009.7   22.30   43.90      0
   134217728      33554432     float     sum      -1   4809.0   27.91   54.95      0   4855.9   27.64   54.42      0
   268435456      67108864     float     sum      -1   7903.9   33.96   66.86      0   7953.6   33.75   66.45      0
   536870912     134217728     float     sum      -1    13751   39.04   76.86      0    13563   39.58   77.93      0
  1073741824     268435456     float     sum      -1    24975   42.99   84.64      0    24886   43.15   84.94      0
  2147483648     536870912     float     sum      -1    49714   43.20   85.04      0    49415   43.46   85.56      0
  4294967296    1073741824     float     sum      -1    98850   43.45   85.54      0    98940   43.41   85.46      0
           8             2     float     sum      -1    47.26    0.00    0.00      0    37.41    0.00    0.00      0
          16             4     float     sum      -1    37.13    0.00    0.00      0    37.78    0.00    0.00      0
          32             8     float     sum      -1    37.64    0.00    0.00      0    37.50    0.00    0.00      0
          64            16     float     sum      -1    42.12    0.00    0.00      0    41.39    0.00    0.00      0
         128            32     float     sum      -1    81.70    0.00    0.00      0    79.76    0.00    0.00      0
         256            64     float     sum      -1    80.42    0.00    0.01      0    81.18    0.00    0.01      0
         512           128     float     sum      -1    82.05    0.01    0.01      0    82.80    0.01    0.01      0
        1024           256     float     sum      -1    87.33    0.01    0.02      0    86.68    0.01    0.02      0
        2048           512     float     sum      -1    91.47    0.02    0.04      0    90.44    0.02    0.04      0
        4096          1024     float     sum      -1    99.71    0.04    0.08      0    96.74    0.04    0.08      0
        8192          2048     float     sum      -1    99.37    0.08    0.16      0    98.43    0.08    0.16      0
       16384          4096     float     sum      -1    111.5    0.15    0.29      0    107.0    0.15    0.30      0
       32768          8192     float     sum      -1    140.4    0.23    0.46      0    141.3    0.23    0.46      0
       65536         16384     float     sum      -1    212.1    0.31    0.61      0    204.7    0.32    0.63      0
      131072         32768     float     sum      -1    348.6    0.38    0.74      0    343.1    0.38    0.75      0
      262144         65536     float     sum      -1    455.5    0.58    1.13      0    453.7    0.58    1.14      0
      524288        131072     float     sum      -1    361.4    1.45    2.86      0    348.1    1.51    2.96      0
     1048576        262144     float     sum      -1    453.4    2.31    4.55      0    443.4    2.37    4.66      0
     2097152        524288     float     sum      -1    651.1    3.22    6.34      0    668.8    3.14    6.17      0
     4194304       1048576     float     sum      -1   1125.5    3.73    7.34      0   1123.7    3.73    7.35      0
     8388608       2097152     float     sum      -1   1174.7    7.14   14.06      0   1277.7    6.57   12.93      0
    16777216       4194304     float     sum      -1   1600.6   10.48   20.64      0   1559.5   10.76   21.18      0
    33554432       8388608     float     sum      -1   2210.3   15.18   29.89      0   2183.5   15.37   30.25      0
    67108864      16777216     float     sum      -1   3117.1   21.53   42.39      0   3124.8   21.48   42.28      0
   134217728      33554432     float     sum      -1   4982.8   26.94   53.03      0   5018.9   26.74   52.65      0
   268435456      67108864     float     sum      -1   7849.6   34.20   67.33      0   7842.5   34.23   67.39      0
   536870912     134217728     float     sum      -1    13804   38.89   76.57      0    13812   38.87   76.53      0
  1073741824     268435456     float     sum      -1    25132   42.72   84.11      0    24897   43.13   84.91      0
  2147483648     536870912     float     sum      -1    49366   43.50   85.64      0    49150   43.69   86.02      0
  4294967296    1073741824     float     sum      -1   100198   42.86   84.39      0    99114   43.33   85.31      0
           8             2     float     sum      -1    38.88    0.00    0.00      0    37.52    0.00    0.00      0
          16             4     float     sum      -1    37.43    0.00    0.00      0    37.84    0.00    0.00      0
          32             8     float     sum      -1    36.93    0.00    0.00      0    38.51    0.00    0.00      0
          64            16     float     sum      -1    42.31    0.00    0.00      0    42.18    0.00    0.00      0
         128            32     float     sum      -1    80.50    0.00    0.00      0    80.27    0.00    0.00      0
         256            64     float     sum      -1    83.35    0.00    0.01      0    80.79    0.00    0.01      0
         512           128     float     sum      -1    83.26    0.01    0.01      0    81.37    0.01    0.01      0
        1024           256     float     sum      -1    84.63    0.01    0.02      0    84.69    0.01    0.02      0
        2048           512     float     sum      -1    89.38    0.02    0.05      0    89.34    0.02    0.05      0
        4096          1024     float     sum      -1    99.34    0.04    0.08      0    96.64    0.04    0.08      0
        8192          2048     float     sum      -1    100.9    0.08    0.16      0    99.33    0.08    0.16      0
       16384          4096     float     sum      -1    111.9    0.15    0.29      0    107.4    0.15    0.30      0
       32768          8192     float     sum      -1    135.5    0.24    0.48      0    134.9    0.24    0.48      0
       65536         16384     float     sum      -1    177.7    0.37    0.73      0    191.0    0.34    0.68      0
      131072         32768     float     sum      -1    364.8    0.36    0.71      0    362.2    0.36    0.71      0
      262144         65536     float     sum      -1    443.1    0.59    1.16      0    430.6    0.61    1.20      0
      524288        131072     float     sum      -1    329.6    1.59    3.13      0    332.0    1.58    3.11      0
     1048576        262144     float     sum      -1    501.4    2.09    4.12      0    538.3    1.95    3.84      0
     2097152        524288     float     sum      -1    813.1    2.58    5.08      0    812.1    2.58    5.08      0
     4194304       1048576     float     sum      -1   1318.8    3.18    6.26      0   1301.2    3.22    6.35      0
     8388608       2097152     float     sum      -1   1461.4    5.74   11.30      0   1553.3    5.40   10.63      0
    16777216       4194304     float     sum      -1   2048.1    8.19   16.13      0   2010.8    8.34   16.43      0
    33554432       8388608     float     sum      -1   2808.2   11.95   23.52      0   3121.5   10.75   21.16      0
    67108864      16777216     float     sum      -1   4097.8   16.38   32.24      0   4387.6   15.30   30.11      0
   134217728      33554432     float     sum      -1   5068.6   26.48   52.13      0   5114.8   26.24   51.66      0
   268435456      67108864     float     sum      -1   8031.2   33.42   65.80      0   8282.6   32.41   63.81      0
   536870912     134217728     float     sum      -1    14274   37.61   74.05      0    13654   39.32   77.41      0
  1073741824     268435456     float     sum      -1    24814   43.27   85.19      0    25336   42.38   83.43      0
  2147483648     536870912     float     sum      -1    53181   40.38   79.50      0    53740   39.96   78.67      0
  4294967296    1073741824     float     sum      -1   103430   41.53   81.75      0    98644   43.54   85.72      0
           8             2     float     sum      -1    38.98    0.00    0.00      0    37.11    0.00    0.00      0
          16             4     float     sum      -1    36.44    0.00    0.00      0    36.75    0.00    0.00      0
          32             8     float     sum      -1    36.87    0.00    0.00      0    37.07    0.00    0.00      0
          64            16     float     sum      -1    42.07    0.00    0.00      0    41.14    0.00    0.00      0
         128            32     float     sum      -1    79.52    0.00    0.00      0    78.39    0.00    0.00      0
         256            64     float     sum      -1    80.36    0.00    0.01      0    79.74    0.00    0.01      0
         512           128     float     sum      -1    81.96    0.01    0.01      0    80.81    0.01    0.01      0
        1024           256     float     sum      -1    84.84    0.01    0.02      0    83.16    0.01    0.02      0
        2048           512     float     sum      -1    88.99    0.02    0.05      0    87.85    0.02    0.05      0
        4096          1024     float     sum      -1    98.59    0.04    0.08      0    96.07    0.04    0.08      0
        8192          2048     float     sum      -1    100.8    0.08    0.16      0    98.43    0.08    0.16      0
       16384          4096     float     sum      -1    111.7    0.15    0.29      0    113.4    0.14    0.28      0
       32768          8192     float     sum      -1    127.8    0.26    0.50      0    128.3    0.26    0.50      0
       65536         16384     float     sum      -1    189.7    0.35    0.68      0    187.0    0.35    0.69      0
      131072         32768     float     sum      -1    329.2    0.40    0.78      0    331.7    0.40    0.78      0
      262144         65536     float     sum      -1    414.6    0.63    1.24      0    414.0    0.63    1.25      0
      524288        131072     float     sum      -1    321.9    1.63    3.21      0    338.0    1.55    3.05      0
     1048576        262144     float     sum      -1    472.1    2.22    4.37      0    450.4    2.33    4.58      0
     2097152        524288     float     sum      -1    629.4    3.33    6.56      0    646.3    3.24    6.39      0
     4194304       1048576     float     sum      -1   1042.4    4.02    7.92      0   1089.3    3.85    7.58      0
     8388608       2097152     float     sum      -1   1193.9    7.03   13.83      0   1152.9    7.28   14.32      0
    16777216       4194304     float     sum      -1   1536.7   10.92   21.49      0   1438.4   11.66   22.96      0
    33554432       8388608     float     sum      -1   2081.3   16.12   31.74      0   2173.9   15.44   30.39      0
    67108864      16777216     float     sum      -1   3117.9   21.52   42.37      0   3204.5   20.94   41.23      0
   134217728      33554432     float     sum      -1   4907.6   27.35   53.84      0   4925.8   27.25   53.64      0
   268435456      67108864     float     sum      -1   7852.1   34.19   67.30      0   7785.5   34.48   67.88      0
   536870912     134217728     float     sum      -1    13649   39.33   77.44      0    13677   39.25   77.28      0
  1073741824     268435456     float     sum      -1    25109   42.76   84.19      0    25027   42.90   84.47      0
  2147483648     536870912     float     sum      -1    50853   42.23   83.14      0    49389   43.48   85.60      0
  4294967296    1073741824     float     sum      -1    99930   42.98   84.62      0    99643   43.10   84.86      0
           8             2     float     sum      -1    38.95    0.00    0.00      0    37.44    0.00    0.00      0
          16             4     float     sum      -1    37.06    0.00    0.00      0    36.67    0.00    0.00      0
          32             8     float     sum      -1    36.60    0.00    0.00      0    37.18    0.00    0.00      0
          64            16     float     sum      -1    43.02    0.00    0.00      0    43.91    0.00    0.00      0
         128            32     float     sum      -1    80.77    0.00    0.00      0    81.18    0.00    0.00      0
         256            64     float     sum      -1    82.28    0.00    0.01      0    80.38    0.00    0.01      0
         512           128     float     sum      -1    82.88    0.01    0.01      0    82.78    0.01    0.01      0
        1024           256     float     sum      -1    85.78    0.01    0.02      0    85.02    0.01    0.02      0
        2048           512     float     sum      -1    90.38    0.02    0.04      0    89.75    0.02    0.04      0
        4096          1024     float     sum      -1    99.44    0.04    0.08      0    97.54    0.04    0.08      0
        8192          2048     float     sum      -1    100.9    0.08    0.16      0    99.43    0.08    0.16      0
       16384          4096     float     sum      -1    116.1    0.14    0.28      0    106.2    0.15    0.30      0
       32768          8192     float     sum      -1    137.1    0.24    0.47      0    143.9    0.23    0.45      0
       65536         16384     float     sum      -1    213.9    0.31    0.60      0    214.9    0.31    0.60      0
      131072         32768     float     sum      -1    335.4    0.39    0.77      0    260.4    0.50    0.99      0
      262144         65536     float     sum      -1    432.1    0.61    1.19      0    422.3    0.62    1.22      0
      524288        131072     float     sum      -1    309.5    1.69    3.33      0    377.1    1.39    2.74      0
     1048576        262144     float     sum      -1    439.7    2.38    4.69      0    463.9    2.26    4.45      0
     2097152        524288     float     sum      -1    706.9    2.97    5.84      0    702.8    2.98    5.87      0
     4194304       1048576     float     sum      -1    986.7    4.25    8.37      0   1073.2    3.91    7.69      0
     8388608       2097152     float     sum      -1   1139.6    7.36   14.49      0   1153.5    7.27   14.32      0
    16777216       4194304     float     sum      -1   1560.4   10.75   21.17      0   1602.4   10.47   20.61      0
    33554432       8388608     float     sum      -1   2303.8   14.57   28.68      0   2063.5   16.26   32.01      0
    67108864      16777216     float     sum      -1   3152.5   21.29   41.91      0   3130.7   21.44   42.20      0
   134217728      33554432     float     sum      -1   5000.6   26.84   52.84      0   4932.6   27.21   53.57      0
   268435456      67108864     float     sum      -1   7823.8   34.31   67.55      0   7881.2   34.06   67.06      0
   536870912     134217728     float     sum      -1    14065   38.17   75.15      0    13966   38.44   75.68      0
  1073741824     268435456     float     sum      -1    24840   43.23   85.10      0    24904   43.11   84.88      0
  2147483648     536870912     float     sum      -1    49827   43.10   84.85      0    49830   43.10   84.85      0
  4294967296    1073741824     float     sum      -1    99000   43.38   85.41      0   101784   42.20   83.07      0
