        size         count      type   redop    root     time   algbw   busbw #wrong     time   algbw   busbw #wrong
         (B)    (elements)                               (us)  (GB/s)  (GB/s)            (us)  (GB/s)  (GB/s)       
           8             2     float     sum      -1    23.09    0.00    0.00      0    22.12    0.00    0.00      0
          16             4     float     sum      -1    22.59    0.00    0.00      0    21.85    0.00    0.00      0
          32             8     float     sum      -1    23.19    0.00    0.00      0    22.49    0.00    0.00      0
          64            16     float     sum      -1    25.50    0.00    0.00      0    25.10    0.00    0.00      0
         128            32     float     sum      -1    44.13    0.00    0.01      0    43.25    0.00    0.01      0
         256            64     float     sum      -1    44.24    0.01    0.01      0    43.94    0.01    0.01      0
         512           128     float     sum      -1    44.91    0.01    0.02      0    44.47    0.01    0.02      0
        1024           256     float     sum      -1    45.76    0.02    0.04      0    45.23    0.02    0.04      0
        2048           512     float     sum      -1    48.22    0.04    0.08      0    47.85    0.04    0.08      0
        4096          1024     float     sum      -1    53.14    0.08    0.14      0    52.48    0.08    0.15      0
        8192          2048     float     sum      -1    61.58    0.13    0.25      0    53.49    0.15    0.29      0
       16384          4096     float     sum      -1    54.93    0.30    0.56      0    54.29    0.30    0.57      0
       32768          8192     float     sum      -1    56.09    0.58    1.10      0    55.22    0.59    1.11      0
       65536         16384     float     sum      -1    65.27    1.00    1.88      0    64.02    1.02    1.92      0
      131072         32768     float     sum      -1    114.0    1.15    2.16      0    111.5    1.18    2.20      0
      262144         65536     float     sum      -1    113.3    2.31    4.34      0    113.7    2.31    4.32      0
      524288        131072     float     sum      -1    180.6    2.90    5.44      0    182.2    2.88    5.40      0
     1048576        262144     float     sum      -1    190.0    5.52   10.35      0    209.6    5.00    9.38      0
     2097152        524288     float     sum      -1    305.3    6.87   12.88      0    303.4    6.91   12.96      0
     4194304       1048576     float     sum      -1    508.1    8.26   15.48      0    501.8    8.36   15.67      0
     8388608       2097152     float     sum      -1    607.4   13.81   25.90      0    602.7   13.92   26.10      0
    16777216       4194304     float     sum      -1    561.0   29.91   56.07      0    558.5   30.04   56.32      0
    33554432       8388608     float     sum      -1   1105.4   30.36   56.92      0   1092.6   30.71   57.58      0
    67108864      16777216     float     sum      -1   1840.0   36.47   68.39      0   1865.2   35.98   67.46      0
   134217728      33554432     float     sum      -1   3578.5   37.51   70.32      0   3648.7   36.78   68.97      0
   268435456      67108864     float     sum      -1   6279.3   42.75   80.16      0   5913.4   45.39   85.11      0
   536870912     134217728     float     sum      -1    12367   43.41   81.39      0    16932   31.71   59.45      0
  1073741824     268435456     float     sum      -1    24923   43.08   80.78      0    24870   43.17   80.95      0
  2147483648     536870912     float     sum      -1    49369   43.50   81.56      0    52206   41.13   77.13      0
  4294967296    1073741824     float     sum      -1    95499   44.97   84.33      0    98349   43.67   81.88      0
           8             2     float     sum      -1    22.83    0.00    0.00      0    22.19    0.00    0.00      0
          16             4     float     sum      -1    22.19    0.00    0.00      0    22.06    0.00    0.00      0
          32             8     float     sum      -1    22.31    0.00    0.00      0    22.00    0.00    0.00      0
          64            16     float     sum      -1    24.81    0.00    0.00      0    24.75    0.00    0.00      0
         128            32     float     sum      -1    43.90    0.00    0.01      0    44.04    0.00    0.01      0
         256            64     float     sum      -1    44.00    0.01    0.01      0    44.18    0.01    0.01      0
         512           128     float     sum      -1    45.36    0.01    0.02      0    45.32    0.01    0.02      0
        1024           256     float     sum      -1    45.80    0.02    0.04      0    46.01    0.02    0.04      0
        2048           512     float     sum      -1    48.50    0.04    0.08      0    48.88    0.04    0.08      0
        4096          1024     float     sum      -1    53.02    0.08    0.14      0    52.75    0.08    0.15      0
        8192          2048     float     sum      -1    53.65    0.15    0.29      0    53.39    0.15    0.29      0
       16384          4096     float     sum      -1    56.06    0.29    0.55      0    53.78    0.30    0.57      0
       32768          8192     float     sum      -1    57.12    0.57    1.08      0    56.02    0.58    1.10      0
       65536         16384     float     sum      -1    66.82    0.98    1.84      0    64.01    1.02    1.92      0
      131072         32768     float     sum      -1    114.7    1.14    2.14      0    112.4    1.17    2.19      0
      262144         65536     float     sum      -1    117.3    2.23    4.19      0    113.1    2.32    4.35      0
      524288        131072     float     sum      -1    179.8    2.92    5.47      0    172.1    3.05    5.71      0
     1048576        262144     float     sum      -1    202.5    5.18    9.71      0    190.2    5.51   10.34      0
     2097152        524288     float     sum      -1    304.9    6.88   12.90      0    305.6    6.86   12.87      0
     4194304       1048576     float     sum      -1    503.4    8.33   15.62      0    502.8    8.34   15.64      0
     8388608       2097152     float     sum      -1    607.9   13.80   25.87      0    608.8   13.78   25.84      0
    16777216       4194304     float     sum      -1    562.9   29.81   55.89      0    562.6   29.82   55.91      0
    33554432       8388608     float     sum      -1   1082.4   31.00   58.12      0   1099.8   30.51   57.21      0
    67108864      16777216     float     sum      -1   1858.3   36.11   67.71      0   1812.5   37.03   69.42      0
   134217728      33554432     float     sum      -1   3780.1   35.51   66.57      0   3641.4   36.86   69.11      0
   268435456      67108864     float     sum      -1   6173.8   43.48   81.52      0   6664.7   40.28   75.52      0
   536870912     134217728     float     sum      -1    12839   41.82   78.41      0    11769   45.62   85.54      0
  1073741824     268435456     float     sum      -1    24831   43.24   81.08      0    25513   42.09   78.91      0
  2147483648     536870912     float     sum      -1    48012   44.73   83.87      0    48003   44.74   83.88      0
  4294967296    1073741824     float     sum      -1    98420   43.64   81.82      0   106876   40.19   75.35      0
           8             2     float     sum      -1    22.75    0.00    0.00      0    22.69    0.00    0.00      0
          16             4     float     sum      -1    22.20    0.00    0.00      0    21.98    0.00    0.00      0
          32             8     float     sum      -1    22.67    0.00    0.00      0    22.41    0.00    0.00      0
          64            16     float     sum      -1    24.60    0.00    0.00      0    24.49    0.00    0.00      0
         128            32     float     sum      -1    44.35    0.00    0.01      0    44.16    0.00    0.01      0
         256            64     float     sum      -1    44.42    0.01    0.01      0    44.27    0.01    0.01      0
         512           128     float     sum      -1    45.71    0.01    0.02      0    44.28    0.01    0.02      0
        1024           256     float     sum      -1    45.81    0.02    0.04      0    45.71    0.02    0.04      0
        2048           512     float     sum      -1    48.96    0.04    0.08      0    48.07    0.04    0.08      0
        4096          1024     float     sum      -1    53.91    0.08    0.14      0    53.10    0.08    0.14      0
        8192          2048     float     sum      -1    54.31    0.15    0.28      0    53.44    0.15    0.29      0
       16384          4096     float     sum      -1    54.87    0.30    0.56      0    54.75    0.30    0.56      0
       32768          8192     float     sum      -1    55.77    0.59    1.10      0    57.08    0.57    1.08      0
       65536         16384     float     sum      -1    66.59    0.98    1.85      0    65.57    1.00    1.87      0
      131072         32768     float     sum      -1    114.5    1.15    2.15      0    113.6    1.15    2.16      0
      262144         65536     float     sum      -1    115.0    2.28    4.27      0    117.4    2.23    4.18      0
      524288        131072     float     sum      -1    174.8    3.00    5.62      0    173.8    3.02    5.65      0
     1048576        262144     float     sum      -1    263.2    3.98    7.47      0    190.7    5.50   10.31      0
     2097152        524288     float     sum      -1    304.1    6.90   12.93      0    303.8    6.90   12.94      0
     4194304       1048576     float     sum      -1    501.1    8.37   15.69      0    499.4    8.40   15.75      0
     8388608       2097152     float     sum      -1    608.0   13.80   25.87      0    606.7   13.83   25.93      0
    16777216       4194304     float     sum      -1    560.3   29.95   56.15      0    557.5   30.10   56.43      0
    33554432       8388608     float     sum      -1   1088.2   30.84   57.82      0   1084.4   30.94   58.02      0
    67108864      16777216     float     sum      -1   1883.5   35.63   66.81      0   1867.7   35.93   67.37      0
   134217728      33554432     float     sum      -1   3621.0   37.07   69.50      0   3644.9   36.82   69.04      0
   268435456      67108864     float     sum      -1   9700.0   27.67   51.89      0   6368.8   42.15   79.03      0
   536870912     134217728     float     sum      -1    12349   43.48   81.52      0    12746   42.12   78.97      0
  1073741824     268435456     float     sum      -1    25637   41.88   78.53      0    24729   43.42   81.41      0
  2147483648     536870912     float     sum      -1    53547   40.10   75.20      0    49440   43.44   81.44      0
  4294967296    1073741824     float     sum      -1   101119   42.47   79.64      0    95491   44.98   84.33      0
           8             2     float     sum      -1    22.98    0.00    0.00      0    22.23    0.00    0.00      0
          16             4     float     sum      -1    21.93    0.00    0.00      0    21.99    0.00    0.00      0
          32             8     float     sum      -1    22.09    0.00    0.00      0    22.24    0.00    0.00      0
          64            16     float     sum      -1    24.51    0.00    0.00      0    24.43    0.00    0.00      0
         128            32     float     sum      -1    43.23    0.00    0.01      0    42.66    0.00    0.01      0
         256            64     float     sum      -1    43.43    0.01    0.01      0    43.23    0.01    0.01      0
         512           128     float     sum      -1    44.41    0.01    0.02      0    43.91    0.01    0.02      0
        1024           256     float     sum      -1    45.73    0.02    0.04      0    45.22    0.02    0.04      0
        2048           512     float     sum      -1    47.84    0.04    0.08      0    47.41    0.04    0.08      0
        4096          1024     float     sum      -1    52.30    0.08    0.15      0    52.18    0.08    0.15      0
        8192          2048     float     sum      -1    53.52    0.15    0.29      0    52.97    0.15    0.29      0
       16384          4096     float     sum      -1    54.82    0.30    0.56      0    53.44    0.31    0.57      0
       32768          8192     float     sum      -1    56.55    0.58    1.09      0    55.11    0.59    1.11      0
       65536         16384     float     sum      -1    64.89    1.01    1.89      0    63.69    1.03    1.93      0
      131072         32768     float     sum      -1    113.5    1.15    2.16      0    112.0    1.17    2.19      0
      262144         65536     float     sum      -1    113.9    2.30    4.31      0    113.7    2.31    4.32      0
      524288        131072     float     sum      -1    172.5    3.04    5.70      0    173.1    3.03    5.68      0
     1048576        262144     float     sum      -1    191.2    5.49   10.28      0    190.9    5.49   10.30      0
     2097152        524288     float     sum      -1    304.4    6.89   12.92      0    303.6    6.91   12.95      0
     4194304       1048576     float     sum      -1    500.8    8.38   15.70      0    500.6    8.38   15.71      0
     8388608       2097152     float     sum      -1    603.0   13.91   26.09      0    606.5   13.83   25.93      0
    16777216       4194304     float     sum      -1    559.6   29.98   56.21      0    559.1   30.01   56.27      0
    33554432       8388608     float     sum      -1   1085.6   30.91   57.96      0   1106.8   30.32   56.84      0
    67108864      16777216     float     sum      -1   1851.8   36.24   67.95      0   1798.9   37.30   69.95      0
   134217728      33554432     float     sum      -1   3741.6   35.87   67.26      0   3404.8   39.42   73.91      0
   268435456      67108864     float     sum      -1   6742.4   39.81   74.65      0   6508.3   41.25   77.33      0
   536870912     134217728     float     sum      -1    11456   46.86   87.87      0    11998   44.75   83.90      0
  1073741824     268435456     float     sum      -1    22380   47.98   89.96      0    22398   47.94   89.88      0
  2147483648     536870912     float     sum      -1    46829   45.86   85.98      0    47990   44.75   83.90      0
  4294967296    1073741824     float     sum      -1    92781   46.29   86.80      0    89690   47.89   89.79      0
           8             2     float     sum      -1    22.62    0.00    0.00      0    22.11    0.00    0.00      0
          16             4     float     sum      -1    22.35    0.00    0.00      0    21.86    0.00    0.00      0
          32             8     float     sum      -1    22.02    0.00    0.00      0    21.94    0.00    0.00      0
          64            16     float     sum      -1    24.68    0.00    0.00      0    24.49    0.00    0.00      0
         128            32     float     sum      -1    42.94    0.00    0.01      0    42.74    0.00    0.01      0
         256            64     float     sum      -1    43.95    0.01    0.01      0    43.37    0.01    0.01      0
         512           128     float     sum      -1    45.40    0.01    0.02      0    43.81    0.01    0.02      0
        1024           256     float     sum      -1    45.65    0.02    0.04      0    44.99    0.02    0.04      0
        2048           512     float     sum      -1    48.26    0.04    0.08      0    47.10    0.04    0.08      0
        4096          1024     float     sum      -1    53.32    0.08    0.14      0    52.12    0.08    0.15      0
        8192          2048     float     sum      -1    53.10    0.15    0.29      0    52.95    0.15    0.29      0
       16384          4096     float     sum      -1    54.79    0.30    0.56      0    53.73    0.30    0.57      0
       32768          8192     float     sum      -1    55.91    0.59    1.10      0    55.49    0.59    1.11      0
       65536         16384     float     sum      -1    64.92    1.01    1.89      0    64.04    1.02    1.92      0
      131072         32768     float     sum      -1    112.9    1.16    2.18      0    112.6    1.16    2.18      0
      262144         65536     float     sum      -1    113.5    2.31    4.33      0    113.8    2.30    4.32      0
      524288        131072     float     sum      -1    209.6    2.50    4.69      0    172.7    3.03    5.69      0
     1048576        262144     float     sum      -1    190.4    5.51   10.33      0    190.4    5.51   10.33      0
     2097152        524288     float     sum      -1    304.3    6.89   12.92      0    303.8    6.90   12.94      0
     4194304       1048576     float     sum      -1    500.8    8.38   15.70      0    500.0    8.39   15.73      0
     8388608       2097152     float     sum      -1    607.9   13.80   25.87      0    607.0   13.82   25.91      0
    16777216       4194304     float     sum      -1    559.3   30.00   56.25      0    558.0   30.06   56.37      0
    33554432       8388608     float     sum      -1   1075.7   31.19   58.49      0   1095.5   30.63   57.43      0
    67108864      16777216     float     sum      -1   1905.7   35.21   66.03      0   1775.6   37.79   70.87      0
   134217728      33554432     float     sum      -1   3921.8   34.22   64.17      0   4058.9   33.07   62.00      0
   268435456      67108864     float     sum      -1   9693.8   27.69   51.92      0   6490.5   41.36   77.55      0
   536870912     134217728     float     sum      -1    12293   43.67   81.89      0    17816   30.13   56.50      0
  1073741824     268435456     float     sum      -1    24201   44.37   83.19      0    24860   43.19   80.99      0
  2147483648     536870912     float     sum      -1    72463   29.64   55.57      0    47725   45.00   84.37      0
  4294967296    1073741824     float     sum      -1   141899   30.27   56.75      0   101279   42.41   79.51      0
           8             2     float     sum      -1    22.25    0.00    0.00      0    22.53    0.00    0.00      0
          16             4     float     sum      -1    22.28    0.00    0.00      0    22.01    0.00    0.00      0
          32             8     float     sum      -1    22.44    0.00    0.00      0    22.26    0.00    0.00      0
          64            16     float     sum      -1    25.37    0.00    0.00      0    25.23    0.00    0.00      0
         128            32     float     sum      -1    44.45    0.00    0.01      0    43.83    0.00    0.01      0
         256            64     float     sum      -1    45.05    0.01    0.01      0    44.00    0.01    0.01      0
         512           128     float     sum      -1    45.27    0.01    0.02      0    45.06    0.01    0.02      0
        1024           256     float     sum      -1    46.43    0.02    0.04      0    46.37    0.02    0.04      0
        2048           512     float     sum      -1    48.12    0.04    0.08      0    48.44    0.04    0.08      0
        4096          1024     float     sum      -1    53.02    0.08    0.14      0    52.80    0.08    0.15      0
        8192          2048     float     sum      -1    54.42    0.15    0.28      0    54.08    0.15    0.28      0
       16384          4096     float     sum      -1    55.48    0.30    0.55      0    54.12    0.30    0.57      0
       32768          8192     float     sum      -1    56.22    0.58    1.09      0    55.62    0.59    1.10      0
       65536         16384     float     sum      -1    66.43    0.99    1.85      0    64.52    1.02    1.90      0
      131072         32768     float     sum      -1    115.2    1.14    2.13      0    114.1    1.15    2.15      0
      262144         65536     float     sum      -1    115.2    2.28    4.27      0    114.8    2.28    4.28      0
      524288        131072     float     sum      -1    183.1    2.86    5.37      0    183.3    2.86    5.36      0
     1048576        262144     float     sum      -1    205.8    5.09    9.55      0    206.3    5.08    9.53      0
     2097152        524288     float     sum      -1    305.1    6.87   12.89      0    305.2    6.87   12.88      0
     4194304       1048576     float     sum      -1    503.2    8.33   15.63      0    509.7    8.23   15.43      0
     8388608       2097152     float     sum      -1    603.4   13.90   26.07      0    608.0   13.80   25.87      0
    16777216       4194304     float     sum      -1    564.9   29.70   55.69      0    563.0   29.80   55.87      0
    33554432       8388608     float     sum      -1   1082.9   30.99   58.10      0   1084.6   30.94   58.01      0
    67108864      16777216     float     sum      -1   1834.5   36.58   68.59      0   1822.2   36.83   69.06      0
   134217728      33554432     float     sum      -1   3704.0   36.24   67.94      0   4314.2   31.11   58.33      0
   268435456      67108864     float     sum      -1   6751.7   39.76   74.55      0   6581.2   40.79   76.48      0
   536870912     134217728     float     sum      -1    11830   45.38   85.09      0    18222   29.46   55.24      0
  1073741824     268435456     float     sum      -1    24237   44.30   83.06      0    32786   32.75   61.41      0
  2147483648     536870912     float     sum      -1    48061   44.68   83.78      0    75282   28.53   53.49      0
  4294967296    1073741824     float     sum      -1    95222   45.10   84.57      0    92625   46.37   86.94      0
           8             2     float     sum      -1    22.96    0.00    0.00      0    22.50    0.00    0.00      0
          16             4     float     sum      -1    22.19    0.00    0.00      0    22.00    0.00    0.00      0
          32             8     float     sum      -1    22.33    0.00    0.00      0    22.43    0.00    0.00      0
          64            16     float     sum      -1    24.93    0.00    0.00      0    25.00    0.00    0.00      0
         128            32     float     sum      -1    42.84    0.00    0.01      0    42.80    0.00    0.01      0
         256            64     float     sum      -1    43.66    0.01    0.01      0    43.24    0.01    0.01      0
         512           128     float     sum      -1    44.32    0.01    0.02      0    44.29    0.01    0.02      0
        1024           256     float     sum      -1    45.88    0.02    0.04      0    44.98    0.02    0.04      0
        2048           512     float     sum      -1    47.99    0.04    0.08      0    47.19    0.04    0.08      0
        4096          1024     float     sum      -1    53.03    0.08    0.14      0    51.57    0.08    0.15      0
        8192          2048     float     sum      -1    54.06    0.15    0.28      0    53.33    0.15    0.29      0
       16384          4096     float     sum      -1    54.28    0.30    0.57      0    53.69    0.31    0.57      0
       32768          8192     float     sum      -1    55.77    0.59    1.10      0    55.49    0.59    1.11      0
       65536         16384     float     sum      -1    65.63    1.00    1.87      0    64.04    1.02    1.92      0
      131072         32768     float     sum      -1    114.0    1.15    2.16      0    112.8    1.16    2.18      0
      262144         65536     float     sum      -1    117.4    2.23    4.19      0    112.7    2.33    4.36      0
      524288        131072     float     sum      -1    181.6    2.89    5.41      0    182.5    2.87    5.39      0
     1048576        262144     float     sum      -1    227.5    4.61    8.64      0    190.8    5.50   10.31      0
     2097152        524288     float     sum      -1    303.6    6.91   12.95      0    304.0    6.90   12.94      0
     4194304       1048576     float     sum      -1    544.4    7.70   14.45      0    501.6    8.36   15.68      0
     8388608       2097152     float     sum      -1    605.6   13.85   25.97      0    599.3   14.00   26.24      0
    16777216       4194304     float     sum      -1    559.4   29.99   56.23      0    556.7   30.14   56.51      0
    33554432       8388608     float     sum      -1   1062.2   31.59   59.23      0   1102.0   30.45   57.09      0
    67108864      16777216     float     sum      -1   1827.5   36.72   68.85      0   1845.3   36.37   68.19      0
   134217728      33554432     float     sum      -1   3732.4   35.96   67.43      0   3700.3   36.27   68.01      0
   268435456      67108864     float     sum      -1   6141.3   43.71   81.96      0   6345.7   42.30   79.32      0
   536870912     134217728     float     sum      -1    11787   45.55   85.40      0    16571   32.40   60.75      0
  1073741824     268435456     float     sum      -1    37100   28.94   54.27      0    25600   41.94   78.64      0
  2147483648     536870912     float     sum      -1    46619   46.06   86.37      0    50728   42.33   79.37      0
  4294967296    1073741824     float     sum      -1   104305   41.18   77.21      0   112853   38.06   71.36      0
           8             2     float     sum      -1    22.59    0.00    0.00      0    22.72    0.00    0.00      0
          16             4     float     sum      -1    21.91    0.00    0.00      0    22.55    0.00    0.00      0
          32             8     float     sum      -1    22.41    0.00    0.00      0    22.55    0.00    0.00      0
          64            16     float     sum      -1    24.71    0.00    0.00      0    25.02    0.00    0.00      0
         128            32     float     sum      -1    44.30    0.00    0.01      0    42.98    0.00    0.01      0
         256            64     float     sum      -1    45.22    0.01    0.01      0    43.59    0.01    0.01      0
         512           128     float     sum      -1    44.54    0.01    0.02      0    45.52    0.01    0.02      0
        1024           256     float     sum      -1    46.80    0.02    0.04      0    45.15    0.02    0.04      0
        2048           512     float     sum      -1    48.96    0.04    0.08      0    47.64    0.04    0.08      0
        4096          1024     float     sum      -1    54.25    0.08    0.14      0    52.66    0.08    0.15      0
        8192          2048     float     sum      -1    54.43    0.15    0.28      0    54.44    0.15    0.28      0
       16384          4096     float     sum      -1    54.66    0.30    0.56      0    54.15    0.30    0.57      0
       32768          8192     float     sum      -1    56.78    0.58    1.08      0    55.32    0.59    1.11      0
       65536         16384     float     sum      -1    66.60    0.98    1.84      0    64.94    1.01    1.89      0
      131072         32768     float     sum      -1    114.2    1.15    2.15      0    113.2    1.16    2.17      0
      262144         65536     float     sum      -1    115.0    2.28    4.28      0    114.5    2.29    4.29      0
      524288        131072     float     sum      -1    176.9    2.96    5.56      0    173.2    3.03    5.68      0
     1048576        262144     float     sum      -1    222.4    4.71    8.84      0    191.1    5.49   10.29      0
     2097152        524288     float     sum      -1    305.9    6.85   12.85      0    304.5    6.89   12.91      0
     4194304       1048576     float     sum      -1    502.9    8.34   15.64      0    500.1    8.39   15.73      0
     8388608       2097152     float     sum      -1    607.2   13.82   25.91      0    603.2   13.91   26.07      0
    16777216       4194304     float     sum      -1    561.5   29.88   56.02      0    560.7   29.92   56.10      0
    33554432       8388608     float     sum      -1   1090.1   30.78   57.71      0   1093.1   30.70   57.56      0
    67108864      16777216     float     sum      -1   1824.1   36.79   68.98      0   1862.4   36.03   67.56      0
   134217728      33554432     float     sum      -1   3908.6   34.34   64.39      0   3974.6   33.77   63.32      0
   268435456      67108864     float     sum      -1   8020.7   33.47   62.75      0   6170.2   43.51   81.57      0
   536870912     134217728     float     sum      -1    12051   44.55   83.53      0    11951   44.92   84.23      0
  1073741824     268435456     float     sum      -1    23592   45.51   85.34      0    24329   44.13   82.75      0
  2147483648     536870912     float     sum      -1    45145   47.57   89.19      0    45201   47.51   89.08      0
  4294967296    1073741824     float     sum      -1    95433   45.01   84.38      0    89898   47.78   89.58      0
           8             2     float     sum      -1    22.87    0.00    0.00      0    22.13    0.00    0.00      0
          16             4     float     sum      -1    22.50    0.00    0.00      0    22.17    0.00    0.00      0
          32             8     float     sum      -1    21.97    0.00    0.00      0    21.97    0.00    0.00      0
          64            16     float     sum      -1    25.22    0.00    0.00      0    24.66    0.00    0.00      0
         128            32     float     sum      -1    43.47    0.00    0.01      0    43.12    0.00    0.01      0
         256            64     float     sum      -1    44.47    0.01    0.01      0    43.87    0.01    0.01      0
         512           128     float     sum      -1    45.08    0.01    0.02      0    45.63    0.01    0.02      0
        1024           256     float     sum      -1    45.70    0.02    0.04      0    46.42    0.02    0.04      0
        2048           512     float     sum      -1    49.23    0.04    0.08      0    48.20    0.04    0.08      0
        4096          1024     float     sum      -1    54.62    0.07    0.14      0    53.09    0.08    0.14      0
        8192          2048     float     sum      -1    54.47    0.15    0.28      0    53.36    0.15    0.29      0
       16384          4096     float     sum      -1    55.30    0.30    0.56      0    54.43    0.30    0.56      0
       32768          8192     float     sum      -1    56.14    0.58    1.09      0    57.35    0.57    1.07      0
       65536         16384     float     sum      -1    65.32    1.00    1.88      0    64.15    1.02    1.92      0
      131072         32768     float     sum      -1    114.8    1.14    2.14      0    114.1    1.15    2.15      0
      262144         65536     float     sum      -1    115.4    2.27    4.26      0    116.6    2.25    4.22      0
      524288        131072     float     sum      -1    173.1    3.03    5.68      0    173.5    3.02    5.67      0
     1048576        262144     float     sum      -1    191.5    5.48   10.27      0    203.2    5.16    9.67      0
     2097152        524288     float     sum      -1    305.5    6.87   12.87      0    305.5    6.86   12.87      0
     4194304       1048576     float     sum      -1    502.5    8.35   15.65      0    504.1    8.32   15.60      0
     8388608       2097152     float     sum      -1    608.9   13.78   25.83      0    608.3   13.79   25.86      0
    16777216       4194304     float     sum      -1    563.2   29.79   55.86      0    565.4   29.67   55.64      0
    33554432       8388608     float     sum      -1   1090.2   30.78   57.71      0   1102.1   30.44   57.08      0
    67108864      16777216     float     sum      -1   1855.6   36.17   67.81      0   1860.3   36.07   67.64      0
   134217728      33554432     float     sum      -1   3685.2   36.42   68.29      0   3646.7   36.81   69.01      0
   268435456      67108864     float     sum      -1   6430.7   41.74   78.27      0   6358.5   42.22   79.16      0
   536870912     134217728     float     sum      -1    12424   43.21   81.03      0    17130   31.34   58.77      0
  1073741824     268435456     float     sum      -1    24909   43.11   80.82      0    24276   44.23   82.93      0
  2147483648     536870912     float     sum      -1    47961   44.78   83.95      0    48115   44.63   83.69      0
  4294967296    1073741824     float     sum      -1    92594   46.38   86.97      0    95507   44.97   84.32      0
           8             2     float     sum      -1    34.58    0.00    0.00      0    22.49    0.00    0.00      0
          16             4     float     sum      -1    22.32    0.00    0.00      0    22.00    0.00    0.00      0
          32             8     float     sum      -1    21.83    0.00    0.00      0    22.04    0.00    0.00      0
          64            16     float     sum      -1    24.67    0.00    0.00      0    24.49    0.00    0.00      0
         128            32     float     sum      -1    43.33    0.00    0.01      0    42.81    0.00    0.01      0
         256            64     float     sum      -1    43.86    0.01    0.01      0    43.12    0.01    0.01      0
         512           128     float     sum      -1    44.28    0.01    0.02      0    44.12    0.01    0.02      0
        1024           256     float     sum      -1    45.87    0.02    0.04      0    45.06    0.02    0.04      0
        2048           512     float     sum      -1    48.38    0.04    0.08      0    47.44    0.04    0.08      0
        4096          1024     float     sum      -1    52.89    0.08    0.15      0    52.04    0.08    0.15      0
        8192          2048     float     sum      -1    53.91    0.15    0.28      0    52.82    0.16    0.29      0
       16384          4096     float     sum      -1    54.45    0.30    0.56      0    53.64    0.31    0.57      0
       32768          8192     float     sum      -1    55.72    0.59    1.10      0    54.94    0.60    1.12      0
       65536         16384     float     sum      -1    64.88    1.01    1.89      0    63.65    1.03    1.93      0
      131072         32768     float     sum      -1    113.1    1.16    2.17      0    113.3    1.16    2.17      0
      262144         65536     float     sum      -1    113.4    2.31    4.33      0    112.9    2.32    4.35      0
      524288        131072     float     sum      -1    172.7    3.04    5.69      0    171.2    3.06    5.74      0
     1048576        262144     float     sum      -1    191.7    5.47   10.25      0    189.9    5.52   10.35      0
     2097152        524288     float     sum      -1    302.8    6.93   12.99      0    303.1    6.92   12.97      0
     4194304       1048576     float     sum      -1    501.4    8.37   15.68      0    501.3    8.37   15.69      0
     8388608       2097152     float     sum      -1    606.4   13.83   25.94      0    606.7   13.83   25.93      0
    16777216       4194304     float     sum      -1    561.5   29.88   56.03      0    558.6   30.04   56.32      0
    33554432       8388608     float     sum      -1   1109.4   30.24   56.71      0   1067.6   31.43   58.93      0
    67108864      16777216     float     sum      -1   1856.9   36.14   67.76      0   1830.4   36.66   68.74      0
   134217728      33554432     float     sum      -1   3898.4   34.43   64.55      0   3329.0   40.32   75.60      0
   268435456      67108864     float     sum      -1   6385.7   42.04   78.82      0   5979.1   44.90   84.18      0
   536870912     134217728     float     sum      -1    12824   41.86   78.50      0    12651   42.44   79.57      0
  1073741824     268435456     float     sum      -1    24847   43.21   81.03      0    24913   43.10   80.81      0
  2147483648     536870912     float     sum      -1    54003   39.77   74.56      0    46718   45.97   86.19      0
  4294967296    1073741824     float     sum      -1    92527   46.42   87.03      0   101203   42.44   79.57      0
