        size         count      type   redop    root     time   algbw   busbw #wrong     time   algbw   busbw #wrong
         (B)    (elements)                               (us)  (GB/s)  (GB/s)            (us)  (GB/s)  (GB/s)       
           8             2     float     sum      -1    527.1    0.00    0.00      0    517.6    0.00    0.00      0
          16             4     float     sum      -1    513.1    0.00    0.00      0    510.0    0.00    0.00      0
          32             8     float     sum      -1    508.1    0.00    0.00      0    503.9    0.00    0.00      0
          64            16     float     sum      -1    505.8    0.00    0.00      0    504.6    0.00    0.00      0
         128            32     float     sum      -1    483.0    0.00    0.00      0    479.8    0.00    0.00      0
         256            64     float     sum      -1    482.6    0.00    0.00      0    481.5    0.00    0.00      0
         512           128     float     sum      -1    481.5    0.00    0.00      0    607.5    0.00    0.00      0
        1024           256     float     sum      -1    482.2    0.00    0.00      0    481.4    0.00    0.00      0
        2048           512     float     sum      -1    486.3    0.00    0.01      0    483.6    0.00    0.01      0
        4096          1024     float     sum      -1    522.9    0.01    0.02      0    522.8    0.01    0.02      0
        8192          2048     float     sum      -1    877.5    0.01    0.02      0    853.1    0.01    0.02      0
       16384          4096     float     sum      -1   2206.9    0.01    0.01      0   2303.4    0.01    0.01      0
       32768          8192     float     sum      -1   2901.5    0.01    0.02      0   2847.2    0.01    0.02      0
       65536         16384     float     sum      -1   3022.7    0.02    0.04      0   3155.3    0.02    0.04      0
      131072         32768     float     sum      -1   3184.7    0.04    0.08      0   3101.6    0.04    0.08      0
      262144         65536     float     sum      -1   3130.1    0.08    0.16      0   3233.5    0.08    0.16      0
      524288        131072     float     sum      -1    840.7    0.62    1.21      0    826.3    0.63    1.23      0
     1048576        262144     float     sum      -1    38855    0.03    0.05      0    28604    0.04    0.07      0
     2097152        524288     float     sum      -1    28873    0.07    0.14      0    27064    0.08    0.15      0
     4194304       1048576     float     sum      -1    26913    0.16    0.30      0    27422    0.15    0.30      0
     8388608       2097152     float     sum      -1    47929    0.18    0.34      0    46776    0.18    0.35      0
    16777216       4194304     float     sum      -1    89474    0.19    0.36      0    93133    0.18    0.35      0
