        size         count      type   redop    root     time   algbw   busbw #wrong     time   algbw   busbw #wrong
         (B)    (elements)                               (us)  (GB/s)  (GB/s)            (us)  (GB/s)  (GB/s)       
           8             2     float     sum      -1    943.8    0.00    0.00      0   1201.4    0.00    0.00      0
          16             4     float     sum      -1    857.1    0.00    0.00      0    853.7    0.00    0.00      0
          32             8     float     sum      -1    845.6    0.00    0.00      0    888.9    0.00    0.00      0
          64            16     float     sum      -1    860.4    0.00    0.00      0    884.8    0.00    0.00      0
         128            32     float     sum      -1    990.4    0.00    0.00      0   2311.2    0.00    0.00      0
         256            64     float     sum      -1    806.6    0.00    0.00      0    922.8    0.00    0.00      0
         512           128     float     sum      -1    829.8    0.00    0.00      0    817.7    0.00    0.00      0
        1024           256     float     sum      -1    816.7    0.00    0.00      0    807.5    0.00    0.00      0
        2048           512     float     sum      -1    815.8    0.00    0.00      0   1269.9    0.00    0.00      0
        4096          1024     float     sum      -1    894.3    0.00    0.01      0    890.8    0.00    0.01      0
        8192          2048     float     sum      -1   1707.8    0.00    0.01      0   1328.5    0.01    0.01      0
       16384          4096     float     sum      -1   2918.0    0.01    0.01      0   2939.5    0.01    0.01      0
       32768          8192     float     sum      -1   3565.8    0.01    0.02      0   3535.4    0.01    0.02      0
       65536         16384     float     sum      -1   4213.7    0.02    0.03      0   4027.3    0.02    0.03      0
      131072         32768     float     sum      -1   4515.0    0.03    0.06      0   4354.4    0.03    0.06      0
      262144         65536     float     sum      -1   4226.8    0.06    0.12      0   4267.9    0.06    0.12      0
