        size         count      type   redop    root     time   algbw   busbw #wrong     time   algbw   busbw #wrong
         (B)    (elements)                               (us)  (GB/s)  (GB/s)            (us)  (GB/s)  (GB/s)       
           8             2     float     sum      -1    364.3    0.00    0.00      0    358.0    0.00    0.00      0
          16             4     float     sum      -1    354.5    0.00    0.00      0    351.6    0.00    0.00      0
          32             8     float     sum      -1    348.3    0.00    0.00      0    344.7    0.00    0.00      0
          64            16     float     sum      -1    345.7    0.00    0.00      0    366.2    0.00    0.00      0
         128            32     float     sum      -1    333.9    0.00    0.00      0    342.0    0.00    0.00      0
         256            64     float     sum      -1    328.9    0.00    0.00      0    332.8    0.00    0.00      0
         512           128     float     sum      -1    333.7    0.00    0.00      0    334.0    0.00    0.00      0
        1024           256     float     sum      -1    336.8    0.00    0.01      0    332.9    0.00    0.01      0
        2048           512     float     sum      -1    347.5    0.01    0.01      0    336.3    0.01    0.01      0
        4096          1024     float     sum      -1    351.2    0.01    0.02      0    351.2    0.01    0.02      0
        8192          2048     float     sum      -1    744.5    0.01    0.02      0    726.2    0.01    0.02      0
       16384          4096     float     sum      -1   2078.5    0.01    0.01      0   2059.0    0.01    0.01      0
       32768          8192     float     sum      -1   2885.7    0.01    0.02      0   3039.5    0.01    0.02      0
       65536         16384     float     sum      -1   3212.4    0.02    0.04      0   2884.0    0.02    0.04      0
      131072         32768     float     sum      -1    206.2    0.64    1.19      0    197.6    0.66    1.24      0
      262144         65536     float     sum      -1    475.5    0.55    1.03      0    472.2    0.56    1.04      0
      524288        131072     float     sum      -1    676.8    0.77    1.45      0    691.0    0.76    1.42      0
     1048576        262144     float     sum      -1    968.3    1.08    2.03      0    866.8    1.21    2.27      0
     2097152        524288     float     sum      -1    19408    0.11    0.20      0    19027    0.11    0.21      0
     4194304       1048576     float     sum      -1    19873    0.21    0.40      0    18773    0.22    0.42      0
     8388608       2097152     float     sum      -1    42491    0.20    0.37      0    42096    0.20    0.37      0
    16777216       4194304     float     sum      -1  3178654    0.01    0.01      0    528.7   31.74   59.50      0
