        size         count      type   redop    root     time   algbw   busbw #wrong     time   algbw   busbw #wrong
         (B)    (elements)                               (us)  (GB/s)  (GB/s)            (us)  (GB/s)  (GB/s)       
           8             2     float     sum      -1    20.70    0.00    0.00      0    19.82    0.00    0.00      0
          16             4     float     sum      -1    20.13    0.00    0.00      0    20.01    0.00    0.00      0
          32             8     float     sum      -1    19.68    0.00    0.00      0    19.89    0.00    0.00      0
          64            16     float     sum      -1    21.60    0.00    0.01      0    21.36    0.00    0.01      0
         128            32     float     sum      -1    21.85    0.01    0.01      0    21.44    0.01    0.01      0
         256            64     float     sum      -1    22.04    0.01    0.02      0    21.70    0.01    0.02      0
         512           128     float     sum      -1    22.53    0.02    0.04      0    22.34    0.02    0.04      0
        1024           256     float     sum      -1    24.40    0.04    0.07      0    24.10    0.04    0.07      0
        2048           512     float     sum      -1    25.93    0.08    0.14      0    25.50    0.08    0.14      0
        4096          1024     float     sum      -1    40.65    0.10    0.18      0    40.17    0.10    0.18      0
        8192          2048     float     sum      -1    41.01    0.20    0.35      0    41.27    0.20    0.35      0
       16384          4096     float     sum      -1    41.92    0.39    0.68      0    42.28    0.39    0.68      0
       32768          8192     float     sum      -1    42.90    0.76    1.34      0    42.23    0.78    1.36      0
       65536         16384     float     sum      -1    70.40    0.93    1.63      0    71.67    0.91    1.60      0
      131072         32768     float     sum      -1    85.03    1.54    2.70      0    83.66    1.57    2.74      0
      262144         65536     float     sum      -1    137.9    1.90    3.33      0    116.4    2.25    3.94      0
      524288        131072     float     sum      -1    174.6    3.00    5.26      0    118.7    4.42    7.73      0
     1048576        262144     float     sum      -1    129.3    8.11   14.19      0    129.3    8.11   14.19      0
     2097152        524288     float     sum      -1    177.1   11.84   20.72      0    189.3   11.08   19.39      0
     4194304       1048576     float     sum      -1    274.6   15.27   26.73      0    302.5   13.87   24.27      0
     8388608       2097152     float     sum      -1    326.8   25.67   44.92      0    355.8   23.58   41.26      0
    16777216       4194304     float     sum      -1    428.9   39.12   68.45      0    457.0   36.71   64.24      0
    33554432       8388608     float     sum      -1  1307781    0.03    0.04      0    698.0   48.07   84.13      0
    67108864      16777216     float     sum      -1   1000.3   67.09  117.41      0   1048.2   64.03  112.05      0
   134217728      33554432     float     sum      -1   1767.0   75.96  132.92      0   1793.2   74.85  130.99      0
   268435456      67108864     float     sum      -1   3285.0   81.72  143.00      0   3313.6   81.01  141.77      0
   536870912     134217728     float     sum      -1   6320.0   84.95  148.66      0   6355.1   84.48  147.84      0
  1073741824     268435456     float     sum      -1    12411   86.52  151.40      0    12446   86.27  150.97      0
  2147483648     536870912     float     sum      -1    24548   87.48  153.09      0    24641   87.15  152.51      0
  4294967296    1073741824     float     sum      -1    48848   87.93  153.87      0    49004   87.64  153.38      0
           8             2     float     sum      -1    20.43    0.00    0.00      0    19.99    0.00    0.00      0
          16             4     float     sum      -1    20.04    0.00    0.00      0    19.72    0.00    0.00      0
          32             8     float     sum      -1    19.68    0.00    0.00      0    19.76    0.00    0.00      0
          64            16     float     sum      -1    21.28    0.00    0.01      0    21.16    0.00    0.01      0
         128            32     float     sum      -1    21.92    0.01    0.01      0    21.53    0.01    0.01      0
         256            64     float     sum      -1    21.88    0.01    0.02      0    21.99    0.01    0.02      0
         512           128     float     sum      -1    22.36    0.02    0.04      0    22.18    0.02    0.04      0
        1024           256     float     sum      -1    24.62    0.04    0.07      0    24.18    0.04    0.07      0
        2048           512     float     sum      -1    25.57    0.08    0.14      0    25.45    0.08    0.14      0
        4096          1024     float     sum      -1    40.43    0.10    0.18      0    39.65    0.10    0.18      0
        8192          2048     float     sum      -1    41.24    0.20    0.35      0    40.89    0.20    0.35      0
       16384          4096     float     sum      -1    42.38    0.39    0.68      0    42.09    0.39    0.68      0
       32768          8192     float     sum      -1    43.09    0.76    1.33      0    41.88    0.78    1.37      0
       65536         16384     float     sum      -1    69.52    0.94    1.65      0    69.86    0.94    1.64      0
      131072         32768     float     sum      -1    83.96    1.56    2.73      0    83.39    1.57    2.75      0
      262144         65536     float     sum      -1    136.5    1.92    3.36      0    111.5    2.35    4.12      0
      524288        131072     float     sum      -1    118.8    4.41    7.72      0    118.4    4.43    7.75      0
     1048576        262144     float     sum      -1    162.6    6.45   11.29      0    155.1    6.76   11.83      0
     2097152        524288     float     sum      -1    176.6   11.88   20.79      0    189.1   11.09   19.41      0
     4194304       1048576     float     sum      -1    274.7   15.27   26.72      0    302.7   13.86   24.25      0
     8388608       2097152     float     sum      -1    327.4   25.62   44.84      0    355.3   23.61   41.32      0
    16777216       4194304     float     sum      -1    429.3   39.08   68.40      0    455.8   36.81   64.42      0
    33554432       8388608     float     sum      -1  1434295    0.02    0.04      0    686.5   48.88   85.54      0
    67108864      16777216     float     sum      -1   1012.9   66.25  115.94      0   1030.9   65.10  113.92      0
   134217728      33554432     float     sum      -1   1777.5   75.51  132.14      0   1792.3   74.89  131.05      0
   268435456      67108864     float     sum      -1   3286.0   81.69  142.96      0   3329.6   80.62  141.09      0
   536870912     134217728     float     sum      -1   6352.9   84.51  147.89      0   6353.1   84.51  147.89      0
  1073741824     268435456     float     sum      -1    12401   86.59  151.53      0    12443   86.29  151.01      0
  2147483648     536870912     float     sum      -1    24568   87.41  152.97      0    24764   86.72  151.75      0
  4294967296    1073741824     float     sum      -1    48870   87.89  153.80      0    49012   87.63  153.35      0
           8             2     float     sum      -1    20.49    0.00    0.00      0    20.10    0.00    0.00      0
          16             4     float     sum      -1    19.89    0.00    0.00      0    19.69    0.00    0.00      0
          32             8     float     sum      -1    19.76    0.00    0.00      0    19.82    0.00    0.00      0
          64            16     float     sum      -1    21.52    0.00    0.01      0    21.18    0.00    0.01      0
         128            32     float     sum      -1    21.70    0.01    0.01      0    21.75    0.01    0.01      0
         256            64     float     sum      -1    21.81    0.01    0.02      0    21.83    0.01    0.02      0
         512           128     float     sum      -1    22.52    0.02    0.04      0    22.37    0.02    0.04      0
        1024           256     float     sum      -1    24.76    0.04    0.07      0    24.13    0.04    0.07      0
        2048           512     float     sum      -1    25.69    0.08    0.14      0    25.46    0.08    0.14      0
        4096          1024     float     sum      -1    40.27    0.10    0.18      0    39.56    0.10    0.18      0
        8192          2048     float     sum      -1    41.25    0.20    0.35      0    40.93    0.20    0.35      0
       16384          4096     float     sum      -1    41.92    0.39    0.68      0    41.46    0.40    0.69      0
       32768          8192     float     sum      -1    42.63    0.77    1.35      0    41.90    0.78    1.37      0
       65536         16384     float     sum      -1    70.03    0.94    1.64      0    69.79    0.94    1.64      0
      131072         32768     float     sum      -1    91.00    1.44    2.52      0    83.75    1.57    2.74      0
      262144         65536     float     sum      -1    111.4    2.35    4.12      0    111.6    2.35    4.11      0
      524288        131072     float     sum      -1    117.8    4.45    7.79      0    207.5    2.53    4.42      0
     1048576        262144     float     sum      -1    161.6    6.49   11.35      0    154.7    6.78   11.86      0
     2097152        524288     float     sum      -1    176.0   11.91   20.85      0    189.4   11.08   19.38      0
     4194304       1048576     float     sum      -1    274.7   15.27   26.72      0    302.1   13.88   24.29      0
     8388608       2097152     float     sum      -1    328.0   25.58   44.76      0    353.6   23.72   41.51      0
    16777216       4194304     float     sum      -1    429.6   39.05   68.34      0    456.3   36.77   64.35      0
    33554432       8388608     float     sum      -1  1358745    0.02    0.04      0    693.7   48.37   84.64      0
    67108864      16777216     float     sum      -1   1003.4   66.88  117.04      0   1038.7   64.61  113.06      0
   134217728      33554432     float     sum      -1   1776.6   75.55  132.21      0   1793.9   74.82  130.93      0
   268435456      67108864     float     sum      -1   3282.7   81.77  143.10      0   3313.2   81.02  141.78      0
   536870912     134217728     float     sum      -1   6326.6   84.86  148.50      0   6385.4   84.08  147.14      0
  1073741824     268435456     float     sum      -1    12400   86.59  151.53      0    12449   86.25  150.94      0
  2147483648     536870912     float     sum      -1    24569   87.40  152.96      0    24634   87.18  152.56      0
  4294967296    1073741824     float     sum      -1    48847   87.93  153.87      0    49038   87.59  153.27      0
           8             2     float     sum      -1    20.30    0.00    0.00      0    19.78    0.00    0.00      0
          16             4     float     sum      -1    19.82    0.00    0.00      0    19.73    0.00    0.00      0
          32             8     float     sum      -1    19.74    0.00    0.00      0    19.79    0.00    0.00      0
          64            16     float     sum      -1    21.55    0.00    0.01      0    21.20    0.00    0.01      0
         128            32     float     sum      -1    21.74    0.01    0.01      0    21.29    0.01    0.01      0
         256            64     float     sum      -1    22.00    0.01    0.02      0    21.59    0.01    0.02      0
         512           128     float     sum      -1    22.44    0.02    0.04      0    22.06    0.02    0.04      0
        1024           256     float     sum      -1    24.49    0.04    0.07      0    24.19    0.04    0.07      0
        2048           512     float     sum      -1    25.46    0.08    0.14      0    25.44    0.08    0.14      0
        4096          1024     float     sum      -1    40.04    0.10    0.18      0    39.89    0.10    0.18      0
        8192          2048     float     sum      -1    41.26    0.20    0.35      0    40.48    0.20    0.35      0
       16384          4096     float     sum      -1    42.13    0.39    0.68      0    41.42    0.40    0.69      0
       32768          8192     float     sum      -1    43.04    0.76    1.33      0    41.70    0.79    1.38      0
       65536         16384     float     sum      -1    69.67    0.94    1.65      0    69.99    0.94    1.64      0
      131072         32768     float     sum      -1    83.68    1.57    2.74      0    83.75    1.57    2.74      0
      262144         65536     float     sum      -1    124.1    2.11    3.70      0    111.9    2.34    4.10      0
      524288        131072     float     sum      -1    117.8    4.45    7.79      0    117.9    4.45    7.78      0
     1048576        262144     float     sum      -1    129.0    8.13   14.23      0    130.0    8.06   14.11      0
     2097152        524288     float     sum      -1    175.7   11.94   20.89      0    189.6   11.06   19.36      0
     4194304       1048576     float     sum      -1    274.4   15.28   26.75      0    301.8   13.90   24.32      0
     8388608       2097152     float     sum      -1    327.3   25.63   44.85      0    351.6   23.86   41.75      0
    16777216       4194304     float     sum      -1    428.9   39.12   68.46      0    455.8   36.81   64.42      0
    33554432       8388608     float     sum      -1  1364052    0.02    0.04      0    693.2   48.41   84.71      0
    67108864      16777216     float     sum      -1   1004.3   66.82  116.94      0   1038.2   64.64  113.12      0
   134217728      33554432     float     sum      -1   1766.8   75.97  132.94      0   1791.9   74.90  131.08      0
   268435456      67108864     float     sum      -1   3294.5   81.48  142.59      0   3313.8   81.00  141.76      0
   536870912     134217728     float     sum      -1   6353.5   84.50  147.87      0   6360.4   84.41  147.71      0
  1073741824     268435456     float     sum      -1    12409   86.53  151.43      0    12498   85.91  150.34      0
  2147483648     536870912     float     sum      -1    24559   87.44  153.02      0    24644   87.14  152.50      0
  4294967296    1073741824     float     sum      -1    48866   87.89  153.81      0    49024   87.61  153.32      0
           8             2     float     sum      -1    20.53    0.00    0.00      0    20.14    0.00    0.00      0
          16             4     float     sum      -1    20.01    0.00    0.00      0    19.71    0.00    0.00      0
          32             8     float     sum      -1    19.68    0.00    0.00      0    19.72    0.00    0.00      0
          64            16     float     sum      -1    21.33    0.00    0.01      0    21.26    0.00    0.01      0
         128            32     float     sum      -1    21.86    0.01    0.01      0    21.60    0.01    0.01      0
         256            64     float     sum      -1    22.29    0.01    0.02      0    21.72    0.01    0.02      0
         512           128     float     sum      -1    22.59    0.02    0.04      0    22.15    0.02    0.04      0
        1024           256     float     sum      -1    24.50    0.04    0.07      0    24.05    0.04    0.07      0
        2048           512     float     sum      -1    25.95    0.08    0.14      0    25.40    0.08    0.14      0
        4096          1024     float     sum      -1    40.39    0.10    0.18      0    39.52    0.10    0.18      0
        8192          2048     float     sum      -1    41.65    0.20    0.34      0    41.29    0.20    0.35      0
       16384          4096     float     sum      -1    43.01    0.38    0.67      0    41.39    0.40    0.69      0
       32768          8192     float     sum      -1    42.51    0.77    1.35      0    42.27    0.78    1.36      0
       65536         16384     float     sum      -1    69.88    0.94    1.64      0    69.44    0.94    1.65      0
      131072         32768     float     sum      -1    84.12    1.56    2.73      0    83.77    1.56    2.74      0
      262144         65536     float     sum      -1    111.8    2.34    4.10      0    138.8    1.89    3.31      0
      524288        131072     float     sum      -1    146.1    3.59    6.28      0    117.9    4.45    7.78      0
     1048576        262144     float     sum      -1    131.8    7.95   13.92      0    128.2    8.18   14.32      0
     2097152        524288     float     sum      -1    176.2   11.90   20.82      0    188.9   11.10   19.43      0
     4194304       1048576     float     sum      -1    274.7   15.27   26.72      0    302.2   13.88   24.29      0
     8388608       2097152     float     sum      -1    327.0   25.66   44.90      0    356.9   23.50   41.13      0
    16777216       4194304     float     sum      -1    428.4   39.16   68.54      0    452.6   37.07   64.87      0
    33554432       8388608     float     sum      -1  1362362    0.02    0.04      0    690.8   48.58   85.01      0
    67108864      16777216     float     sum      -1   1000.8   67.06  117.35      0   1035.1   64.83  113.46      0
   134217728      33554432     float     sum      -1   1766.4   75.98  132.97      0   1791.4   74.93  131.12      0
   268435456      67108864     float     sum      -1   3279.8   81.85  143.23      0   3307.4   81.16  142.04      0
   536870912     134217728     float     sum      -1   6356.3   84.46  147.81      0   6358.1   84.44  147.77      0
  1073741824     268435456     float     sum      -1    12402   86.58  151.52      0    12508   85.84  150.23      0
  2147483648     536870912     float     sum      -1    24565   87.42  152.99      0    24622   87.22  152.63      0
  4294967296    1073741824     float     sum      -1    48853   87.92  153.85      0    49021   87.62  153.33      0
           8             2     float     sum      -1    20.21    0.00    0.00      0    19.97    0.00    0.00      0
          16             4     float     sum      -1    19.94    0.00    0.00      0    19.91    0.00    0.00      0
          32             8     float     sum      -1    20.01    0.00    0.00      0    19.77    0.00    0.00      0
          64            16     float     sum      -1    21.30    0.00    0.01      0    21.09    0.00    0.01      0
         128            32     float     sum      -1    21.74    0.01    0.01      0    21.56    0.01    0.01      0
         256            64     float     sum      -1    21.96    0.01    0.02      0    22.06    0.01    0.02      0
         512           128     float     sum      -1    22.47    0.02    0.04      0    22.34    0.02    0.04      0
        1024           256     float     sum      -1    24.26    0.04    0.07      0    24.17    0.04    0.07      0
        2048           512     float     sum      -1    25.88    0.08    0.14      0    25.37    0.08    0.14      0
        4096          1024     float     sum      -1    40.04    0.10    0.18      0    40.29    0.10    0.18      0
        8192          2048     float     sum      -1    41.26    0.20    0.35      0    40.85    0.20    0.35      0
       16384          4096     float     sum      -1    42.03    0.39    0.68      0    41.58    0.39    0.69      0
       32768          8192     float     sum      -1    43.00    0.76    1.33      0    42.51    0.77    1.35      0
       65536         16384     float     sum      -1    69.63    0.94    1.65      0    69.28    0.95    1.66      0
      131072         32768     float     sum      -1    83.78    1.56    2.74      0    83.55    1.57    2.75      0
      262144         65536     float     sum      -1    111.6    2.35    4.11      0    111.3    2.36    4.12      0
      524288        131072     float     sum      -1    118.9    4.41    7.72      0    118.1    4.44    7.77      0
     1048576        262144     float     sum      -1    129.4    8.10   14.18      0    137.4    7.63   13.36      0
     2097152        524288     float     sum      -1    176.6   11.88   20.78      0    189.5   11.07   19.37      0
     4194304       1048576     float     sum      -1    274.3   15.29   26.76      0    302.5   13.86   24.26      0
     8388608       2097152     float     sum      -1    327.7   25.60   44.80      0    356.6   23.52   41.17      0
    16777216       4194304     float     sum      -1    427.0   39.29   68.76      0    453.5   37.00   64.74      0
    33554432       8388608     float     sum      -1  1339673    0.03    0.04      0    686.8   48.86   85.50      0
    67108864      16777216     float     sum      -1   1019.6   65.82  115.18      0   1033.5   64.93  113.63      0
   134217728      33554432     float     sum      -1   1767.5   75.94  132.89      0   1790.6   74.96  131.17      0
   268435456      67108864     float     sum      -1   3286.2   81.68  142.95      0   3310.7   81.08  141.89      0
   536870912     134217728     float     sum      -1   6346.1   84.60  148.05      0   6356.0   84.47  147.82      0
  1073741824     268435456     float     sum      -1    12406   86.55  151.47      0    12453   86.22  150.89      0
  2147483648     536870912     float     sum      -1    24558   87.45  153.03      0    24626   87.20  152.60      0
  4294967296    1073741824     float     sum      -1    48843   87.93  153.88      0    48974   87.70  153.47      0
           8             2     float     sum      -1    20.80    0.00    0.00      0    19.92    0.00    0.00      0
          16             4     float     sum      -1    20.02    0.00    0.00      0    19.76    0.00    0.00      0
          32             8     float     sum      -1    19.62    0.00    0.00      0    20.02    0.00    0.00      0
          64            16     float     sum      -1    21.26    0.00    0.01      0    21.24    0.00    0.01      0
         128            32     float     sum      -1    21.88    0.01    0.01      0    21.74    0.01    0.01      0
         256            64     float     sum      -1    22.20    0.01    0.02      0    21.69    0.01    0.02      0
         512           128     float     sum      -1    22.50    0.02    0.04      0    22.38    0.02    0.04      0
        1024           256     float     sum      -1    24.41    0.04    0.07      0    24.37    0.04    0.07      0
        2048           512     float     sum      -1    25.73    0.08    0.14      0    25.52    0.08    0.14      0
        4096          1024     float     sum      -1    40.71    0.10    0.18      0    39.87    0.10    0.18      0
        8192          2048     float     sum      -1    40.88    0.20    0.35      0    41.16    0.20    0.35      0
       16384          4096     float     sum      -1    42.50    0.39    0.67      0    42.02    0.39    0.68      0
       32768          8192     float     sum      -1    42.68    0.77    1.34      0    42.00    0.78    1.37      0
       65536         16384     float     sum      -1    69.64    0.94    1.65      0    69.78    0.94    1.64      0
      131072         32768     float     sum      -1    83.96    1.56    2.73      0    85.30    1.54    2.69      0
      262144         65536     float     sum      -1    112.5    2.33    4.08      0    111.4    2.35    4.12      0
      524288        131072     float     sum      -1    124.4    4.21    7.38      0    206.5    2.54    4.44      0
     1048576        262144     float     sum      -1    151.1    6.94   12.14      0    129.3    8.11   14.19      0
     2097152        524288     float     sum      -1    176.0   11.91   20.85      0    188.9   11.10   19.43      0
     4194304       1048576     float     sum      -1    275.1   15.25   26.68      0    301.8   13.90   24.32      0
     8388608       2097152     float     sum      -1    327.1   25.64   44.87      0    355.0   23.63   41.35      0
    16777216       4194304     float     sum      -1    429.5   39.06   68.36      0    455.0   36.87   64.52      0
    33554432       8388608     float     sum      -1  1368068    0.02    0.04      0    700.9   47.87   83.78      0
    67108864      16777216     float     sum      -1   1010.4   66.42  116.24      0   1028.1   65.28  114.24      0
   134217728      33554432     float     sum      -1   1761.3   76.20  133.36      0   1787.8   75.07  131.38      0
   268435456      67108864     float     sum      -1   3286.5   81.68  142.94      0   3332.3   80.55  140.97      0
   536870912     134217728     float     sum      -1   6325.0   84.88  148.54      0   6354.0   84.49  147.86      0
  1073741824     268435456     float     sum      -1    12405   86.56  151.47      0    12450   86.25  150.93      0
  2147483648     536870912     float     sum      -1    24687   86.99  152.23      0    24642   87.15  152.51      0
  4294967296    1073741824     float     sum      -1    48877   87.87  153.78      0    49036   87.59  153.28      0
           8             2     float     sum      -1    20.38    0.00    0.00      0    19.83    0.00    0.00      0
          16             4     float     sum      -1    19.85    0.00    0.00      0    19.76    0.00    0.00      0
          32             8     float     sum      -1    19.79    0.00    0.00      0    19.75    0.00    0.00      0
          64            16     float     sum      -1    21.56    0.00    0.01      0    21.10    0.00    0.01      0
         128            32     float     sum      -1    21.61    0.01    0.01      0    21.54    0.01    0.01      0
         256            64     float     sum      -1    21.75    0.01    0.02      0    21.69    0.01    0.02      0
         512           128     float     sum      -1    22.45    0.02    0.04      0    22.37    0.02    0.04      0
        1024           256     float     sum      -1    24.12    0.04    0.07      0    23.82    0.04    0.08      0
        2048           512     float     sum      -1    25.54    0.08    0.14      0    25.13    0.08    0.14      0
        4096          1024     float     sum      -1    40.58    0.10    0.18      0    39.76    0.10    0.18      0
        8192          2048     float     sum      -1    41.49    0.20    0.35      0    40.42    0.20    0.35      0
       16384          4096     float     sum      -1    42.39    0.39    0.68      0    41.24    0.40    0.70      0
       32768          8192     float     sum      -1    42.75    0.77    1.34      0    41.60    0.79    1.38      0
       65536         16384     float     sum      -1    69.63    0.94    1.65      0    69.44    0.94    1.65      0
      131072         32768     float     sum      -1    83.96    1.56    2.73      0    84.06    1.56    2.73      0
      262144         65536     float     sum      -1    154.0    1.70    2.98      0    110.8    2.37    4.14      0
      524288        131072     float     sum      -1    118.6    4.42    7.74      0    125.6    4.18    7.31      0
     1048576        262144     float     sum      -1    128.5    8.16   14.28      0    129.3    8.11   14.20      0
     2097152        524288     float     sum      -1    175.8   11.93   20.87      0    189.4   11.08   19.38      0
     4194304       1048576     float     sum      -1    274.7   15.27   26.72      0    301.9   13.89   24.31      0
     8388608       2097152     float     sum      -1    327.5   25.61   44.82      0    356.8   23.51   41.14      0
    16777216       4194304     float     sum      -1    429.1   39.10   68.43      0    455.8   36.81   64.42      0
