        size         count      type   redop    root     time   algbw   busbw #wrong     time   algbw   busbw #wrong
         (B)    (elements)                               (us)  (GB/s)  (GB/s)            (us)  (GB/s)  (GB/s)       
           8             2     float     sum      -1   1178.4    0.00    0.00      0    798.8    0.00    0.00      0
          16             4     float     sum      -1    955.8    0.00    0.00      0    717.5    0.00    0.00      0
          32             8     float     sum      -1    700.0    0.00    0.00      0    752.5    0.00    0.00      0
          64            16     float     sum      -1    698.8    0.00    0.00      0    935.4    0.00    0.00      0
         128            32     float     sum      -1    662.0    0.00    0.00      0    663.1    0.00    0.00      0
         256            64     float     sum      -1    939.0    0.00    0.00      0    658.6    0.00    0.00      0
         512           128     float     sum      -1    719.0    0.00    0.00      0    756.1    0.00    0.00      0
        1024           256     float     sum      -1    651.4    0.00    0.00      0    658.3    0.00    0.00      0
        2048           512     float     sum      -1    702.1    0.00    0.01      0    667.7    0.00    0.01      0
        4096          1024     float     sum      -1    750.0    0.01    0.01      0    722.1    0.01    0.01      0
        8192          2048     float     sum      -1   1154.0    0.01    0.01      0   1160.4    0.01    0.01      0
       16384          4096     float     sum      -1   2782.8    0.01    0.01      0   2769.8    0.01    0.01      0
       32768          8192     float     sum      -1   3163.2    0.01    0.02      0   3725.5    0.01    0.02      0
       65536         16384     float     sum      -1   3423.5    0.02    0.04      0   3707.7    0.02    0.03      0
      131072         32768     float     sum      -1   4424.5    0.03    0.06      0   3789.8    0.03    0.07      0
      262144         65536     float     sum      -1   4808.4    0.05    0.11      0   3673.7    0.07    0.14      0
      524288        131072     float     sum      -1    33965    0.02    0.03      0    35389    0.01    0.03      0
     1048576        262144     float     sum      -1    34009    0.03    0.06      0    34054    0.03    0.06      0
     2097152        524288     float     sum      -1    32366    0.06    0.13      0    31428    0.07    0.13      0
     4194304       1048576     float     sum      -1    31243    0.13    0.26      0    31199    0.13    0.26      0
     8388608       2097152     float     sum      -1    49545    0.17    0.33      0    50321    0.17    0.33      0
    16777216       4194304     float     sum      -1    98320    0.17    0.34      0    95929    0.17    0.34      0
    33554432       8388608     float     sum      -1   194705    0.17    0.34      0   185385    0.18    0.36      0
