        size         count      type   redop    root     time   algbw   busbw #wrong     time   algbw   busbw #wrong
         (B)    (elements)                               (us)  (GB/s)  (GB/s)            (us)  (GB/s)  (GB/s)       
           8             2     float     sum      -1    40.06    0.00    0.00      0    38.79    0.00    0.00      0
          16             4     float     sum      -1    39.19    0.00    0.00      0    38.37    0.00    0.00      0
          32             8     float     sum      -1    38.42    0.00    0.00      0    38.90    0.00    0.00      0
          64            16     float     sum      -1    42.60    0.00    0.00      0    43.22    0.00    0.00      0
         128            32     float     sum      -1    43.81    0.00    0.01      0    42.50    0.00    0.01      0
         256            64     float     sum      -1    47.83    0.01    0.01      0    43.95    0.01    0.01      0
         512           128     float     sum      -1    45.66    0.01    0.02      0    44.82    0.01    0.02      0
        1024           256     float     sum      -1    51.78    0.02    0.04      0    50.27    0.02    0.04      0
        2048           512     float     sum      -1    54.91    0.04    0.07      0    54.54    0.04    0.07      0
        4096          1024     float     sum      -1    84.19    0.05    0.09      0    83.28    0.05    0.10      0
        8192          2048     float     sum      -1    85.10    0.10    0.19      0    84.38    0.10    0.19      0
       16384          4096     float     sum      -1    106.9    0.15    0.30      0    104.0    0.16    0.31      0
       32768          8192     float     sum      -1    161.3    0.20    0.39      0    148.8    0.22    0.43      0
       65536         16384     float     sum      -1    201.4    0.33    0.63      0    184.6    0.35    0.69      0
      131072         32768     float     sum      -1    298.2    0.44    0.85      0    258.7    0.51    0.98      0
      262144         65536     float     sum      -1    411.8    0.64    1.23      0    402.9    0.65    1.26      0
      524288        131072     float     sum      -1    830.0    0.63    1.22      0    831.7    0.63    1.22      0
     1048576        262144     float     sum      -1    558.2    1.88    3.64      0    550.4    1.90    3.69      0
     2097152        524288     float     sum      -1    715.3    2.93    5.68      0    722.7    2.90    5.62      0
     4194304       1048576     float     sum      -1   1012.6    4.14    8.03      0   1028.6    4.08    7.90      0
     8388608       2097152     float     sum      -1   1427.0    5.88   11.39      0   1515.0    5.54   10.73      0
    16777216       4194304     float     sum      -1    11979    1.40    2.71      0    11635    1.44    2.79      0
    33554432       8388608     float     sum      -1    21391    1.57    3.04      0    19753    1.70    3.29      0
    67108864      16777216     float     sum      -1    23431    2.86    5.55      0    21807    3.08    5.96      0
   134217728      33554432     float     sum      -1    21742    6.17   11.96      0    21759    6.17   11.95      0
   268435456      67108864     float     sum      -1    24399   11.00   21.32      0    23410   11.47   22.22      0
   536870912     134217728     float     sum      -1    28588   18.78   36.38      0    28185   19.05   36.91      0
  1073741824     268435456     float     sum      -1    34834   30.82   59.72      0    28895   37.16   72.00      0
  2147483648     536870912     float     sum      -1    60007   35.79   69.34      0    61264   35.05   67.92      0
  4294967296    1073741824     float     sum      -1   118509   36.24   70.22      0   119487   35.95   69.64      0
           8             2     float     sum      -1    40.28    0.00    0.00      0    38.80    0.00    0.00      0
          16             4     float     sum      -1    38.42    0.00    0.00      0    38.87    0.00    0.00      0
          32             8     float     sum      -1    39.02    0.00    0.00      0    39.47    0.00    0.00      0
          64            16     float     sum      -1    42.62    0.00    0.00      0    42.82    0.00    0.00      0
         128            32     float     sum      -1    43.58    0.00    0.01      0    43.32    0.00    0.01      0
         256            64     float     sum      -1    44.18    0.01    0.01      0    43.39    0.01    0.01      0
         512           128     float     sum      -1    45.44    0.01    0.02      0    44.78    0.01    0.02      0
        1024           256     float     sum      -1    50.74    0.02    0.04      0    50.62    0.02    0.04      0
        2048           512     float     sum      -1    55.62    0.04    0.07      0    54.48    0.04    0.07      0
        4096          1024     float     sum      -1    84.51    0.05    0.09      0    83.67    0.05    0.09      0
        8192          2048     float     sum      -1    84.96    0.10    0.19      0    84.22    0.10    0.19      0
       16384          4096     float     sum      -1    86.53    0.19    0.37      0    85.49    0.19    0.37      0
       32768          8192     float     sum      -1    93.09    0.35    0.68      0    92.22    0.36    0.69      0
       65536         16384     float     sum      -1    102.7    0.64    1.24      0    100.7    0.65    1.26      0
      131072         32768     float     sum      -1    116.6    1.12    2.18      0    118.3    1.11    2.15      0
      262144         65536     float     sum      -1    289.2    0.91    1.76      0    291.4    0.90    1.74      0
      524288        131072     float     sum      -1    303.0    1.73    3.35      0    318.2    1.65    3.19      0
     1048576        262144     float     sum      -1    238.8    4.39    8.51      0    242.1    4.33    8.39      0
     2097152        524288     float     sum      -1    316.0    6.64   12.86      0    321.6    6.52   12.63      0
     4194304       1048576     float     sum      -1    498.5    8.41   16.30      0    499.6    8.40   16.27      0
     8388608       2097152     float     sum      -1    825.4   10.16   19.69      0    848.8    9.88   19.15      0
    16777216       4194304     float     sum      -1   2192.0    7.65   14.83      0   2153.5    7.79   15.09      0
    33554432       8388608     float     sum      -1   2784.4   12.05   23.35      0   2781.7   12.06   23.37      0
    67108864      16777216     float     sum      -1   2850.0   23.55   45.62      0   2853.9   23.51   45.56      0
   134217728      33554432     float     sum      -1   3172.3   42.31   81.97      0   3174.4   42.28   81.92      0
   268435456      67108864     float     sum      -1   6624.2   40.52   78.51      0   6675.9   40.21   77.91      0
   536870912     134217728     float     sum      -1    13678   39.25   76.05      0    13756   39.03   75.61      0
  1073741824     268435456     float     sum      -1    29394   36.53   70.78      0    29651   36.21   70.16      0
  2147483648     536870912     float     sum      -1    60839   35.30   68.39      0    60637   35.42   68.62      0
  4294967296    1073741824     float     sum      -1   117195   36.65   71.01      0   119922   35.81   69.39      0
           8             2     float     sum      -1    39.67    0.00    0.00      0    38.19    0.00    0.00      0
          16             4     float     sum      -1    38.33    0.00    0.00      0    38.39    0.00    0.00      0
          32             8     float     sum      -1    38.30    0.00    0.00      0    38.07    0.00    0.00      0
          64            16     float     sum      -1    43.26    0.00    0.00      0    42.80    0.00    0.00      0
         128            32     float     sum      -1    43.41    0.00    0.01      0    42.72    0.00    0.01      0
         256            64     float     sum      -1    44.24    0.01    0.01      0    43.61    0.01    0.01      0
         512           128     float     sum      -1    45.13    0.01    0.02      0    45.43    0.01    0.02      0
        1024           256     float     sum      -1    51.07    0.02    0.04      0    50.14    0.02    0.04      0
        2048           512     float     sum      -1    54.81    0.04    0.07      0    54.81    0.04    0.07      0
        4096          1024     float     sum      -1    85.70    0.05    0.09      0    83.27    0.05    0.10      0
        8192          2048     float     sum      -1    85.42    0.10    0.19      0    84.28    0.10    0.19      0
       16384          4096     float     sum      -1    86.37    0.19    0.37      0    85.14    0.19    0.37      0
       32768          8192     float     sum      -1    94.08    0.35    0.67      0    92.54    0.35    0.69      0
       65536         16384     float     sum      -1    103.2    0.64    1.23      0    100.8    0.65    1.26      0
      131072         32768     float     sum      -1    124.3    1.05    2.04      0    118.2    1.11    2.15      0
      262144         65536     float     sum      -1    297.1    0.88    1.71      0    297.5    0.88    1.71      0
      524288        131072     float     sum      -1    310.0    1.69    3.28      0    315.2    1.66    3.22      0
     1048576        262144     float     sum      -1    239.9    4.37    8.47      0    242.6    4.32    8.37      0
     2097152        524288     float     sum      -1    318.2    6.59   12.77      0    321.3    6.53   12.65      0
     4194304       1048576     float     sum      -1    494.1    8.49   16.45      0    502.8    8.34   16.16      0
     8388608       2097152     float     sum      -1    826.2   10.15   19.67      0    870.1    9.64   18.68      0
    16777216       4194304     float     sum      -1   2189.8    7.66   14.84      0   2156.6    7.78   15.07      0
    33554432       8388608     float     sum      -1   2777.1   12.08   23.41      0   2768.7   12.12   23.48      0
    67108864      16777216     float     sum      -1   2850.4   23.54   45.62      0   2852.1   23.53   45.59      0
   134217728      33554432     float     sum      -1   3176.4   42.25   81.87      0   3174.8   42.28   81.91      0
   268435456      67108864     float     sum      -1   6642.6   40.41   78.30      0   6667.1   40.26   78.01      0
   536870912     134217728     float     sum      -1    13523   39.70   76.92      0    13697   39.20   75.94      0
  1073741824     268435456     float     sum      -1    29169   36.81   71.32      0    29267   36.69   71.08      0
  2147483648     536870912     float     sum      -1    60609   35.43   68.65      0    60166   35.69   69.15      0
  4294967296    1073741824     float     sum      -1   118580   36.22   70.18      0   117283   36.62   70.95      0
           8             2     float     sum      -1    40.63    0.00    0.00      0    38.39    0.00    0.00      0
          16             4     float     sum      -1    38.79    0.00    0.00      0    38.50    0.00    0.00      0
          32             8     float     sum      -1    39.09    0.00    0.00      0    38.13    0.00    0.00      0
          64            16     float     sum      -1    42.87    0.00    0.00      0    43.23    0.00    0.00      0
         128            32     float     sum      -1    44.15    0.00    0.01      0    43.22    0.00    0.01      0
         256            64     float     sum      -1    44.57    0.01    0.01      0    43.55    0.01    0.01      0
         512           128     float     sum      -1    45.69    0.01    0.02      0    45.44    0.01    0.02      0
        1024           256     float     sum      -1    51.36    0.02    0.04      0    50.19    0.02    0.04      0
        2048           512     float     sum      -1    55.56    0.04    0.07      0    54.43    0.04    0.07      0
        4096          1024     float     sum      -1    86.55    0.05    0.09      0    83.19    0.05    0.10      0
        8192          2048     float     sum      -1    85.10    0.10    0.19      0    84.05    0.10    0.19      0
       16384          4096     float     sum      -1    87.38    0.19    0.36      0    85.21    0.19    0.37      0
       32768          8192     float     sum      -1    94.31    0.35    0.67      0    92.63    0.35    0.69      0
       65536         16384     float     sum      -1    103.3    0.63    1.23      0    101.7    0.64    1.25      0
      131072         32768     float     sum      -1    117.8    1.11    2.16      0    113.9    1.15    2.23      0
      262144         65536     float     sum      -1    284.4    0.92    1.79      0    282.1    0.93    1.80      0
      524288        131072     float     sum      -1    301.8    1.74    3.37      0    309.8    1.69    3.28      0
     1048576        262144     float     sum      -1    239.0    4.39    8.50      0    242.5    4.32    8.38      0
     2097152        524288     float     sum      -1    316.3    6.63   12.85      0    322.7    6.50   12.59      0
     4194304       1048576     float     sum      -1    494.6    8.48   16.43      0    500.3    8.38   16.24      0
     8388608       2097152     float     sum      -1    828.2   10.13   19.62      0    844.3    9.94   19.25      0
    16777216       4194304     float     sum      -1   2195.7    7.64   14.80      0   2148.7    7.81   15.13      0
    33554432       8388608     float     sum      -1   2786.7   12.04   23.33      0   2776.5   12.09   23.42      0
    67108864      16777216     float     sum      -1   2868.5   23.39   45.33      0   2855.4   23.50   45.54      0
   134217728      33554432     float     sum      -1   3170.6   42.33   82.02      0   3167.0   42.38   82.11      0
   268435456      67108864     float     sum      -1   6608.6   40.62   78.70      0   6667.5   40.26   78.00      0
   536870912     134217728     float     sum      -1    13578   39.54   76.61      0    13644   39.35   76.24      0
  1073741824     268435456     float     sum      -1    29278   36.67   71.06      0    29292   36.66   71.02      0
  2147483648     536870912     float     sum      -1    60841   35.30   68.39      0    59085   36.35   70.42      0
  4294967296    1073741824     float     sum      -1   117748   36.48   70.67      0   116459   36.88   71.45      0
           8             2     float     sum      -1    40.32    0.00    0.00      0    38.98    0.00    0.00      0
          16             4     float     sum      -1    38.48    0.00    0.00      0    38.11    0.00    0.00      0
          32             8     float     sum      -1    39.02    0.00    0.00      0    39.45    0.00    0.00      0
          64            16     float     sum      -1    42.66    0.00    0.00      0    42.84    0.00    0.00      0
         128            32     float     sum      -1    44.05    0.00    0.01      0    43.30    0.00    0.01      0
         256            64     float     sum      -1    43.81    0.01    0.01      0    43.08    0.01    0.01      0
         512           128     float     sum      -1    45.76    0.01    0.02      0    45.25    0.01    0.02      0
        1024           256     float     sum      -1    50.69    0.02    0.04      0    50.66    0.02    0.04      0
        2048           512     float     sum      -1    55.35    0.04    0.07      0    54.95    0.04    0.07      0
        4096          1024     float     sum      -1    84.72    0.05    0.09      0    83.34    0.05    0.10      0
        8192          2048     float     sum      -1    84.95    0.10    0.19      0    84.14    0.10    0.19      0
       16384          4096     float     sum      -1    87.33    0.19    0.36      0    85.42    0.19    0.37      0
       32768          8192     float     sum      -1    94.09    0.35    0.67      0    92.21    0.36    0.69      0
       65536         16384     float     sum      -1    103.6    0.63    1.23      0    101.4    0.65    1.25      0
      131072         32768     float     sum      -1    118.5    1.11    2.14      0    114.2    1.15    2.22      0
      262144         65536     float     sum      -1    291.2    0.90    1.74      0    303.6    0.86    1.67      0
      524288        131072     float     sum      -1    310.6    1.69    3.27      0    301.8    1.74    3.37      0
     1048576        262144     float     sum      -1    239.2    4.38    8.49      0    242.7    4.32    8.37      0
     2097152        524288     float     sum      -1    318.0    6.59   12.78      0    323.4    6.49   12.57      0
     4194304       1048576     float     sum      -1    494.4    8.48   16.44      0    507.0    8.27   16.03      0
     8388608       2097152     float     sum      -1    825.2   10.17   19.69      0    860.6    9.75   18.89      0
    16777216       4194304     float     sum      -1   2192.5    7.65   14.83      0   2153.4    7.79   15.10      0
    33554432       8388608     float     sum      -1   2783.5   12.05   23.36      0   2787.3   12.04   23.32      0
    67108864      16777216     float     sum      -1   2873.6   23.35   45.25      0   2853.8   23.52   45.56      0
   134217728      33554432     float     sum      -1   3167.7   42.37   82.09      0   3171.2   42.32   82.00      0
   268435456      67108864     float     sum      -1   6609.1   40.62   78.69      0   6650.0   40.37   78.21      0
   536870912     134217728     float     sum      -1    13603   39.47   76.47      0    13724   39.12   75.79      0
  1073741824     268435456     float     sum      -1    29019   37.00   71.69      0    29302   36.64   71.00      0
  2147483648     536870912     float     sum      -1    59333   36.19   70.13      0    60141   35.71   69.18      0
  4294967296    1073741824     float     sum      -1   117881   36.43   70.59      0   118100   36.37   70.46      0
           8             2     float     sum      -1    39.95    0.00    0.00      0    39.03    0.00    0.00      0
          16             4     float     sum      -1    38.60    0.00    0.00      0    38.52    0.00    0.00      0
          32             8     float     sum      -1    38.43    0.00    0.00      0    38.53    0.00    0.00      0
          64            16     float     sum      -1    42.78    0.00    0.00      0    42.89    0.00    0.00      0
         128            32     float     sum      -1    43.41    0.00    0.01      0    43.25    0.00    0.01      0
         256            64     float     sum      -1    44.06    0.01    0.01      0    43.50    0.01    0.01      0
         512           128     float     sum      -1    45.68    0.01    0.02      0    45.46    0.01    0.02      0
        1024           256     float     sum      -1    51.17    0.02    0.04      0    50.37    0.02    0.04      0
        2048           512     float     sum      -1    55.02    0.04    0.07      0    54.65    0.04    0.07      0
        4096          1024     float     sum      -1    84.92    0.05    0.09      0    84.21    0.05    0.09      0
        8192          2048     float     sum      -1    85.25    0.10    0.19      0    83.62    0.10    0.19      0
       16384          4096     float     sum      -1    87.45    0.19    0.36      0    85.22    0.19    0.37      0
       32768          8192     float     sum      -1    92.98    0.35    0.68      0    92.82    0.35    0.68      0
       65536         16384     float     sum      -1    103.6    0.63    1.23      0    101.1    0.65    1.26      0
      131072         32768     float     sum      -1    116.6    1.12    2.18      0    115.1    1.14    2.21      0
      262144         65536     float     sum      -1    290.4    0.90    1.75      0    291.3    0.90    1.74      0
      524288        131072     float     sum      -1    304.8    1.72    3.33      0    307.6    1.70    3.30      0
     1048576        262144     float     sum      -1    239.5    4.38    8.48      0    241.9    4.34    8.40      0
     2097152        524288     float     sum      -1    317.2    6.61   12.81      0    321.5    6.52   12.64      0
     4194304       1048576     float     sum      -1    494.7    8.48   16.43      0    501.0    8.37   16.22      0
     8388608       2097152     float     sum      -1    823.1   10.19   19.74      0    858.6    9.77   18.93      0
    16777216       4194304     float     sum      -1   2192.0    7.65   14.83      0   2152.4    7.79   15.10      0
    33554432       8388608     float     sum      -1   2793.6   12.01   23.27      0   2779.2   12.07   23.39      0
    67108864      16777216     float     sum      -1   2862.0   23.45   45.43      0   2870.0   23.38   45.30      0
   134217728      33554432     float     sum      -1   3163.2   42.43   82.21      0   3168.7   42.36   82.07      0
   268435456      67108864     float     sum      -1   6600.8   40.67   78.79      0   6684.7   40.16   77.80      0
   536870912     134217728     float     sum      -1    13582   39.53   76.58      0    13693   39.21   75.96      0
  1073741824     268435456     float     sum      -1    28806   37.27   72.22      0    28647   37.48   72.62      0
  2147483648     536870912     float     sum      -1    59401   36.15   70.05      0    58893   36.46   70.65      0
  4294967296    1073741824     float     sum      -1   117705   36.49   70.70      0   117871   36.44   70.60      0
           8             2     float     sum      -1    39.81    0.00    0.00      0    39.37    0.00    0.00      0
          16             4     float     sum      -1    38.46    0.00    0.00      0    38.18    0.00    0.00      0
          32             8     float     sum      -1    39.09    0.00    0.00      0    39.23    0.00    0.00      0
          64            16     float     sum      -1    42.44    0.00    0.00      0    42.82    0.00    0.00      0
         128            32     float     sum      -1    44.06    0.00    0.01      0    42.78    0.00    0.01      0
         256            64     float     sum      -1    44.15    0.01    0.01      0    43.45    0.01    0.01      0
         512           128     float     sum      -1    45.39    0.01    0.02      0    44.93    0.01    0.02      0
        1024           256     float     sum      -1    50.94    0.02    0.04      0    50.18    0.02    0.04      0
        2048           512     float     sum      -1    55.36    0.04    0.07      0    54.96    0.04    0.07      0
        4096          1024     float     sum      -1    84.86    0.05    0.09      0    83.76    0.05    0.09      0
        8192          2048     float     sum      -1    85.86    0.10    0.18      0    84.77    0.10    0.19      0
       16384          4096     float     sum      -1    86.94    0.19    0.37      0    84.82    0.19    0.37      0
       32768          8192     float     sum      -1    93.87    0.35    0.68      0    92.33    0.35    0.69      0
       65536         16384     float     sum      -1    103.4    0.63    1.23      0    102.0    0.64    1.24      0
      131072         32768     float     sum      -1    116.1    1.13    2.19      0    115.0    1.14    2.21      0
      262144         65536     float     sum      -1    288.3    0.91    1.76      0    288.2    0.91    1.76      0
      524288        131072     float     sum      -1    305.9    1.71    3.32      0    303.5    1.73    3.35      0
     1048576        262144     float     sum      -1    238.9    4.39    8.50      0    242.1    4.33    8.39      0
     2097152        524288     float     sum      -1    316.6    6.62   12.83      0    321.0    6.53   12.66      0
     4194304       1048576     float     sum      -1    523.5    8.01   15.52      0    501.6    8.36   16.20      0
     8388608       2097152     float     sum      -1    826.7   10.15   19.66      0    861.7    9.73   18.86      0
    16777216       4194304     float     sum      -1   2187.2    7.67   14.86      0   2154.9    7.79   15.08      0
    33554432       8388608     float     sum      -1   2792.4   12.02   23.28      0   2784.2   12.05   23.35      0
    67108864      16777216     float     sum      -1   2866.3   23.41   45.36      0   2862.1   23.45   45.43      0
   134217728      33554432     float     sum      -1   3166.0   42.39   82.14      0   3171.5   42.32   81.99      0
   268435456      67108864     float     sum      -1   6592.2   40.72   78.90      0   6675.5   40.21   77.91      0
   536870912     134217728     float     sum      -1    13596   39.49   76.51      0    13861   38.73   75.04      0
  1073741824     268435456     float     sum      -1    28893   37.16   72.00      0    28594   37.55   72.76      0
  2147483648     536870912     float     sum      -1    59559   36.06   69.86      0    59758   35.94   69.63      0
  4294967296    1073741824     float     sum      -1   119369   35.98   69.71      0   118762   36.16   70.07      0
           8             2     float     sum      -1    39.69    0.00    0.00      0    38.81    0.00    0.00      0
          16             4     float     sum      -1    39.04    0.00    0.00      0    38.27    0.00    0.00      0
          32             8     float     sum      -1    38.57    0.00    0.00      0    39.17    0.00    0.00      0
          64            16     float     sum      -1    43.58    0.00    0.00      0    42.93    0.00    0.00      0
         128            32     float     sum      -1    43.36    0.00    0.01      0    42.58    0.00    0.01      0
         256            64     float     sum      -1    44.04    0.01    0.01      0    43.69    0.01    0.01      0
         512           128     float     sum      -1    45.50    0.01    0.02      0    45.24    0.01    0.02      0
        1024           256     float     sum      -1    51.03    0.02    0.04      0    50.52    0.02    0.04      0
        2048           512     float     sum      -1    54.65    0.04    0.07      0    54.17    0.04    0.07      0
        4096          1024     float     sum      -1    85.26    0.05    0.09      0    84.62    0.05    0.09      0
        8192          2048     float     sum      -1    85.07    0.10    0.19      0    85.01    0.10    0.19      0
       16384          4096     float     sum      -1    86.40    0.19    0.37      0    85.04    0.19    0.37      0
       32768          8192     float     sum      -1    93.71    0.35    0.68      0    92.21    0.36    0.69      0
       65536         16384     float     sum      -1    102.4    0.64    1.24      0    101.3    0.65    1.25      0
      131072         32768     float     sum      -1    116.0    1.13    2.19      0    114.4    1.15    2.22      0
      262144         65536     float     sum      -1    292.4    0.90    1.74      0    288.7    0.91    1.76      0
      524288        131072     float     sum      -1    307.2    1.71    3.31      0    308.1    1.70    3.30      0
     1048576        262144     float     sum      -1    240.0    4.37    8.47      0    242.0    4.33    8.39      0
     2097152        524288     float     sum      -1    315.6    6.65   12.88      0    321.6    6.52   12.63      0
     4194304       1048576     float     sum      -1    493.0    8.51   16.48      0    499.6    8.39   16.26      0
     8388608       2097152     float     sum      -1    825.9   10.16   19.68      0    845.3    9.92   19.23      0
    16777216       4194304     float     sum      -1   2192.9    7.65   14.82      0   2147.3    7.81   15.14      0
    33554432       8388608     float     sum      -1   2772.5   12.10   23.45      0   2775.8   12.09   23.42      0
    67108864      16777216     float     sum      -1   2861.2   23.45   45.44      0   2854.3   23.51   45.55      0
   134217728      33554432     float     sum      -1   3164.8   42.41   82.17      0   3169.4   42.35   82.05      0
   268435456      67108864     float     sum      -1   6647.6   40.38   78.24      0   6691.9   40.11   77.72      0
   536870912     134217728     float     sum      -1    13709   39.16   75.88      0    13717   39.14   75.83      0
  1073741824     268435456     float     sum      -1    28742   37.36   72.38      0    29092   36.91   71.51      0
  2147483648     536870912     float     sum      -1    59939   35.83   69.42      0    60633   35.42   68.62      0
  4294967296    1073741824     float     sum      -1   116201   36.96   71.61      0   118703   36.18   70.10      0
           8             2     float     sum      -1    40.28    0.00    0.00      0    38.24    0.00    0.00      0
          16             4     float     sum      -1    38.52    0.00    0.00      0    39.16    0.00    0.00      0
          32             8     float     sum      -1    38.47    0.00    0.00      0    38.86    0.00    0.00      0
          64            16     float     sum      -1    43.28    0.00    0.00      0    43.63    0.00    0.00      0
         128            32     float     sum      -1    43.49    0.00    0.01      0    43.27    0.00    0.01      0
         256            64     float     sum      -1    44.26    0.01    0.01      0    43.68    0.01    0.01      0
         512           128     float     sum      -1    46.08    0.01    0.02      0    45.03    0.01    0.02      0
        1024           256     float     sum      -1    51.36    0.02    0.04      0    50.16    0.02    0.04      0
        2048           512     float     sum      -1    54.91    0.04    0.07      0    54.94    0.04    0.07      0
        4096          1024     float     sum      -1    85.08    0.05    0.09      0    84.08    0.05    0.09      0
        8192          2048     float     sum      -1    85.10    0.10    0.19      0    85.11    0.10    0.19      0
       16384          4096     float     sum      -1    87.40    0.19    0.36      0    85.41    0.19    0.37      0
       32768          8192     float     sum      -1    92.89    0.35    0.68      0    92.03    0.36    0.69      0
       65536         16384     float     sum      -1    103.6    0.63    1.23      0    102.1    0.64    1.24      0
      131072         32768     float     sum      -1    129.5    1.01    1.96      0    114.4    1.15    2.22      0
      262144         65536     float     sum      -1    290.2    0.90    1.75      0    288.3    0.91    1.76      0
      524288        131072     float     sum      -1    309.2    1.70    3.28      0    304.7    1.72    3.33      0
     1048576        262144     float     sum      -1    238.5    4.40    8.52      0    243.0    4.31    8.36      0
     2097152        524288     float     sum      -1    317.1    6.61   12.81      0    320.9    6.54   12.66      0
     4194304       1048576     float     sum      -1    492.5    8.52   16.50      0    505.2    8.30   16.09      0
     8388608       2097152     float     sum      -1    824.8   10.17   19.71      0    870.9    9.63   18.66      0
    16777216       4194304     float     sum      -1   2191.0    7.66   14.84      0   2152.9    7.79   15.10      0
    33554432       8388608     float     sum      -1   2788.4   12.03   23.31      0   2780.9   12.07   23.38      0
    67108864      16777216     float     sum      -1   2857.3   23.49   45.51      0   2860.8   23.46   45.45      0
   134217728      33554432     float     sum      -1   3166.3   42.39   82.13      0   3169.0   42.35   82.06      0
   268435456      67108864     float     sum      -1   6597.8   40.69   78.83      0   6653.4   40.35   78.17      0
   536870912     134217728     float     sum      -1    13545   39.63   76.79      0    13660   39.30   76.15      0
  1073741824     268435456     float     sum      -1    28462   37.73   73.09      0    28770   37.32   72.31      0
  2147483648     536870912     float     sum      -1    60923   35.25   68.29      0    59749   35.94   69.64      0
  4294967296    1073741824     float     sum      -1   118921   36.12   69.97      0   119243   36.02   69.79      0
           8             2     float     sum      -1    39.47    0.00    0.00      0    38.54    0.00    0.00      0
          16             4     float     sum      -1    38.44    0.00    0.00      0    41.29    0.00    0.00      0
          32             8     float     sum      -1    39.16    0.00    0.00      0    38.57    0.00    0.00      0
          64            16     float     sum      -1    42.97    0.00    0.00      0    42.71    0.00    0.00      0
         128            32     float     sum      -1    43.70    0.00    0.01      0    43.14    0.00    0.01      0
         256            64     float     sum      -1    44.18    0.01    0.01      0    43.37    0.01    0.01      0
         512           128     float     sum      -1    45.37    0.01    0.02      0    45.14    0.01    0.02      0
        1024           256     float     sum      -1    50.82    0.02    0.04      0    50.44    0.02    0.04      0
        2048           512     float     sum      -1    55.49    0.04    0.07      0    54.95    0.04    0.07      0
        4096          1024     float     sum      -1    85.01    0.05    0.09      0    83.21    0.05    0.10      0
        8192          2048     float     sum      -1    85.61    0.10    0.19      0    84.68    0.10    0.19      0
       16384          4096     float     sum      -1    87.22    0.19    0.36      0    86.52    0.19    0.37      0
       32768          8192     float     sum      -1    93.68    0.35    0.68      0    92.49    0.35    0.69      0
       65536         16384     float     sum      -1    104.0    0.63    1.22      0    101.8    0.64    1.25      0
      131072         32768     float     sum      -1    117.3    1.12    2.17      0    114.2    1.15    2.22      0
      262144         65536     float     sum      -1    289.7    0.90    1.75      0    285.5    0.92    1.78      0
      524288        131072     float     sum      -1    313.5    1.67    3.24      0    302.1    1.74    3.36      0
     1048576        262144     float     sum      -1    238.3    4.40    8.53      0    244.1    4.30    8.32      0
     2097152        524288     float     sum      -1    316.6    6.62   12.83      0    322.1    6.51   12.61      0
     4194304       1048576     float     sum      -1    488.9    8.58   16.62      0    499.9    8.39   16.26      0
     8388608       2097152     float     sum      -1    832.5   10.08   19.52      0    843.7    9.94   19.26      0
    16777216       4194304     float     sum      -1   2191.1    7.66   14.84      0   2154.4    7.79   15.09      0
    33554432       8388608     float     sum      -1   2780.4   12.07   23.38      0   2768.6   12.12   23.48      0
    67108864      16777216     float     sum      -1   2857.1   23.49   45.51      0   2847.8   23.56   45.66      0
   134217728      33554432     float     sum      -1   3164.6   42.41   82.17      0   3166.6   42.39   82.12      0
   268435456      67108864     float     sum      -1   6611.2   40.60   78.67      0   6658.7   40.31   78.11      0
   536870912     134217728     float     sum      -1    13683   39.24   76.02      0    13703   39.18   75.91      0
  1073741824     268435456     float     sum      -1    28712   37.40   72.46      0    28976   37.06   71.80      0
  2147483648     536870912     float     sum      -1    59659   36.00   69.74      0    60010   35.79   69.33      0
  4294967296    1073741824     float     sum      -1   119716   35.88   69.51      0   118662   36.20   70.13      0
