        size         count      type   redop    root     time   algbw   busbw #wrong     time   algbw   busbw #wrong
         (B)    (elements)                               (us)  (GB/s)  (GB/s)            (us)  (GB/s)  (GB/s)       
           8             2     float     sum      -1     8.97    0.00    0.00      0     8.43    0.00    0.00      0
          16             4     float     sum      -1     8.41    0.00    0.00      0     8.31    0.00    0.00      0
          32             8     float     sum      -1     8.80    0.00    0.01      0     8.77    0.00    0.01      0
          64            16     float     sum      -1     9.37    0.01    0.01      0     9.21    0.01    0.01      0
         128            32     float     sum      -1     9.46    0.01    0.02      0     9.21    0.01    0.02      0
         256            64     float     sum      -1     9.81    0.03    0.04      0     9.27    0.03    0.04      0
         512           128     float     sum      -1     9.76    0.05    0.08      0     9.42    0.05    0.08      0
        1024           256     float     sum      -1     9.84    0.10    0.16      0     9.40    0.11    0.16      0
        2048           512     float     sum      -1     9.79    0.21    0.31      0     9.54    0.21    0.32      0
        4096          1024     float     sum      -1     9.90    0.41    0.62      0     9.70    0.42    0.63      0
        8192          2048     float     sum      -1    10.27    0.80    1.20      0     9.93    0.82    1.24      0
       16384          4096     float     sum      -1    11.04    1.48    2.23      0    10.56    1.55    2.33      0
       32768          8192     float     sum      -1    11.22    2.92    4.38      0    10.76    3.04    4.57      0
       65536         16384     float     sum      -1    11.50    5.70    8.55      0    11.09    5.91    8.87      0
      131072         32768     float     sum      -1    12.61   10.39   15.59      0    11.28   11.62   17.43      0
      262144         65536     float     sum      -1    11.98   21.89   32.83      0    11.52   22.76   34.14      0
      524288        131072     float     sum      -1    15.06   34.80   52.21      0    14.07   37.25   55.88      0
     1048576        262144     float     sum      -1    18.90   55.47   83.20      0    18.75   55.91   83.87      0
     2097152        524288     float     sum      -1    30.07   69.73  104.60      0    30.06   69.76  104.64      0
     4194304       1048576     float     sum      -1    42.79   98.02  147.03      0    42.39   98.94  148.41      0
     8388608       2097152     float     sum      -1    61.53  136.34  204.51      0    60.86  137.84  206.76      0
    16777216       4194304     float     sum      -1    105.9  158.44  237.66      0    101.0  166.13  249.19      0
    33554432       8388608     float     sum      -1    187.7  178.77  268.15      0    184.1  182.31  273.46      0
    67108864      16777216     float     sum      -1    358.5  187.21  280.81      0    342.0  196.23  294.34      0
   134217728      33554432     float     sum      -1    675.6  198.65  297.98      0    656.3  204.50  306.75      0
   268435456      67108864     float     sum      -1   1331.2  201.65  302.48      0   1271.7  211.09  316.64      0
   536870912     134217728     float     sum      -1   2636.2  203.65  305.48      0   2522.7  212.81  319.22      0
  1073741824     268435456     float     sum      -1   5315.9  201.99  302.98      0   4987.3  215.29  322.94      0
  2147483648     536870912     float     sum      -1    10379  206.91  310.36      0    10048  213.72  320.58      0
  4294967296    1073741824     float     sum      -1    20721  207.28  310.91      0    19940  215.39  323.09      0
           8             2     float     sum      -1     8.36    0.00    0.00      0     8.43    0.00    0.00      0
          16             4     float     sum      -1     8.40    0.00    0.00      0     8.29    0.00    0.00      0
          32             8     float     sum      -1     8.72    0.00    0.01      0     8.78    0.00    0.01      0
          64            16     float     sum      -1     9.51    0.01    0.01      0     9.22    0.01    0.01      0
         128            32     float     sum      -1     9.43    0.01    0.02      0     9.28    0.01    0.02      0
         256            64     float     sum      -1     9.74    0.03    0.04      0     9.27    0.03    0.04      0
         512           128     float     sum      -1     9.80    0.05    0.08      0     9.46    0.05    0.08      0
        1024           256     float     sum      -1     9.91    0.10    0.15      0     9.50    0.11    0.16      0
        2048           512     float     sum      -1     9.79    0.21    0.31      0     9.53    0.21    0.32      0
        4096          1024     float     sum      -1    10.02    0.41    0.61      0     9.65    0.42    0.64      0
        8192          2048     float     sum      -1    10.34    0.79    1.19      0    10.00    0.82    1.23      0
       16384          4096     float     sum      -1    11.04    1.48    2.23      0    10.61    1.54    2.32      0
       32768          8192     float     sum      -1    11.44    2.86    4.30      0    10.77    3.04    4.57      0
       65536         16384     float     sum      -1    11.43    5.73    8.60      0    11.01    5.95    8.93      0
      131072         32768     float     sum      -1    11.72   11.18   16.77      0    11.37   11.53   17.29      0
      262144         65536     float     sum      -1    11.92   22.00   33.00      0    11.45   22.89   34.34      0
      524288        131072     float     sum      -1    14.95   35.07   52.61      0    14.06   37.30   55.94      0
     1048576        262144     float     sum      -1    18.83   55.70   83.55      0    18.63   56.28   84.41      0
     2097152        524288     float     sum      -1    30.05   69.80  104.70      0    30.04   69.82  104.73      0
     4194304       1048576     float     sum      -1    42.84   97.92  146.88      0    42.38   98.96  148.44      0
     8388608       2097152     float     sum      -1    61.95  135.40  203.10      0    60.94  137.65  206.47      0
    16777216       4194304     float     sum      -1    105.7  158.72  238.08      0    101.3  165.60  248.39      0
    33554432       8388608     float     sum      -1    188.1  178.39  267.58      0    181.6  184.75  277.12      0
    67108864      16777216     float     sum      -1    358.7  187.10  280.65      0    343.1  195.61  293.42      0
   134217728      33554432     float     sum      -1    673.0  199.42  299.14      0    659.0  203.67  305.50      0
   268435456      67108864     float     sum      -1   1330.5  201.76  302.64      0   1292.7  207.65  311.48      0
   536870912     134217728     float     sum      -1   2654.6  202.24  303.36      0   2506.7  214.17  321.26      0
  1073741824     268435456     float     sum      -1   5313.5  202.08  303.12      0   5053.2  212.49  318.73      0
  2147483648     536870912     float     sum      -1    10599  202.62  303.93      0    10073  213.20  319.80      0
  4294967296    1073741824     float     sum      -1    21159  202.98  304.47      0    20051  214.20  321.30      0
           8             2     float     sum      -1     8.38    0.00    0.00      0     8.34    0.00    0.00      0
          16             4     float     sum      -1     8.35    0.00    0.00      0     8.28    0.00    0.00      0
          32             8     float     sum      -1     8.75    0.00    0.01      0     8.80    0.00    0.01      0
          64            16     float     sum      -1     9.30    0.01    0.01      0     9.24    0.01    0.01      0
         128            32     float     sum      -1     9.35    0.01    0.02      0     9.31    0.01    0.02      0
         256            64     float     sum      -1     9.71    0.03    0.04      0     9.27    0.03    0.04      0
         512           128     float     sum      -1     9.72    0.05    0.08      0     9.37    0.05    0.08      0
        1024           256     float     sum      -1     9.79    0.10    0.16      0     9.42    0.11    0.16      0
        2048           512     float     sum      -1     9.84    0.21    0.31      0     9.61    0.21    0.32      0
        4096          1024     float     sum      -1    10.04    0.41    0.61      0     9.61    0.43    0.64      0
        8192          2048     float     sum      -1    10.30    0.80    1.19      0     9.90    0.83    1.24      0
       16384          4096     float     sum      -1    11.06    1.48    2.22      0    10.64    1.54    2.31      0
       32768          8192     float     sum      -1    11.19    2.93    4.39      0    10.76    3.05    4.57      0
       65536         16384     float     sum      -1    11.49    5.71    8.56      0    11.00    5.96    8.93      0
      131072         32768     float     sum      -1    11.67   11.23   16.85      0    11.39   11.50   17.26      0
      262144         65536     float     sum      -1    11.92   21.99   32.99      0    11.57   22.65   33.98      0
      524288        131072     float     sum      -1    15.00   34.96   52.44      0    14.10   37.19   55.78      0
     1048576        262144     float     sum      -1    18.83   55.67   83.51      0    19.48   53.84   80.76      0
     2097152        524288     float     sum      -1    30.09   69.69  104.54      0    30.13   69.61  104.41      0
     4194304       1048576     float     sum      -1    42.86   97.87  146.81      0    42.59   98.48  147.72      0
     8388608       2097152     float     sum      -1    61.64  136.09  204.14      0    60.83  137.90  206.84      0
    16777216       4194304     float     sum      -1    106.5  157.49  236.24      0    100.8  166.45  249.67      0
    33554432       8388608     float     sum      -1    186.5  179.91  269.87      0    183.2  183.20  274.80      0
    67108864      16777216     float     sum      -1    349.8  191.84  287.75      0    345.0  194.53  291.79      0
   134217728      33554432     float     sum      -1    693.4  193.56  290.34      0    656.0  204.59  306.89      0
   268435456      67108864     float     sum      -1   1370.9  195.81  293.72      0   1267.4  211.80  317.69      0
   536870912     134217728     float     sum      -1   2637.6  203.54  305.32      0   2536.6  211.65  317.47      0
  1073741824     268435456     float     sum      -1   5322.3  201.74  302.61      0   5025.3  213.67  320.50      0
  2147483648     536870912     float     sum      -1    10569  203.19  304.78      0    10100  212.63  318.94      0
  4294967296    1073741824     float     sum      -1    21136  203.21  304.81      0    20048  214.24  321.36      0
           8             2     float     sum      -1     8.38    0.00    0.00      0     8.33    0.00    0.00      0
          16             4     float     sum      -1     8.39    0.00    0.00      0     8.37    0.00    0.00      0
          32             8     float     sum      -1     8.81    0.00    0.01      0     8.78    0.00    0.01      0
          64            16     float     sum      -1     9.36    0.01    0.01      0     9.20    0.01    0.01      0
         128            32     float     sum      -1     9.39    0.01    0.02      0     9.26    0.01    0.02      0
         256            64     float     sum      -1     9.76    0.03    0.04      0     9.31    0.03    0.04      0
         512           128     float     sum      -1     9.85    0.05    0.08      0     9.36    0.05    0.08      0
        1024           256     float     sum      -1     9.84    0.10    0.16      0     9.39    0.11    0.16      0
        2048           512     float     sum      -1     9.88    0.21    0.31      0     9.55    0.21    0.32      0
        4096          1024     float     sum      -1    10.06    0.41    0.61      0     9.59    0.43    0.64      0
        8192          2048     float     sum      -1    10.25    0.80    1.20      0     9.99    0.82    1.23      0
       16384          4096     float     sum      -1    11.05    1.48    2.22      0    10.55    1.55    2.33      0
       32768          8192     float     sum      -1    11.19    2.93    4.39      0    10.76    3.05    4.57      0
       65536         16384     float     sum      -1    11.47    5.71    8.57      0    11.00    5.96    8.93      0
      131072         32768     float     sum      -1    11.76   11.15   16.72      0    11.36   11.53   17.30      0
      262144         65536     float     sum      -1    11.89   22.04   33.06      0    11.53   22.73   34.09      0
      524288        131072     float     sum      -1    14.99   34.97   52.45      0    14.05   37.32   55.98      0
     1048576        262144     float     sum      -1    18.91   55.46   83.19      0    18.70   56.06   84.09      0
     2097152        524288     float     sum      -1    30.02   69.86  104.80      0    30.06   69.76  104.64      0
     4194304       1048576     float     sum      -1    42.81   97.98  146.97      0    42.47   98.76  148.14      0
     8388608       2097152     float     sum      -1    61.36  136.70  205.06      0    60.75  138.07  207.11      0
    16777216       4194304     float     sum      -1    105.4  159.18  238.77      0    101.9  164.64  246.96      0
    33554432       8388608     float     sum      -1    188.6  177.93  266.89      0    181.6  184.81  277.21      0
    67108864      16777216     float     sum      -1    345.1  194.49  291.73      0    340.8  196.92  295.38      0
   134217728      33554432     float     sum      -1    694.9  193.14  289.72      0    651.9  205.87  308.81      0
   268435456      67108864     float     sum      -1   1368.2  196.20  294.30      0   1288.4  208.35  312.52      0
   536870912     134217728     float     sum      -1   2671.5  200.96  301.44      0   2527.2  212.44  318.65      0
  1073741824     268435456     float     sum      -1   5310.9  202.18  303.26      0   5043.9  212.88  319.32      0
  2147483648     536870912     float     sum      -1    10386  206.77  310.16      0    10080  213.04  319.56      0
  4294967296    1073741824     float     sum      -1    21160  202.97  304.46      0    20069  214.01  321.01      0
           8             2     float     sum      -1     8.30    0.00    0.00      0     8.33    0.00    0.00      0
          16             4     float     sum      -1     8.41    0.00    0.00      0     8.28    0.00    0.00      0
          32             8     float     sum      -1     8.67    0.00    0.01      0     8.73    0.00    0.01      0
          64            16     float     sum      -1     9.28    0.01    0.01      0     9.25    0.01    0.01      0
         128            32     float     sum      -1     9.47    0.01    0.02      0     9.26    0.01    0.02      0
         256            64     float     sum      -1     9.78    0.03    0.04      0     9.31    0.03    0.04      0
         512           128     float     sum      -1     9.75    0.05    0.08      0     9.38    0.05    0.08      0
        1024           256     float     sum      -1     9.76    0.10    0.16      0     9.42    0.11    0.16      0
        2048           512     float     sum      -1     9.85    0.21    0.31      0     9.56    0.21    0.32      0
        4096          1024     float     sum      -1    10.07    0.41    0.61      0     9.60    0.43    0.64      0
        8192          2048     float     sum      -1    10.29    0.80    1.19      0     9.97    0.82    1.23      0
       16384          4096     float     sum      -1    11.05    1.48    2.22      0    10.64    1.54    2.31      0
       32768          8192     float     sum      -1    11.23    2.92    4.38      0    10.81    3.03    4.55      0
       65536         16384     float     sum      -1    11.49    5.71    8.56      0    11.01    5.95    8.92      0
      131072         32768     float     sum      -1    11.78   11.12   16.69      0    11.31   11.59   17.39      0
      262144         65536     float     sum      -1    11.86   22.11   33.16      0    11.42   22.95   34.43      0
      524288        131072     float     sum      -1    15.01   34.93   52.39      0    14.10   37.19   55.78      0
     1048576        262144     float     sum      -1    18.78   55.82   83.73      0    18.69   56.10   84.15      0
     2097152        524288     float     sum      -1    30.11   69.65  104.47      0    30.04   69.81  104.72      0
     4194304       1048576     float     sum      -1    42.89   97.79  146.69      0    42.34   99.07  148.61      0
     8388608       2097152     float     sum      -1    61.57  136.23  204.35      0    60.75  138.08  207.13      0
    16777216       4194304     float     sum      -1    106.3  157.88  236.82      0    101.1  165.96  248.94      0
    33554432       8388608     float     sum      -1    188.6  177.96  266.94      0    181.8  184.53  276.80      0
    67108864      16777216     float     sum      -1    344.7  194.68  292.03      0    344.1  195.00  292.50      0
   134217728      33554432     float     sum      -1    672.7  199.52  299.28      0    658.0  203.97  305.95      0
   268435456      67108864     float     sum      -1   1324.2  202.71  304.07      0   1268.2  211.66  317.49      0
   536870912     134217728     float     sum      -1   2680.5  200.29  300.43      0   2520.0  213.04  319.57      0
  1073741824     268435456     float     sum      -1   5289.6  202.99  304.49      0   5035.3  213.24  319.87      0
  2147483648     536870912     float     sum      -1    10597  202.65  303.98      0    10094  212.75  319.12      0
  4294967296    1073741824     float     sum      -1    21105  203.50  305.25      0    20095  213.73  320.60      0
           8             2     float     sum      -1     8.37    0.00    0.00      0     8.37    0.00    0.00      0
          16             4     float     sum      -1     8.35    0.00    0.00      0     8.29    0.00    0.00      0
          32             8     float     sum      -1     8.75    0.00    0.01      0     8.78    0.00    0.01      0
          64            16     float     sum      -1     9.36    0.01    0.01      0     9.26    0.01    0.01      0
         128            32     float     sum      -1     9.38    0.01    0.02      0     9.27    0.01    0.02      0
         256            64     float     sum      -1     9.72    0.03    0.04      0     9.27    0.03    0.04      0
         512           128     float     sum      -1     9.74    0.05    0.08      0     9.38    0.05    0.08      0
        1024           256     float     sum      -1    10.15    0.10    0.15      0     9.65    0.11    0.16      0
        2048           512     float     sum      -1     9.84    0.21    0.31      0     9.53    0.21    0.32      0
        4096          1024     float     sum      -1    10.06    0.41    0.61      0     9.59    0.43    0.64      0
        8192          2048     float     sum      -1    10.32    0.79    1.19      0     9.94    0.82    1.24      0
       16384          4096     float     sum      -1    11.05    1.48    2.22      0    10.52    1.56    2.34      0
       32768          8192     float     sum      -1    11.24    2.92    4.37      0    10.79    3.04    4.56      0
       65536         16384     float     sum      -1    11.45    5.73    8.59      0    11.04    5.94    8.91      0
      131072         32768     float     sum      -1    11.76   11.15   16.72      0    11.37   11.53   17.29      0
      262144         65536     float     sum      -1    11.85   22.13   33.20      0    11.47   22.85   34.28      0
      524288        131072     float     sum      -1    14.97   35.03   52.54      0    14.01   37.43   56.14      0
     1048576        262144     float     sum      -1    18.88   55.54   83.31      0    18.57   56.47   84.70      0
     2097152        524288     float     sum      -1    30.06   69.76  104.64      0    30.06   69.76  104.64      0
     4194304       1048576     float     sum      -1    43.02   97.50  146.25      0    42.38   98.98  148.47      0
     8388608       2097152     float     sum      -1    61.45  136.50  204.75      0    60.82  137.93  206.89      0
    16777216       4194304     float     sum      -1    106.6  157.40  236.10      0    101.5  165.25  247.87      0
    33554432       8388608     float     sum      -1    188.4  178.07  267.10      0    181.3  185.03  277.54      0
    67108864      16777216     float     sum      -1    359.0  186.96  280.44      0    339.3  197.77  296.65      0
   134217728      33554432     float     sum      -1    700.6  191.58  287.37      0    656.5  204.44  306.66      0
   268435456      67108864     float     sum      -1   1327.3  202.24  303.36      0   1293.8  207.48  311.22      0
   536870912     134217728     float     sum      -1   2682.4  200.14  300.22      0   2527.0  212.45  318.68      0
  1073741824     268435456     float     sum      -1   5285.8  203.14  304.71      0   5006.3  214.48  321.72      0
  2147483648     536870912     float     sum      -1    10384  206.80  310.20      0    10094  212.74  319.11      0
  4294967296    1073741824     float     sum      -1    21032  204.21  306.32      0    20144  213.21  319.82      0
           8             2     float     sum      -1     8.32    0.00    0.00      0     8.32    0.00    0.00      0
          16             4     float     sum      -1     8.34    0.00    0.00      0     8.31    0.00    0.00      0
          32             8     float     sum      -1     8.71    0.00    0.01      0     8.68    0.00    0.01      0
          64            16     float     sum      -1     9.41    0.01    0.01      0     9.17    0.01    0.01      0
         128            32     float     sum      -1     9.36    0.01    0.02      0     9.23    0.01    0.02      0
         256            64     float     sum      -1     9.89    0.03    0.04      0     9.25    0.03    0.04      0
         512           128     float     sum      -1     9.78    0.05    0.08      0     9.44    0.05    0.08      0
        1024           256     float     sum      -1     9.81    0.10    0.16      0     9.42    0.11    0.16      0
        2048           512     float     sum      -1     9.88    0.21    0.31      0     9.49    0.22    0.32      0
        4096          1024     float     sum      -1    10.07    0.41    0.61      0     9.62    0.43    0.64      0
        8192          2048     float     sum      -1    10.25    0.80    1.20      0     9.97    0.82    1.23      0
       16384          4096     float     sum      -1    11.03    1.49    2.23      0    10.56    1.55    2.33      0
       32768          8192     float     sum      -1    11.29    2.90    4.35      0    10.83    3.03    4.54      0
       65536         16384     float     sum      -1    11.47    5.71    8.57      0    10.99    5.96    8.95      0
      131072         32768     float     sum      -1    11.82   11.09   16.63      0    11.34   11.56   17.34      0
      262144         65536     float     sum      -1    11.86   22.10   33.15      0    11.51   22.78   34.16      0
      524288        131072     float     sum      -1    15.02   34.92   52.37      0    14.00   37.44   56.15      0
     1048576        262144     float     sum      -1    18.82   55.71   83.57      0    18.69   56.10   84.15      0
     2097152        524288     float     sum      -1    30.12   69.64  104.45      0    30.03   69.84  104.76      0
     4194304       1048576     float     sum      -1    42.98   97.60  146.39      0    42.36   99.03  148.54      0
     8388608       2097152     float     sum      -1    61.68  136.00  204.00      0    60.87  137.81  206.72      0
    16777216       4194304     float     sum      -1    106.6  157.39  236.09      0    101.2  165.81  248.72      0
    33554432       8388608     float     sum      -1    188.2  178.26  267.39      0    181.8  184.57  276.86      0
    67108864      16777216     float     sum      -1    344.9  194.56  291.83      0    343.4  195.42  293.13      0
   134217728      33554432     float     sum      -1    666.5  201.36  302.05      0    648.6  206.93  310.40      0
   268435456      67108864     float     sum      -1   1366.5  196.44  294.66      0   1281.4  209.49  314.24      0
   536870912     134217728     float     sum      -1   2685.8  199.89  299.84      0   2513.4  213.61  320.41      0
  1073741824     268435456     float     sum      -1   5219.7  205.71  308.57      0   5046.1  212.79  319.18      0
  2147483648     536870912     float     sum      -1    10538  203.79  305.68      0   9984.1  215.09  322.63      0
  4294967296    1073741824     float     sum      -1    20733  207.16  310.74      0    20123  213.44  320.15      0
           8             2     float     sum      -1     8.34    0.00    0.00      0     8.24    0.00    0.00      0
          16             4     float     sum      -1     8.36    0.00    0.00      0     8.27    0.00    0.00      0
          32             8     float     sum      -1     8.69    0.00    0.01      0     8.76    0.00    0.01      0
          64            16     float     sum      -1     9.31    0.01    0.01      0     9.28    0.01    0.01      0
         128            32     float     sum      -1     9.37    0.01    0.02      0     9.27    0.01    0.02      0
         256            64     float     sum      -1     9.79    0.03    0.04      0     9.27    0.03    0.04      0
         512           128     float     sum      -1     9.80    0.05    0.08      0     9.33    0.05    0.08      0
        1024           256     float     sum      -1     9.94    0.10    0.15      0     9.46    0.11    0.16      0
        2048           512     float     sum      -1     9.87    0.21    0.31      0     9.51    0.22    0.32      0
        4096          1024     float     sum      -1    10.17    0.40    0.60      0     9.61    0.43    0.64      0
        8192          2048     float     sum      -1    10.26    0.80    1.20      0     9.89    0.83    1.24      0
       16384          4096     float     sum      -1    11.00    1.49    2.23      0    10.55    1.55    2.33      0
       32768          8192     float     sum      -1    11.19    2.93    4.39      0    10.78    3.04    4.56      0
       65536         16384     float     sum      -1    11.43    5.73    8.60      0    11.06    5.93    8.89      0
      131072         32768     float     sum      -1    11.82   11.09   16.64      0    11.38   11.52   17.28      0
      262144         65536     float     sum      -1    11.87   22.09   33.13      0    11.50   22.79   34.19      0
      524288        131072     float     sum      -1    15.00   34.95   52.43      0    14.04   37.35   56.02      0
     1048576        262144     float     sum      -1    18.84   55.65   83.47      0    18.67   56.16   84.24      0
     2097152        524288     float     sum      -1    30.05   69.79  104.68      0    30.09   69.71  104.56      0
     4194304       1048576     float     sum      -1    42.74   98.13  147.19      0    42.39   98.94  148.41      0
     8388608       2097152     float     sum      -1    61.40  136.62  204.94      0    61.18  137.11  205.66      0
    16777216       4194304     float     sum      -1    105.2  159.55  239.32      0    100.8  166.46  249.68      0
    33554432       8388608     float     sum      -1    186.7  179.68  269.51      0    182.5  183.90  275.84      0
    67108864      16777216     float     sum      -1    351.2  191.07  286.60      0    346.1  193.89  290.84      0
   134217728      33554432     float     sum      -1    668.9  200.64  300.96      0    653.5  205.39  308.09      0
   268435456      67108864     float     sum      -1   1335.5  201.00  301.51      0   1292.9  207.63  311.45      0
   536870912     134217728     float     sum      -1   2643.9  203.06  304.59      0   2517.7  213.24  319.86      0
  1073741824     268435456     float     sum      -1   5284.4  203.19  304.78      0   4989.2  215.21  322.82      0
  2147483648     536870912     float     sum      -1    10534  203.86  305.79      0    10083  212.98  319.47      0
  4294967296    1073741824     float     sum      -1    21114  203.41  305.12      0    20110  213.57  320.36      0
           8             2     float     sum      -1     8.37    0.00    0.00      0     8.34    0.00    0.00      0
          16             4     float     sum      -1     8.35    0.00    0.00      0     8.30    0.00    0.00      0
          32             8     float     sum      -1     8.77    0.00    0.01      0     8.72    0.00    0.01      0
          64            16     float     sum      -1     9.36    0.01    0.01      0     9.26    0.01    0.01      0
         128            32     float     sum      -1     9.37    0.01    0.02      0     9.27    0.01    0.02      0
         256            64     float     sum      -1     9.79    0.03    0.04      0     9.29    0.03    0.04      0
         512           128     float     sum      -1     9.82    0.05    0.08      0     9.41    0.05    0.08      0
        1024           256     float     sum      -1     9.95    0.10    0.15      0     9.39    0.11    0.16      0
        2048           512     float     sum      -1     9.90    0.21    0.31      0     9.48    0.22    0.32      0
        4096          1024     float     sum      -1    10.03    0.41    0.61      0     9.58    0.43    0.64      0
        8192          2048     float     sum      -1    10.26    0.80    1.20      0     9.92    0.83    1.24      0
       16384          4096     float     sum      -1    11.04    1.48    2.23      0    10.66    1.54    2.31      0
       32768          8192     float     sum      -1    11.21    2.92    4.38      0    10.77    3.04    4.56      0
       65536         16384     float     sum      -1    11.50    5.70    8.55      0    11.06    5.93    8.89      0
      131072         32768     float     sum      -1    11.73   11.18   16.77      0    11.35   11.54   17.32      0
      262144         65536     float     sum      -1    11.92   21.99   32.99      0    11.49   22.82   34.22      0
      524288        131072     float     sum      -1    15.07   34.78   52.17      0    14.01   37.42   56.14      0
     1048576        262144     float     sum      -1    18.86   55.60   83.40      0    18.72   56.01   84.01      0
     2097152        524288     float     sum      -1    30.06   69.77  104.65      0    30.05   69.80  104.70      0
     4194304       1048576     float     sum      -1    42.86   97.86  146.79      0    42.70   98.22  147.33      0
     8388608       2097152     float     sum      -1    61.41  136.61  204.91      0    60.74  138.11  207.16      0
    16777216       4194304     float     sum      -1    105.3  159.37  239.05      0    101.1  165.99  248.98      0
    33554432       8388608     float     sum      -1    186.9  179.53  269.30      0    182.8  183.55  275.33      0
    67108864      16777216     float     sum      -1    351.7  190.84  286.25      0    348.0  192.85  289.27      0
   134217728      33554432     float     sum      -1    678.3  197.88  296.81      0    660.2  203.31  304.96      0
   268435456      67108864     float     sum      -1   1333.2  201.34  302.01      0   1292.4  207.71  311.56      0
   536870912     134217728     float     sum      -1   2693.8  199.30  298.95      0   2545.3  210.93  316.40      0
  1073741824     268435456     float     sum      -1   5224.9  205.51  308.26      0   5002.4  214.65  321.97      0
  2147483648     536870912     float     sum      -1    10375  206.99  310.48      0   9993.9  214.88  322.32      0
  4294967296    1073741824     float     sum      -1    21114  203.42  305.13      0    20101  213.67  320.50      0
           8             2     float     sum      -1     8.34    0.00    0.00      0     8.37    0.00    0.00      0
          16             4     float     sum      -1     8.33    0.00    0.00      0     8.29    0.00    0.00      0
          32             8     float     sum      -1     8.69    0.00    0.01      0     8.79    0.00    0.01      0
          64            16     float     sum      -1     9.34    0.01    0.01      0     9.24    0.01    0.01      0
         128            32     float     sum      -1     9.43    0.01    0.02      0     9.26    0.01    0.02      0
         256            64     float     sum      -1     9.81    0.03    0.04      0     9.26    0.03    0.04      0
         512           128     float     sum      -1     9.83    0.05    0.08      0     9.38    0.05    0.08      0
        1024           256     float     sum      -1     9.80    0.10    0.16      0     9.42    0.11    0.16      0
        2048           512     float     sum      -1     9.89    0.21    0.31      0     9.42    0.22    0.33      0
        4096          1024     float     sum      -1     9.99    0.41    0.62      0     9.57    0.43    0.64      0
        8192          2048     float     sum      -1    10.18    0.80    1.21      0     9.93    0.82    1.24      0
       16384          4096     float     sum      -1    11.04    1.48    2.23      0    10.57    1.55    2.33      0
       32768          8192     float     sum      -1    11.22    2.92    4.38      0    10.83    3.03    4.54      0
       65536         16384     float     sum      -1    11.45    5.72    8.59      0    11.03    5.94    8.91      0
      131072         32768     float     sum      -1    11.74   11.17   16.75      0    11.37   11.53   17.29      0
      262144         65536     float     sum      -1    11.97   21.89   32.84      0    11.61   22.59   33.88      0
      524288        131072     float     sum      -1    14.91   35.15   52.73      0    14.04   37.33   56.00      0
     1048576        262144     float     sum      -1    18.87   55.56   83.34      0    18.67   56.15   84.22      0
     2097152        524288     float     sum      -1    30.08   69.71  104.57      0    30.08   69.71  104.56      0
     4194304       1048576     float     sum      -1    42.82   97.94  146.92      0    42.44   98.83  148.24      0
     8388608       2097152     float     sum      -1    61.48  136.44  204.66      0    60.77  138.03  207.05      0
    16777216       4194304     float     sum      -1    105.7  158.75  238.12      0    101.6  165.09  247.64      0
    33554432       8388608     float     sum      -1    186.3  180.14  270.22      0    182.3  184.06  276.08      0
    67108864      16777216     float     sum      -1    351.9  190.71  286.07      0    340.1  197.34  296.01      0
   134217728      33554432     float     sum      -1    679.8  197.43  296.15      0    655.3  204.83  307.25      0
   268435456      67108864     float     sum      -1   1351.0  198.69  298.04      0   1264.4  212.30  318.45      0
   536870912     134217728     float     sum      -1   2659.9  201.84  302.75      0   2540.1  211.36  317.04      0
  1073741824     268435456     float     sum      -1   5310.6  202.19  303.28      0   5031.8  213.39  320.09      0
  2147483648     536870912     float     sum      -1    10540  203.75  305.62      0    10086  212.91  319.37      0
  4294967296    1073741824     float     sum      -1    20718  207.31  310.96      0    20055  214.16  321.24      0
