        size         count      type   redop    root     time   algbw   busbw #wrong     time   algbw   busbw #wrong
         (B)    (elements)                               (us)  (GB/s)  (GB/s)            (us)  (GB/s)  (GB/s)       
           8             2     float     sum      -1    66.93    0.00    0.00      0    66.02    0.00    0.00      0
          16             4     float     sum      -1    65.59    0.00    0.00      0    65.19    0.00    0.00      0
          32             8     float     sum      -1    65.72    0.00    0.00      0    65.94    0.00    0.00      0
          64            16     float     sum      -1    70.90    0.00    0.00      0    71.15    0.00    0.00      0
         128            32     float     sum      -1    73.18    0.00    0.00      0    72.24    0.00    0.00      0
         256            64     float     sum      -1    80.89    0.00    0.01      0    72.96    0.00    0.01      0
         512           128     float     sum      -1    76.78    0.01    0.01      0    74.57    0.01    0.01      0
        1024           256     float     sum      -1    84.46    0.01    0.02      0    85.03    0.01    0.02      0
        2048           512     float     sum      -1    90.93    0.02    0.04      0    90.56    0.02    0.04      0
        4096          1024     float     sum      -1    149.7    0.03    0.05      0    148.5    0.03    0.05      0
        8192          2048     float     sum      -1    154.2    0.05    0.11      0    149.7    0.05    0.11      0
       16384          4096     float     sum      -1    156.1    0.10    0.21      0    151.0    0.11    0.22      0
       32768          8192     float     sum      -1    163.3    0.20    0.40      0    160.7    0.20    0.40      0
       65536         16384     float     sum      -1    179.5    0.37    0.72      0    178.1    0.37    0.73      0
      131072         32768     float     sum      -1    205.4    0.64    1.27      0    209.6    0.63    1.24      0
      262144         65536     float     sum      -1    252.5    1.04    2.06      0    286.9    0.91    1.81      0
      524288        131072     float     sum      -1    357.6    1.47    2.91      0    366.0    1.43    2.84      0
     1048576        262144     float     sum      -1    441.7    2.37    4.71      0    450.9    2.33    4.61      0
     2097152        524288     float     sum      -1    572.2    3.67    7.27      0    968.3    2.17    4.30      0
     4194304       1048576     float     sum      -1    842.1    4.98    9.88      0    861.5    4.87    9.66      0
     8388608       2097152     float     sum      -1   1356.7    6.18   12.27      0   1692.6    4.96    9.83      0
    16777216       4194304     float     sum      -1   2199.6    7.63   15.14      0   2340.1    7.17   14.23      0
    33554432       8388608     float     sum      -1   2919.6   11.49   22.81      0   2874.9   11.67   23.16      0
    67108864      16777216     float     sum      -1   5037.3   13.32   26.44      0   5048.9   13.29   26.38      0
   134217728      33554432     float     sum      -1   8977.0   14.95   29.67      0   9154.4   14.66   29.09      0
   268435456      67108864     float     sum      -1    12113   22.16   43.98      0    11689   22.97   45.57      0
   536870912     134217728     float     sum      -1    13243   40.54   80.45      0    12869   41.72   82.78      0
  1073741824     268435456     float     sum      -1    26453   40.59   80.55      0    27391   39.20   77.79      0
  2147483648     536870912     float     sum      -1    55826   38.47   76.33      0    54666   39.28   77.95      0
  4294967296    1073741824     float     sum      -1   117131   36.67   72.76      0   116764   36.78   72.99      0
           8             2     float     sum      -1    68.13    0.00    0.00      0    65.93    0.00    0.00      0
          16             4     float     sum      -1    65.94    0.00    0.00      0    65.57    0.00    0.00      0
          32             8     float     sum      -1    65.57    0.00    0.00      0    65.56    0.00    0.00      0
          64            16     float     sum      -1    71.76    0.00    0.00      0    71.74    0.00    0.00      0
         128            32     float     sum      -1    72.82    0.00    0.00      0    72.32    0.00    0.00      0
         256            64     float     sum      -1    73.83    0.00    0.01      0    73.42    0.00    0.01      0
         512           128     float     sum      -1    76.64    0.01    0.01      0    74.91    0.01    0.01      0
        1024           256     float     sum      -1    84.70    0.01    0.02      0    83.86    0.01    0.02      0
        2048           512     float     sum      -1    90.50    0.02    0.04      0    90.66    0.02    0.04      0
        4096          1024     float     sum      -1    150.5    0.03    0.05      0    149.4    0.03    0.05      0
        8192          2048     float     sum      -1    153.1    0.05    0.11      0    151.7    0.05    0.11      0
       16384          4096     float     sum      -1    154.5    0.11    0.21      0    151.1    0.11    0.22      0
       32768          8192     float     sum      -1    162.1    0.20    0.40      0    163.8    0.20    0.40      0
       65536         16384     float     sum      -1    190.8    0.34    0.68      0    172.1    0.38    0.76      0
      131072         32768     float     sum      -1    204.9    0.64    1.27      0    208.0    0.63    1.25      0
      262144         65536     float     sum      -1    267.2    0.98    1.95      0    249.2    1.05    2.09      0
      524288        131072     float     sum      -1    344.5    1.52    3.02      0    339.6    1.54    3.06      0
     1048576        262144     float     sum      -1    404.6    2.59    5.14      0    409.0    2.56    5.09      0
     2097152        524288     float     sum      -1    519.0    4.04    8.02      0    525.0    3.99    7.93      0
     4194304       1048576     float     sum      -1    806.7    5.20   10.32      0    813.9    5.15   10.23      0
     8388608       2097152     float     sum      -1   1354.0    6.20   12.29      0   1380.8    6.08   12.06      0
    16777216       4194304     float     sum      -1   2200.0    7.63   15.13      0   2237.9    7.50   14.88      0
    33554432       8388608     float     sum      -1   2901.8   11.56   22.95      0   2898.7   11.58   22.97      0
    67108864      16777216     float     sum      -1   4950.0   13.56   26.90      0   5036.6   13.32   26.44      0
   134217728      33554432     float     sum      -1   9186.2   14.61   28.99      0   9106.2   14.74   29.25      0
   268435456      67108864     float     sum      -1    11776   22.80   45.23      0    11707   22.93   45.50      0
   536870912     134217728     float     sum      -1    12863   41.74   82.82      0    12862   41.74   82.83      0
  1073741824     268435456     float     sum      -1    26469   40.57   80.50      0    26679   40.25   79.86      0
  2147483648     536870912     float     sum      -1    54542   39.37   78.13      0    54670   39.28   77.95      0
  4294967296    1073741824     float     sum      -1   116220   36.96   73.33      0   117287   36.62   72.67      0
           8             2     float     sum      -1    67.47    0.00    0.00      0    66.60    0.00    0.00      0
          16             4     float     sum      -1    66.96    0.00    0.00      0    66.11    0.00    0.00      0
          32             8     float     sum      -1    65.90    0.00    0.00      0    66.33    0.00    0.00      0
          64            16     float     sum      -1    71.49    0.00    0.00      0    71.69    0.00    0.00      0
         128            32     float     sum      -1    73.06    0.00    0.00      0    72.43    0.00    0.00      0
         256            64     float     sum      -1    73.50    0.00    0.01      0    73.17    0.00    0.01      0
         512           128     float     sum      -1    76.93    0.01    0.01      0    74.95    0.01    0.01      0
        1024           256     float     sum      -1    85.74    0.01    0.02      0    83.12    0.01    0.02      0
        2048           512     float     sum      -1    89.89    0.02    0.05      0    90.96    0.02    0.04      0
        4096          1024     float     sum      -1    151.5    0.03    0.05      0    149.3    0.03    0.05      0
        8192          2048     float     sum      -1    152.2    0.05    0.11      0    149.3    0.05    0.11      0
       16384          4096     float     sum      -1    153.1    0.11    0.21      0    151.6    0.11    0.21      0
       32768          8192     float     sum      -1    162.6    0.20    0.40      0    161.8    0.20    0.40      0
       65536         16384     float     sum      -1    176.1    0.37    0.74      0    176.9    0.37    0.74      0
      131072         32768     float     sum      -1    203.8    0.64    1.28      0    200.8    0.65    1.30      0
      262144         65536     float     sum      -1    255.0    1.03    2.04      0    248.7    1.05    2.09      0
      524288        131072     float     sum      -1    345.2    1.52    3.01      0    339.8    1.54    3.06      0
     1048576        262144     float     sum      -1    403.9    2.60    5.15      0    408.7    2.57    5.09      0
     2097152        524288     float     sum      -1    517.5    4.05    8.04      0    523.9    4.00    7.94      0
     4194304       1048576     float     sum      -1    804.7    5.21   10.34      0    812.3    5.16   10.25      0
     8388608       2097152     float     sum      -1   1357.2    6.18   12.26      0   1376.6    6.09   12.09      0
    16777216       4194304     float     sum      -1   2201.0    7.62   15.13      0   2230.5    7.52   14.93      0
    33554432       8388608     float     sum      -1   2890.6   11.61   23.03      0   2904.6   11.55   22.92      0
    67108864      16777216     float     sum      -1   4997.1   13.43   26.65      0   5020.2   13.37   26.53      0
   134217728      33554432     float     sum      -1   9139.0   14.69   29.14      0   9231.7   14.54   28.85      0
   268435456      67108864     float     sum      -1    12076   22.23   44.11      0    11712   22.92   45.48      0
   536870912     134217728     float     sum      -1    12873   41.70   82.76      0    12875   41.70   82.75      0
  1073741824     268435456     float     sum      -1    26448   40.60   80.56      0    26626   40.33   80.02      0
  2147483648     536870912     float     sum      -1    54269   39.57   78.52      0    54800   39.19   77.76      0
  4294967296    1073741824     float     sum      -1   115841   37.08   73.57      0   117120   36.67   72.77      0
           8             2     float     sum      -1    66.94    0.00    0.00      0    66.70    0.00    0.00      0
          16             4     float     sum      -1    65.93    0.00    0.00      0    66.72    0.00    0.00      0
          32             8     float     sum      -1    66.28    0.00    0.00      0    65.55    0.00    0.00      0
          64            16     float     sum      -1    71.46    0.00    0.00      0    71.27    0.00    0.00      0
         128            32     float     sum      -1    73.32    0.00    0.00      0    72.02    0.00    0.00      0
         256            64     float     sum      -1    73.34    0.00    0.01      0    73.00    0.00    0.01      0
         512           128     float     sum      -1    76.66    0.01    0.01      0    74.75    0.01    0.01      0
        1024           256     float     sum      -1    83.96    0.01    0.02      0    83.38    0.01    0.02      0
        2048           512     float     sum      -1    89.88    0.02    0.05      0    89.82    0.02    0.05      0
        4096          1024     float     sum      -1    149.9    0.03    0.05      0    148.3    0.03    0.05      0
        8192          2048     float     sum      -1    152.1    0.05    0.11      0    149.8    0.05    0.11      0
       16384          4096     float     sum      -1    153.6    0.11    0.21      0    150.6    0.11    0.22      0
       32768          8192     float     sum      -1    163.2    0.20    0.40      0    160.6    0.20    0.40      0
       65536         16384     float     sum      -1    174.4    0.38    0.75      0    181.5    0.36    0.72      0
      131072         32768     float     sum      -1    203.8    0.64    1.28      0    208.1    0.63    1.25      0
      262144         65536     float     sum      -1    251.7    1.04    2.07      0    269.8    0.97    1.93      0
      524288        131072     float     sum      -1    342.9    1.53    3.03      0    339.4    1.54    3.07      0
     1048576        262144     float     sum      -1    405.0    2.59    5.14      0    408.0    2.57    5.10      0
     2097152        524288     float     sum      -1    520.0    4.03    8.00      0    524.5    4.00    7.93      0
     4194304       1048576     float     sum      -1    804.9    5.21   10.34      0    817.6    5.13   10.18      0
     8388608       2097152     float     sum      -1   1358.0    6.18   12.26      0   1383.6    6.06   12.03      0
    16777216       4194304     float     sum      -1   2204.5    7.61   15.10      0   2232.2    7.52   14.91      0
    33554432       8388608     float     sum      -1   2892.5   11.60   23.02      0   2891.1   11.61   23.03      0
    67108864      16777216     float     sum      -1   5049.7   13.29   26.37      0   5014.1   13.38   26.56      0
   134217728      33554432     float     sum      -1   9134.1   14.69   29.16      0   9074.7   14.79   29.35      0
   268435456      67108864     float     sum      -1    11826   22.70   45.04      0    11751   22.84   45.33      0
   536870912     134217728     float     sum      -1    12870   41.72   82.78      0    12867   41.72   82.80      0
  1073741824     268435456     float     sum      -1    26476   40.56   80.48      0    26608   40.35   80.08      0
  2147483648     536870912     float     sum      -1    54450   39.44   78.26      0    54902   39.11   77.62      0
  4294967296    1073741824     float     sum      -1   115462   37.20   73.81      0   116794   36.77   72.97      0
           8             2     float     sum      -1    68.29    0.00    0.00      0    66.05    0.00    0.00      0
          16             4     float     sum      -1    66.61    0.00    0.00      0    66.16    0.00    0.00      0
          32             8     float     sum      -1    66.18    0.00    0.00      0    66.18    0.00    0.00      0
          64            16     float     sum      -1    71.61    0.00    0.00      0    71.23    0.00    0.00      0
         128            32     float     sum      -1    73.24    0.00    0.00      0    72.84    0.00    0.00      0
         256            64     float     sum      -1    74.16    0.00    0.01      0    72.97    0.00    0.01      0
         512           128     float     sum      -1    76.37    0.01    0.01      0    74.85    0.01    0.01      0
        1024           256     float     sum      -1    84.55    0.01    0.02      0    83.19    0.01    0.02      0
        2048           512     float     sum      -1    89.75    0.02    0.05      0    89.89    0.02    0.05      0
        4096          1024     float     sum      -1    150.1    0.03    0.05      0    148.8    0.03    0.05      0
        8192          2048     float     sum      -1    152.5    0.05    0.11      0    149.7    0.05    0.11      0
       16384          4096     float     sum      -1    153.4    0.11    0.21      0    152.0    0.11    0.21      0
       32768          8192     float     sum      -1    162.6    0.20    0.40      0    161.6    0.20    0.40      0
       65536         16384     float     sum      -1    174.7    0.38    0.74      0    180.7    0.36    0.72      0
      131072         32768     float     sum      -1    205.4    0.64    1.27      0    201.3    0.65    1.29      0
      262144         65536     float     sum      -1    251.0    1.04    2.07      0    250.2    1.05    2.08      0
      524288        131072     float     sum      -1    343.1    1.53    3.03      0    341.2    1.54    3.05      0
     1048576        262144     float     sum      -1    403.5    2.60    5.16      0    409.4    2.56    5.08      0
     2097152        524288     float     sum      -1    518.9    4.04    8.02      0    524.2    4.00    7.94      0
     4194304       1048576     float     sum      -1    804.8    5.21   10.34      0    817.1    5.13   10.19      0
     8388608       2097152     float     sum      -1   1352.8    6.20   12.31      0   1390.4    6.03   11.97      0
    16777216       4194304     float     sum      -1   2213.8    7.58   15.04      0   2251.8    7.45   14.78      0
    33554432       8388608     float     sum      -1   2882.6   11.64   23.10      0   2917.2   11.50   22.82      0
    67108864      16777216     float     sum      -1   5023.9   13.36   26.51      0   5027.8   13.35   26.49      0
   134217728      33554432     float     sum      -1   9220.2   14.56   28.89      0   9084.4   14.77   29.32      0
   268435456      67108864     float     sum      -1    11820   22.71   45.07      0    11735   22.88   45.39      0
   536870912     134217728     float     sum      -1    12885   41.67   82.68      0    12885   41.67   82.68      0
  1073741824     268435456     float     sum      -1    26423   40.64   80.64      0    26609   40.35   80.07      0
  2147483648     536870912     float     sum      -1    54367   39.50   78.38      0    54768   39.21   77.81      0
  4294967296    1073741824     float     sum      -1   115867   37.07   73.56      0   116554   36.85   73.12      0
           8             2     float     sum      -1    68.39    0.00    0.00      0    66.47    0.00    0.00      0
          16             4     float     sum      -1    66.22    0.00    0.00      0    65.95    0.00    0.00      0
          32             8     float     sum      -1    65.61    0.00    0.00      0    65.59    0.00    0.00      0
          64            16     float     sum      -1    70.97    0.00    0.00      0    71.40    0.00    0.00      0
         128            32     float     sum      -1    73.24    0.00    0.00      0    72.17    0.00    0.00      0
         256            64     float     sum      -1    74.04    0.00    0.01      0    73.28    0.00    0.01      0
         512           128     float     sum      -1    76.23    0.01    0.01      0    74.85    0.01    0.01      0
        1024           256     float     sum      -1    84.90    0.01    0.02      0    83.56    0.01    0.02      0
        2048           512     float     sum      -1    91.34    0.02    0.04      0    89.78    0.02    0.05      0
        4096          1024     float     sum      -1    151.1    0.03    0.05      0    148.8    0.03    0.05      0
        8192          2048     float     sum      -1    152.3    0.05    0.11      0    149.5    0.05    0.11      0
       16384          4096     float     sum      -1    153.3    0.11    0.21      0    152.0    0.11    0.21      0
       32768          8192     float     sum      -1    162.1    0.20    0.40      0    165.0    0.20    0.39      0
       65536         16384     float     sum      -1    183.2    0.36    0.71      0    171.7    0.38    0.76      0
      131072         32768     float     sum      -1    204.9    0.64    1.27      0    200.5    0.65    1.30      0
      262144         65536     float     sum      -1    265.4    0.99    1.96      0    259.0    1.01    2.01      0
      524288        131072     float     sum      -1    344.3    1.52    3.02      0    339.6    1.54    3.06      0
     1048576        262144     float     sum      -1    404.3    2.59    5.15      0    409.0    2.56    5.09      0
     2097152        524288     float     sum      -1    520.0    4.03    8.00      0    523.7    4.00    7.95      0
     4194304       1048576     float     sum      -1    805.7    5.21   10.33      0    817.7    5.13   10.18      0
     8388608       2097152     float     sum      -1   1353.7    6.20   12.30      0   1393.7    6.02   11.94      0
    16777216       4194304     float     sum      -1   2192.8    7.65   15.18      0   2228.6    7.53   14.94      0
    33554432       8388608     float     sum      -1   2931.8   11.44   22.71      0   2907.2   11.54   22.90      0
    67108864      16777216     float     sum      -1   5001.8   13.42   26.62      0   5034.3   13.33   26.45      0
   134217728      33554432     float     sum      -1   9171.7   14.63   29.04      0   9210.3   14.57   28.92      0
   268435456      67108864     float     sum      -1    11824   22.70   45.05      0    11774   22.80   45.24      0
   536870912     134217728     float     sum      -1    12863   41.74   82.83      0    12856   41.76   82.87      0
  1073741824     268435456     float     sum      -1    26446   40.60   80.57      0    26660   40.28   79.92      0
  2147483648     536870912     float     sum      -1    54286   39.56   78.50      0    54793   39.19   77.77      0
  4294967296    1073741824     float     sum      -1   116372   36.91   73.24      0   118584   36.22   71.87      0
           8             2     float     sum      -1    66.96    0.00    0.00      0    66.71    0.00    0.00      0
          16             4     float     sum      -1    67.39    0.00    0.00      0    65.68    0.00    0.00      0
          32             8     float     sum      -1    66.11    0.00    0.00      0    65.45    0.00    0.00      0
          64            16     float     sum      -1    71.79    0.00    0.00      0    71.37    0.00    0.00      0
         128            32     float     sum      -1    73.16    0.00    0.00      0    72.39    0.00    0.00      0
         256            64     float     sum      -1    73.86    0.00    0.01      0    72.93    0.00    0.01      0
         512           128     float     sum      -1    75.64    0.01    0.01      0    76.07    0.01    0.01      0
        1024           256     float     sum      -1    85.00    0.01    0.02      0    84.27    0.01    0.02      0
        2048           512     float     sum      -1    91.39    0.02    0.04      0    89.73    0.02    0.05      0
        4096          1024     float     sum      -1    149.7    0.03    0.05      0    149.3    0.03    0.05      0
        8192          2048     float     sum      -1    152.6    0.05    0.11      0    150.6    0.05    0.11      0
       16384          4096     float     sum      -1    154.5    0.11    0.21      0    151.7    0.11    0.21      0
       32768          8192     float     sum      -1    162.3    0.20    0.40      0    160.6    0.20    0.40      0
       65536         16384     float     sum      -1    174.3    0.38    0.75      0    177.9    0.37    0.73      0
      131072         32768     float     sum      -1    203.7    0.64    1.28      0    201.7    0.65    1.29      0
      262144         65536     float     sum      -1    250.4    1.05    2.08      0    249.9    1.05    2.08      0
      524288        131072     float     sum      -1    343.7    1.53    3.03      0    340.7    1.54    3.05      0
     1048576        262144     float     sum      -1    407.0    2.58    5.11      0    408.9    2.56    5.09      0
     2097152        524288     float     sum      -1    518.8    4.04    8.02      0    524.2    4.00    7.94      0
     4194304       1048576     float     sum      -1    808.3    5.19   10.30      0    815.2    5.15   10.21      0
     8388608       2097152     float     sum      -1   1356.7    6.18   12.27      0   1385.5    6.05   12.01      0
    16777216       4194304     float     sum      -1   2198.3    7.63   15.14      0   2234.2    7.51   14.90      0
    33554432       8388608     float     sum      -1   2885.6   11.63   23.07      0   2894.2   11.59   23.01      0
    67108864      16777216     float     sum      -1   5068.2   13.24   26.28      0   5025.5   13.35   26.50      0
   134217728      33554432     float     sum      -1   9211.8   14.57   28.91      0   9284.6   14.46   28.69      0
   268435456      67108864     float     sum      -1    11801   22.75   45.14      0    11722   22.90   45.44      0
   536870912     134217728     float     sum      -1    12859   41.75   82.85      0    12875   41.70   82.75      0
  1073741824     268435456     float     sum      -1    26444   40.60   80.57      0    26603   40.36   80.09      0
  2147483648     536870912     float     sum      -1    54407   39.47   78.32      0    54726   39.24   77.87      0
  4294967296    1073741824     float     sum      -1   115768   37.10   73.62      0   116470   36.88   73.18      0
           8             2     float     sum      -1    67.11    0.00    0.00      0    66.36    0.00    0.00      0
          16             4     float     sum      -1    66.40    0.00    0.00      0    65.90    0.00    0.00      0
          32             8     float     sum      -1    65.37    0.00    0.00      0    66.59    0.00    0.00      0
          64            16     float     sum      -1    70.98    0.00    0.00      0    71.76    0.00    0.00      0
         128            32     float     sum      -1    72.85    0.00    0.00      0    72.06    0.00    0.00      0
         256            64     float     sum      -1    75.06    0.00    0.01      0    73.34    0.00    0.01      0
         512           128     float     sum      -1    76.35    0.01    0.01      0    75.26    0.01    0.01      0
        1024           256     float     sum      -1    84.37    0.01    0.02      0    82.74    0.01    0.02      0
        2048           512     float     sum      -1    90.59    0.02    0.04      0    89.33    0.02    0.05      0
        4096          1024     float     sum      -1    150.8    0.03    0.05      0    149.1    0.03    0.05      0
        8192          2048     float     sum      -1    152.1    0.05    0.11      0    151.0    0.05    0.11      0
       16384          4096     float     sum      -1    154.1    0.11    0.21      0    151.6    0.11    0.21      0
       32768          8192     float     sum      -1    162.6    0.20    0.40      0    163.2    0.20    0.40      0
       65536         16384     float     sum      -1    174.5    0.38    0.75      0    171.8    0.38    0.76      0
      131072         32768     float     sum      -1    210.0    0.62    1.24      0    215.1    0.61    1.21      0
      262144         65536     float     sum      -1    256.9    1.02    2.03      0    262.0    1.00    1.99      0
      524288        131072     float     sum      -1    343.9    1.52    3.03      0    340.4    1.54    3.06      0
     1048576        262144     float     sum      -1    405.4    2.59    5.13      0    409.4    2.56    5.08      0
     2097152        524288     float     sum      -1    519.0    4.04    8.02      0    524.0    4.00    7.94      0
     4194304       1048576     float     sum      -1    805.4    5.21   10.33      0    815.8    5.14   10.20      0
     8388608       2097152     float     sum      -1   1353.7    6.20   12.30      0   1386.8    6.05   12.00      0
    16777216       4194304     float     sum      -1   2206.7    7.60   15.09      0   2227.3    7.53   14.95      0
    33554432       8388608     float     sum      -1   2902.4   11.56   22.94      0   2886.6   11.62   23.07      0
    67108864      16777216     float     sum      -1   5042.1   13.31   26.41      0   5048.9   13.29   26.38      0
   134217728      33554432     float     sum      -1   9124.7   14.71   29.19      0   9147.5   14.67   29.12      0
   268435456      67108864     float     sum      -1    11793   22.76   45.17      0    11711   22.92   45.49      0
   536870912     134217728     float     sum      -1    12889   41.65   82.66      0    12896   41.63   82.61      0
  1073741824     268435456     float     sum      -1    26470   40.56   80.49      0    26901   39.91   79.21      0
  2147483648     536870912     float     sum      -1    54352   39.51   78.40      0    54763   39.21   77.82      0
  4294967296    1073741824     float     sum      -1   115744   37.11   73.64      0   116786   36.78   72.98      0
           8             2     float     sum      -1    66.97    0.00    0.00      0    66.61    0.00    0.00      0
          16             4     float     sum      -1    66.69    0.00    0.00      0    66.85    0.00    0.00      0
          32             8     float     sum      -1    66.98    0.00    0.00      0    65.50    0.00    0.00      0
          64            16     float     sum      -1    71.08    0.00    0.00      0    70.67    0.00    0.00      0
         128            32     float     sum      -1    73.14    0.00    0.00      0    71.33    0.00    0.00      0
         256            64     float     sum      -1    77.15    0.00    0.01      0    72.64    0.00    0.01      0
         512           128     float     sum      -1    76.03    0.01    0.01      0    74.02    0.01    0.01      0
        1024           256     float     sum      -1    83.74    0.01    0.02      0    83.23    0.01    0.02      0
        2048           512     float     sum      -1    89.82    0.02    0.05      0    89.48    0.02    0.05      0
        4096          1024     float     sum      -1    150.0    0.03    0.05      0    149.1    0.03    0.05      0
        8192          2048     float     sum      -1    152.5    0.05    0.11      0    153.5    0.05    0.11      0
       16384          4096     float     sum      -1    155.1    0.11    0.21      0    150.3    0.11    0.22      0
       32768          8192     float     sum      -1    170.1    0.19    0.38      0    160.7    0.20    0.40      0
       65536         16384     float     sum      -1    175.2    0.37    0.74      0    171.4    0.38    0.76      0
      131072         32768     float     sum      -1    204.8    0.64    1.27      0    202.9    0.65    1.28      0
      262144         65536     float     sum      -1    252.3    1.04    2.06      0    250.3    1.05    2.08      0
      524288        131072     float     sum      -1    344.9    1.52    3.02      0    339.7    1.54    3.06      0
     1048576        262144     float     sum      -1    405.0    2.59    5.14      0    408.2    2.57    5.10      0
     2097152        524288     float     sum      -1    518.0    4.05    8.03      0    523.3    4.01    7.95      0
     4194304       1048576     float     sum      -1    808.4    5.19   10.30      0    815.6    5.14   10.20      0
     8388608       2097152     float     sum      -1   1349.4    6.22   12.34      0   1375.5    6.10   12.10      0
    16777216       4194304     float     sum      -1   2209.9    7.59   15.06      0   2231.5    7.52   14.92      0
    33554432       8388608     float     sum      -1   2917.1   11.50   22.83      0   2909.3   11.53   22.89      0
    67108864      16777216     float     sum      -1   5037.0   13.32   26.44      0   5055.3   13.28   26.34      0
   134217728      33554432     float     sum      -1   9157.2   14.66   29.09      0   9104.8   14.74   29.25      0
   268435456      67108864     float     sum      -1    11838   22.68   45.00      0    11757   22.83   45.31      0
   536870912     134217728     float     sum      -1    12916   41.57   82.48      0    12865   41.73   82.81      0
  1073741824     268435456     float     sum      -1    26704   40.21   79.79      0    26649   40.29   79.96      0
  2147483648     536870912     float     sum      -1    54301   39.55   78.48      0    54697   39.26   77.91      0
  4294967296    1073741824     float     sum      -1   115265   37.26   73.94      0   117083   36.68   72.79      0
           8             2     float     sum      -1    67.41    0.00    0.00      0    66.47    0.00    0.00      0
          16             4     float     sum      -1    66.69    0.00    0.00      0    66.56    0.00    0.00      0
          32             8     float     sum      -1    65.91    0.00    0.00      0    66.18    0.00    0.00      0
          64            16     float     sum      -1    72.22    0.00    0.00      0    72.35    0.00    0.00      0
         128            32     float     sum      -1    73.75    0.00    0.00      0    74.01    0.00    0.00      0
         256            64     float     sum      -1    73.78    0.00    0.01      0    73.01    0.00    0.01      0
         512           128     float     sum      -1    76.35    0.01    0.01      0    75.60    0.01    0.01      0
        1024           256     float     sum      -1    84.36    0.01    0.02      0    83.42    0.01    0.02      0
        2048           512     float     sum      -1    90.62    0.02    0.04      0    89.62    0.02    0.05      0
        4096          1024     float     sum      -1    149.5    0.03    0.05      0    150.2    0.03    0.05      0
        8192          2048     float     sum      -1    152.1    0.05    0.11      0    152.0    0.05    0.11      0
       16384          4096     float     sum      -1    153.8    0.11    0.21      0    152.7    0.11    0.21      0
       32768          8192     float     sum      -1    164.1    0.20    0.40      0    160.4    0.20    0.41      0
       65536         16384     float     sum      -1    176.2    0.37    0.74      0    186.3    0.35    0.70      0
      131072         32768     float     sum      -1    203.2    0.65    1.28      0    201.6    0.65    1.29      0
      262144         65536     float     sum      -1    304.1    0.86    1.71      0    252.9    1.04    2.06      0
      524288        131072     float     sum      -1    345.1    1.52    3.01      0    340.3    1.54    3.06      0
     1048576        262144     float     sum      -1    404.9    2.59    5.14      0    409.1    2.56    5.09      0
     2097152        524288     float     sum      -1    518.0    4.05    8.03      0    524.1    4.00    7.94      0
     4194304       1048576     float     sum      -1    800.4    5.24   10.40      0    816.7    5.14   10.19      0
     8388608       2097152     float     sum      -1   1354.4    6.19   12.29      0   1382.3    6.07   12.04      0
    16777216       4194304     float     sum      -1   2194.6    7.64   15.17      0   2240.1    7.49   14.86      0
    33554432       8388608     float     sum      -1   2910.9   11.53   22.87      0   2890.5   11.61   23.04      0
    67108864      16777216     float     sum      -1   5043.9   13.30   26.40      0   5106.9   13.14   26.08      0
   134217728      33554432     float     sum      -1   9131.9   14.70   29.17      0   9194.4   14.60   28.97      0
   268435456      67108864     float     sum      -1    11822   22.71   45.06      0    11729   22.89   45.41      0
   536870912     134217728     float     sum      -1    12908   41.59   82.53      0    12910   41.59   82.52      0
  1073741824     268435456     float     sum      -1    26496   40.53   80.42      0    26635   40.31   80.00      0
  2147483648     536870912     float     sum      -1    54357   39.51   78.40      0    54998   39.05   77.48      0
  4294967296    1073741824     float     sum      -1   116185   36.97   73.36      0   116609   36.83   73.09      0
