        size         count      type   redop    root     time   algbw   busbw #wrong     time   algbw   busbw #wrong
         (B)    (elements)                               (us)  (GB/s)  (GB/s)            (us)  (GB/s)  (GB/s)       
           8             2     float     sum      -1    22.75    0.00    0.00      0    22.61    0.00    0.00      0
          16             4     float     sum      -1    22.80    0.00    0.00      0    22.52    0.00    0.00      0
          32             8     float     sum      -1    22.24    0.00    0.00      0    22.57    0.00    0.00      0
          64            16     float     sum      -1    25.01    0.00    0.00      0    24.89    0.00    0.00      0
         128            32     float     sum      -1    26.25    0.00    0.01      0    25.47    0.01    0.01      0
         256            64     float     sum      -1    29.05    0.01    0.02      0    26.01    0.01    0.02      0
         512           128     float     sum      -1    29.34    0.02    0.03      0    26.53    0.02    0.04      0
        1024           256     float     sum      -1    28.29    0.04    0.07      0    28.17    0.04    0.07      0
        2048           512     float     sum      -1    29.85    0.07    0.13      0    29.16    0.07    0.13      0
        4096          1024     float     sum      -1    55.93    0.07    0.14      0    54.62    0.07    0.14      0
        8192          2048     float     sum      -1    56.01    0.15    0.27      0    55.59    0.15    0.28      0
       16384          4096     float     sum      -1    57.01    0.29    0.54      0    55.73    0.29    0.55      0
       32768          8192     float     sum      -1    58.07    0.56    1.06      0    59.20    0.55    1.04      0
       65536         16384     float     sum      -1    68.11    0.96    1.80      0    66.11    0.99    1.86      0
      131072         32768     float     sum      -1    106.7    1.23    2.30      0    107.5    1.22    2.29      0
      262144         65536     float     sum      -1    123.1    2.13    3.99      0    122.0    2.15    4.03      0
      524288        131072     float     sum      -1    200.2    2.62    4.91      0    202.1    2.59    4.86      0
     1048576        262144     float     sum      -1    218.8    4.79    8.99      0    217.5    4.82    9.04      0
     2097152        524288     float     sum      -1    311.4    6.73   12.63      0    306.9    6.83   12.81      0
     4194304       1048576     float     sum      -1    522.3    8.03   15.06      0    512.5    8.18   15.35      0
     8388608       2097152     float     sum      -1    611.0   13.73   25.74      0    607.5   13.81   25.89      0
    16777216       4194304     float     sum      -1    583.5   28.75   53.91      0    580.9   28.88   54.16      0
    33554432       8388608     float     sum      -1   1025.6   32.72   61.35      0   1067.7   31.43   58.93      0
    67108864      16777216     float     sum      -1   1763.2   38.06   71.36      0   1777.6   37.75   70.79      0
   134217728      33554432     float     sum      -1   3737.0   35.92   67.34      0   3683.5   36.44   68.32      0
   268435456      67108864     float     sum      -1   7177.5   37.40   70.12      0   6433.8   41.72   78.23      0
   536870912     134217728     float     sum      -1    12521   42.88   80.39      0    13184   40.72   76.35      0
  1073741824     268435456     float     sum      -1    26009   41.28   77.41      0    24222   44.33   83.12      0
  2147483648     536870912     float     sum      -1    50607   42.43   79.56      0    46601   46.08   86.40      0
  4294967296    1073741824     float     sum      -1    98117   43.77   82.08      0   112239   38.27   71.75      0
           8             2     float     sum      -1    23.11    0.00    0.00      0    22.81    0.00    0.00      0
          16             4     float     sum      -1    22.68    0.00    0.00      0    22.38    0.00    0.00      0
          32             8     float     sum      -1    22.34    0.00    0.00      0    22.25    0.00    0.00      0
          64            16     float     sum      -1    24.66    0.00    0.00      0    24.61    0.00    0.00      0
         128            32     float     sum      -1    25.98    0.00    0.01      0    25.82    0.00    0.01      0
         256            64     float     sum      -1    26.34    0.01    0.02      0    26.28    0.01    0.02      0
         512           128     float     sum      -1    26.78    0.02    0.04      0    27.06    0.02    0.04      0
        1024           256     float     sum      -1    28.37    0.04    0.07      0    27.89    0.04    0.07      0
        2048           512     float     sum      -1    30.05    0.07    0.13      0    29.44    0.07    0.13      0
        4096          1024     float     sum      -1    54.94    0.07    0.14      0    54.40    0.08    0.14      0
        8192          2048     float     sum      -1    55.76    0.15    0.28      0    55.35    0.15    0.28      0
       16384          4096     float     sum      -1    56.92    0.29    0.54      0    56.00    0.29    0.55      0
       32768          8192     float     sum      -1    58.13    0.56    1.06      0    57.65    0.57    1.07      0
       65536         16384     float     sum      -1    68.59    0.96    1.79      0    66.77    0.98    1.84      0
      131072         32768     float     sum      -1    106.7    1.23    2.30      0    106.3    1.23    2.31      0
      262144         65536     float     sum      -1    122.7    2.14    4.01      0    122.4    2.14    4.02      0
      524288        131072     float     sum      -1    207.5    2.53    4.74      0    201.3    2.60    4.88      0
     1048576        262144     float     sum      -1    223.5    4.69    8.80      0    235.7    4.45    8.34      0
     2097152        524288     float     sum      -1    310.9    6.75   12.65      0    309.4    6.78   12.71      0
     4194304       1048576     float     sum      -1    508.6    8.25   15.46      0    520.8    8.05   15.10      0
     8388608       2097152     float     sum      -1    608.2   13.79   25.86      0    606.9   13.82   25.91      0
    16777216       4194304     float     sum      -1    583.6   28.75   53.91      0    588.9   28.49   53.42      0
    33554432       8388608     float     sum      -1   1068.4   31.41   58.89      0   1064.2   31.53   59.12      0
    67108864      16777216     float     sum      -1   1756.5   38.21   71.63      0   1750.7   38.33   71.88      0
   134217728      33554432     float     sum      -1   3548.7   37.82   70.91      0   3516.4   38.17   71.57      0
   268435456      67108864     float     sum      -1   5976.2   44.92   84.22      0   8661.8   30.99   58.11      0
   536870912     134217728     float     sum      -1    12715   42.22   79.17      0    15214   35.29   66.16      0
  1073741824     268435456     float     sum      -1    25441   42.21   79.14      0    22767   47.16   88.43      0
  2147483648     536870912     float     sum      -1    49147   43.69   81.93      0    46602   46.08   86.40      0
  4294967296    1073741824     float     sum      -1    94956   45.23   84.81      0   136450   31.48   59.02      0
           8             2     float     sum      -1    22.90    0.00    0.00      0    22.38    0.00    0.00      0
          16             4     float     sum      -1    22.19    0.00    0.00      0    22.13    0.00    0.00      0
          32             8     float     sum      -1    22.38    0.00    0.00      0    22.25    0.00    0.00      0
          64            16     float     sum      -1    24.57    0.00    0.00      0    24.65    0.00    0.00      0
         128            32     float     sum      -1    26.26    0.00    0.01      0    26.00    0.00    0.01      0
         256            64     float     sum      -1    26.50    0.01    0.02      0    25.99    0.01    0.02      0
         512           128     float     sum      -1    27.24    0.02    0.04      0    26.51    0.02    0.04      0
        1024           256     float     sum      -1    28.26    0.04    0.07      0    27.89    0.04    0.07      0
        2048           512     float     sum      -1    29.98    0.07    0.13      0    29.68    0.07    0.13      0
        4096          1024     float     sum      -1    54.89    0.07    0.14      0    54.53    0.08    0.14      0
        8192          2048     float     sum      -1    55.97    0.15    0.27      0    54.99    0.15    0.28      0
       16384          4096     float     sum      -1    56.81    0.29    0.54      0    56.49    0.29    0.54      0
       32768          8192     float     sum      -1    57.91    0.57    1.06      0    57.40    0.57    1.07      0
       65536         16384     float     sum      -1    67.67    0.97    1.82      0    66.78    0.98    1.84      0
      131072         32768     float     sum      -1    107.4    1.22    2.29      0    106.6    1.23    2.31      0
      262144         65536     float     sum      -1    122.6    2.14    4.01      0    122.6    2.14    4.01      0
      524288        131072     float     sum      -1    200.4    2.62    4.91      0    202.8    2.59    4.85      0
     1048576        262144     float     sum      -1    235.3    4.46    8.36      0    234.6    4.47    8.38      0
     2097152        524288     float     sum      -1    313.8    6.68   12.53      0    308.5    6.80   12.75      0
     4194304       1048576     float     sum      -1    524.6    7.99   14.99      0    526.1    7.97   14.95      0
     8388608       2097152     float     sum      -1    611.0   13.73   25.74      0    607.5   13.81   25.89      0
    16777216       4194304     float     sum      -1    585.6   28.65   53.72      0    581.7   28.84   54.07      0
    33554432       8388608     float     sum      -1   1044.0   32.14   60.26      0   1040.3   32.26   60.48      0
    67108864      16777216     float     sum      -1   1760.6   38.12   71.47      0   1775.6   37.80   70.87      0
   134217728      33554432     float     sum      -1   3658.7   36.68   68.78      0   3539.2   37.92   71.11      0
   268435456      67108864     float     sum      -1   6530.8   41.10   77.07      0   6212.0   43.21   81.02      0
   536870912     134217728     float     sum      -1    15180   35.37   66.31      0    12300   43.65   81.84      0
  1073741824     268435456     float     sum      -1    24073   44.60   83.63      0    24067   44.61   83.65      0
  2147483648     536870912     float     sum      -1    48907   43.91   82.33      0    65610   32.73   61.37      0
  4294967296    1073741824     float     sum      -1    98082   43.79   82.11      0    98083   43.79   82.10      0
           8             2     float     sum      -1    22.89    0.00    0.00      0    22.48    0.00    0.00      0
          16             4     float     sum      -1    22.21    0.00    0.00      0    22.48    0.00    0.00      0
          32             8     float     sum      -1    22.54    0.00    0.00      0    22.49    0.00    0.00      0
          64            16     float     sum      -1    25.00    0.00    0.00      0    24.53    0.00    0.00      0
         128            32     float     sum      -1    25.88    0.00    0.01      0    25.79    0.00    0.01      0
         256            64     float     sum      -1    26.30    0.01    0.02      0    26.32    0.01    0.02      0
         512           128     float     sum      -1    27.12    0.02    0.04      0    26.80    0.02    0.04      0
        1024           256     float     sum      -1    28.41    0.04    0.07      0    28.16    0.04    0.07      0
        2048           512     float     sum      -1    29.94    0.07    0.13      0    28.82    0.07    0.13      0
        4096          1024     float     sum      -1    54.93    0.07    0.14      0    54.42    0.08    0.14      0
        8192          2048     float     sum      -1    55.49    0.15    0.28      0    55.35    0.15    0.28      0
       16384          4096     float     sum      -1    56.75    0.29    0.54      0    55.59    0.29    0.55      0
       32768          8192     float     sum      -1    58.61    0.56    1.05      0    57.22    0.57    1.07      0
       65536         16384     float     sum      -1    67.77    0.97    1.81      0    66.40    0.99    1.85      0
      131072         32768     float     sum      -1    106.2    1.23    2.31      0    107.5    1.22    2.29      0
      262144         65536     float     sum      -1    123.0    2.13    3.99      0    122.0    2.15    4.03      0
      524288        131072     float     sum      -1    199.6    2.63    4.92      0    199.8    2.62    4.92      0
     1048576        262144     float     sum      -1    243.0    4.31    8.09      0    222.4    4.71    8.84      0
     2097152        524288     float     sum      -1    310.3    6.76   12.67      0    311.3    6.74   12.63      0
     4194304       1048576     float     sum      -1    524.4    8.00   15.00      0    517.1    8.11   15.21      0
     8388608       2097152     float     sum      -1    608.0   13.80   25.87      0    609.5   13.76   25.80      0
    16777216       4194304     float     sum      -1    584.0   28.73   53.87      0    582.2   28.82   54.03      0
    33554432       8388608     float     sum      -1   1043.3   32.16   60.31      0   1060.5   31.64   59.32      0
    67108864      16777216     float     sum      -1   1745.6   38.44   72.08      0   1757.4   38.19   71.60      0
   134217728      33554432     float     sum      -1   3564.8   37.65   70.60      0   3556.9   37.73   70.75      0
   268435456      67108864     float     sum      -1   6454.3   41.59   77.98      0   5961.6   45.03   84.43      0
   536870912     134217728     float     sum      -1    11989   44.78   83.96      0    12246   43.84   82.20      0
  1073741824     268435456     float     sum      -1    30879   34.77   65.20      0    24115   44.53   83.49      0
  2147483648     536870912     float     sum      -1    54557   39.36   73.80      0    51216   41.93   78.62      0
  4294967296    1073741824     float     sum      -1    96527   44.50   83.43      0    92709   46.33   86.86      0
           8             2     float     sum      -1    22.64    0.00    0.00      0    22.75    0.00    0.00      0
          16             4     float     sum      -1    22.16    0.00    0.00      0    22.36    0.00    0.00      0
          32             8     float     sum      -1    22.44    0.00    0.00      0    22.22    0.00    0.00      0
          64            16     float     sum      -1    25.73    0.00    0.00      0    25.38    0.00    0.00      0
         128            32     float     sum      -1    25.98    0.00    0.01      0    26.07    0.00    0.01      0
         256            64     float     sum      -1    26.73    0.01    0.02      0    26.41    0.01    0.02      0
         512           128     float     sum      -1    27.21    0.02    0.04      0    26.94    0.02    0.04      0
        1024           256     float     sum      -1    28.26    0.04    0.07      0    28.23    0.04    0.07      0
        2048           512     float     sum      -1    29.75    0.07    0.13      0    29.39    0.07    0.13      0
        4096          1024     float     sum      -1    54.65    0.07    0.14      0    54.19    0.08    0.14      0
        8192          2048     float     sum      -1    56.19    0.15    0.27      0    55.25    0.15    0.28      0
       16384          4096     float     sum      -1    56.93    0.29    0.54      0    55.90    0.29    0.55      0
       32768          8192     float     sum      -1    58.10    0.56    1.06      0    57.29    0.57    1.07      0
       65536         16384     float     sum      -1    68.21    0.96    1.80      0    66.28    0.99    1.85      0
      131072         32768     float     sum      -1    112.7    1.16    2.18      0    106.4    1.23    2.31      0
      262144         65536     float     sum      -1    122.8    2.13    4.00      0    121.9    2.15    4.03      0
      524288        131072     float     sum      -1    201.2    2.61    4.88      0    199.0    2.63    4.94      0
     1048576        262144     float     sum      -1    219.4    4.78    8.96      0    229.6    4.57    8.56      0
     2097152        524288     float     sum      -1    309.5    6.78   12.71      0    310.6    6.75   12.66      0
     4194304       1048576     float     sum      -1    525.7    7.98   14.96      0    526.6    7.96   14.93      0
     8388608       2097152     float     sum      -1    607.4   13.81   25.89      0    605.0   13.87   26.00      0
    16777216       4194304     float     sum      -1    590.2   28.43   53.30      0    583.2   28.77   53.94      0
    33554432       8388608     float     sum      -1   1025.4   32.72   61.36      0   1063.0   31.57   59.18      0
    67108864      16777216     float     sum      -1   1779.0   37.72   70.73      0   1774.9   37.81   70.89      0
   134217728      33554432     float     sum      -1   3601.1   37.27   69.88      0   3388.8   39.61   74.26      0
   268435456      67108864     float     sum      -1   6393.7   41.98   78.72      0   6325.7   42.44   79.57      0
   536870912     134217728     float     sum      -1    12581   42.67   80.01      0    13203   40.66   76.24      0
  1073741824     268435456     float     sum      -1    36979   29.04   54.44      0    26012   41.28   77.40      0
  2147483648     536870912     float     sum      -1    48398   44.37   83.20      0    54809   39.18   73.46      0
  4294967296    1073741824     float     sum      -1    93118   46.12   86.48      0    98766   43.49   81.54      0
           8             2     float     sum      -1    23.06    0.00    0.00      0    23.09    0.00    0.00      0
          16             4     float     sum      -1    22.74    0.00    0.00      0    22.47    0.00    0.00      0
          32             8     float     sum      -1    22.02    0.00    0.00      0    22.47    0.00    0.00      0
          64            16     float     sum      -1    24.70    0.00    0.00      0    24.82    0.00    0.00      0
         128            32     float     sum      -1    25.77    0.00    0.01      0    25.85    0.00    0.01      0
         256            64     float     sum      -1    26.71    0.01    0.02      0    26.32    0.01    0.02      0
         512           128     float     sum      -1    27.21    0.02    0.04      0    26.83    0.02    0.04      0
        1024           256     float     sum      -1    28.36    0.04    0.07      0    27.87    0.04    0.07      0
        2048           512     float     sum      -1    29.55    0.07    0.13      0    29.48    0.07    0.13      0
        4096          1024     float     sum      -1    55.04    0.07    0.14      0    54.09    0.08    0.14      0
        8192          2048     float     sum      -1    55.74    0.15    0.28      0    55.71    0.15    0.28      0
       16384          4096     float     sum      -1    57.08    0.29    0.54      0    55.76    0.29    0.55      0
       32768          8192     float     sum      -1    58.02    0.56    1.06      0    57.60    0.57    1.07      0
       65536         16384     float     sum      -1    68.49    0.96    1.79      0    66.79    0.98    1.84      0
      131072         32768     float     sum      -1    106.9    1.23    2.30      0    107.5    1.22    2.29      0
      262144         65536     float     sum      -1    122.1    2.15    4.03      0    122.2    2.15    4.02      0
      524288        131072     float     sum      -1    208.6    2.51    4.71      0    199.4    2.63    4.93      0
     1048576        262144     float     sum      -1    217.8    4.81    9.03      0    241.3    4.35    8.15      0
     2097152        524288     float     sum      -1    315.2    6.65   12.47      0    309.0    6.79   12.73      0
     4194304       1048576     float     sum      -1    527.1    7.96   14.92      0    508.8    8.24   15.46      0
     8388608       2097152     float     sum      -1    609.3   13.77   25.82      0    608.4   13.79   25.85      0
    16777216       4194304     float     sum      -1    587.9   28.54   53.51      0    581.8   28.84   54.07      0
    33554432       8388608     float     sum      -1   1030.8   32.55   61.03      0   1032.9   32.49   60.91      0
    67108864      16777216     float     sum      -1   1766.7   37.99   71.22      0   1763.2   38.06   71.37      0
   134217728      33554432     float     sum      -1   3662.5   36.65   68.71      0   3750.8   35.78   67.09      0
   268435456      67108864     float     sum      -1   6201.7   43.28   81.16      0   6543.1   41.03   76.92      0
   536870912     134217728     float     sum      -1    12205   43.99   82.48      0    14544   36.91   69.21      0
  1073741824     268435456     float     sum      -1    26040   41.23   77.31      0    29257   36.70   68.81      0
  2147483648     536870912     float     sum      -1    53315   40.28   75.52      0    46652   46.03   86.31      0
  4294967296    1073741824     float     sum      -1   101931   42.14   79.01      0   100819   42.60   79.88      0
           8             2     float     sum      -1    23.13    0.00    0.00      0    22.86    0.00    0.00      0
          16             4     float     sum      -1    22.29    0.00    0.00      0    22.47    0.00    0.00      0
          32             8     float     sum      -1    22.50    0.00    0.00      0    22.53    0.00    0.00      0
          64            16     float     sum      -1    24.83    0.00    0.00      0    24.91    0.00    0.00      0
         128            32     float     sum      -1    25.97    0.00    0.01      0    25.76    0.00    0.01      0
         256            64     float     sum      -1    26.74    0.01    0.02      0    26.24    0.01    0.02      0
         512           128     float     sum      -1    27.14    0.02    0.04      0    26.93    0.02    0.04      0
        1024           256     float     sum      -1    28.16    0.04    0.07      0    27.86    0.04    0.07      0
        2048           512     float     sum      -1    30.05    0.07    0.13      0    29.40    0.07    0.13      0
        4096          1024     float     sum      -1    54.53    0.08    0.14      0    54.20    0.08    0.14      0
        8192          2048     float     sum      -1    56.20    0.15    0.27      0    55.45    0.15    0.28      0
       16384          4096     float     sum      -1    57.11    0.29    0.54      0    55.91    0.29    0.55      0
       32768          8192     float     sum      -1    58.26    0.56    1.05      0    57.56    0.57    1.07      0
       65536         16384     float     sum      -1    67.95    0.96    1.81      0    66.08    0.99    1.86      0
      131072         32768     float     sum      -1    106.4    1.23    2.31      0    108.8    1.20    2.26      0
      262144         65536     float     sum      -1    123.3    2.13    3.99      0    122.3    2.14    4.02      0
      524288        131072     float     sum      -1    200.9    2.61    4.89      0    200.6    2.61    4.90      0
     1048576        262144     float     sum      -1    236.3    4.44    8.32      0    223.9    4.68    8.78      0
     2097152        524288     float     sum      -1    309.8    6.77   12.69      0    311.7    6.73   12.62      0
     4194304       1048576     float     sum      -1    521.0    8.05   15.09      0    523.1    8.02   15.03      0
     8388608       2097152     float     sum      -1    609.6   13.76   25.80      0    607.4   13.81   25.89      0
    16777216       4194304     float     sum      -1    584.4   28.71   53.83      0    582.1   28.82   54.04      0
    33554432       8388608     float     sum      -1   1032.0   32.51   60.96      0   1046.7   32.06   60.11      0
    67108864      16777216     float     sum      -1   1798.7   37.31   69.96      0   1808.9   37.10   69.56      0
   134217728      33554432     float     sum      -1   3653.5   36.74   68.88      0   3885.3   34.55   64.77      0
   268435456      67108864     float     sum      -1   5983.4   44.86   84.12      0   6250.5   42.95   80.52      0
   536870912     134217728     float     sum      -1    16900   31.77   59.56      0    13130   40.89   76.67      0
  1073741824     268435456     float     sum      -1    26075   41.18   77.21      0    24687   43.49   81.55      0
  2147483648     536870912     float     sum      -1    52276   41.08   77.02      0    50471   42.55   79.78      0
  4294967296    1073741824     float     sum      -1   103589   41.46   77.74      0    95842   44.81   84.02      0
           8             2     float     sum      -1    22.78    0.00    0.00      0    22.70    0.00    0.00      0
          16             4     float     sum      -1    22.72    0.00    0.00      0    22.40    0.00    0.00      0
          32             8     float     sum      -1    22.69    0.00    0.00      0    22.53    0.00    0.00      0
          64            16     float     sum      -1    25.21    0.00    0.00      0    24.91    0.00    0.00      0
         128            32     float     sum      -1    26.10    0.00    0.01      0    25.77    0.00    0.01      0
         256            64     float     sum      -1    26.78    0.01    0.02      0    26.63    0.01    0.02      0
         512           128     float     sum      -1    27.04    0.02    0.04      0    26.99    0.02    0.04      0
        1024           256     float     sum      -1    28.22    0.04    0.07      0    27.73    0.04    0.07      0
        2048           512     float     sum      -1    30.04    0.07    0.13      0    29.16    0.07    0.13      0
        4096          1024     float     sum      -1    54.69    0.07    0.14      0    54.04    0.08    0.14      0
        8192          2048     float     sum      -1    56.14    0.15    0.27      0    55.16    0.15    0.28      0
       16384          4096     float     sum      -1    56.65    0.29    0.54      0    55.76    0.29    0.55      0
       32768          8192     float     sum      -1    58.86    0.56    1.04      0    57.62    0.57    1.07      0
       65536         16384     float     sum      -1    67.67    0.97    1.82      0    66.65    0.98    1.84      0
      131072         32768     float     sum      -1    108.5    1.21    2.27      0    108.5    1.21    2.26      0
      262144         65536     float     sum      -1    122.6    2.14    4.01      0    121.9    2.15    4.03      0
      524288        131072     float     sum      -1    204.7    2.56    4.80      0    204.5    2.56    4.81      0
     1048576        262144     float     sum      -1    217.4    4.82    9.04      0    226.4    4.63    8.68      0
     2097152        524288     float     sum      -1    313.1    6.70   12.56      0    317.8    6.60   12.37      0
     4194304       1048576     float     sum      -1    516.6    8.12   15.22      0    524.3    8.00   15.00      0
     8388608       2097152     float     sum      -1    607.0   13.82   25.91      0    607.6   13.81   25.88      0
    16777216       4194304     float     sum      -1    585.7   28.64   53.71      0    583.0   28.78   53.96      0
    33554432       8388608     float     sum      -1   1032.5   32.50   60.93      0   1052.9   31.87   59.75      0
    67108864      16777216     float     sum      -1   1753.4   38.27   71.76      0   1767.9   37.96   71.17      0
   134217728      33554432     float     sum      -1   3845.4   34.90   65.44      0   3991.9   33.62   63.04      0
   268435456      67108864     float     sum      -1   6329.6   42.41   79.52      0   9355.6   28.69   53.80      0
   536870912     134217728     float     sum      -1    12477   43.03   80.68      0    12694   42.29   79.30      0
  1073741824     268435456     float     sum      -1    24084   44.58   83.59      0    25439   42.21   79.14      0
  2147483648     536870912     float     sum      -1    49220   43.63   81.81      0    47820   44.91   84.20      0
  4294967296    1073741824     float     sum      -1   133724   32.12   60.22      0   105534   40.70   76.31      0
           8             2     float     sum      -1    22.98    0.00    0.00      0    22.68    0.00    0.00      0
          16             4     float     sum      -1    22.61    0.00    0.00      0    22.36    0.00    0.00      0
          32             8     float     sum      -1    22.80    0.00    0.00      0    22.68    0.00    0.00      0
          64            16     float     sum      -1    25.03    0.00    0.00      0    25.00    0.00    0.00      0
         128            32     float     sum      -1    25.62    0.00    0.01      0    25.64    0.00    0.01      0
         256            64     float     sum      -1    26.61    0.01    0.02      0    26.23    0.01    0.02      0
         512           128     float     sum      -1    27.13    0.02    0.04      0    26.82    0.02    0.04      0
        1024           256     float     sum      -1    29.24    0.04    0.07      0    27.89    0.04    0.07      0
        2048           512     float     sum      -1    30.10    0.07    0.13      0    29.40    0.07    0.13      0
        4096          1024     float     sum      -1    55.09    0.07    0.14      0    54.20    0.08    0.14      0
        8192          2048     float     sum      -1    56.28    0.15    0.27      0    55.28    0.15    0.28      0
       16384          4096     float     sum      -1    57.05    0.29    0.54      0    56.19    0.29    0.55      0
       32768          8192     float     sum      -1    58.83    0.56    1.04      0    57.20    0.57    1.07      0
       65536         16384     float     sum      -1    68.53    0.96    1.79      0    66.48    0.99    1.85      0
      131072         32768     float     sum      -1    107.9    1.22    2.28      0    106.2    1.23    2.31      0
      262144         65536     float     sum      -1    123.3    2.13    3.99      0    122.2    2.14    4.02      0
      524288        131072     float     sum      -1    201.6    2.60    4.88      0    198.5    2.64    4.95      0
     1048576        262144     float     sum      -1    250.7    4.18    7.84      0    225.0    4.66    8.74      0
     2097152        524288     float     sum      -1    309.8    6.77   12.69      0    309.8    6.77   12.69      0
     4194304       1048576     float     sum      -1    516.6    8.12   15.22      0    527.1    7.96   14.92      0
     8388608       2097152     float     sum      -1    608.6   13.78   25.85      0    607.8   13.80   25.88      0
    16777216       4194304     float     sum      -1    585.0   28.68   53.77      0    588.1   28.53   53.49      0
    33554432       8388608     float     sum      -1   1037.9   32.33   60.62      0   1033.9   32.45   60.85      0
    67108864      16777216     float     sum      -1   1794.1   37.40   70.13      0   1781.9   37.66   70.62      0
   134217728      33554432     float     sum      -1   3396.2   39.52   74.10      0   3791.8   35.40   66.37      0
   268435456      67108864     float     sum      -1   5954.9   45.08   84.52      0   6629.3   40.49   75.92      0
   536870912     134217728     float     sum      -1    13365   40.17   75.32      0    16850   31.86   59.74      0
  1073741824     268435456     float     sum      -1    30908   34.74   65.14      0    25386   42.30   79.31      0
  2147483648     536870912     float     sum      -1    51890   41.39   77.60      0    55992   38.35   71.91      0
  4294967296    1073741824     float     sum      -1   111636   38.47   72.14      0    95317   45.06   84.49      0
           8             2     float     sum      -1    23.21    0.00    0.00      0    23.05    0.00    0.00      0
          16             4     float     sum      -1    22.56    0.00    0.00      0    22.37    0.00    0.00      0
          32             8     float     sum      -1    22.23    0.00    0.00      0    22.35    0.00    0.00      0
          64            16     float     sum      -1    24.97    0.00    0.00      0    24.90    0.00    0.00      0
         128            32     float     sum      -1    25.83    0.00    0.01      0    25.83    0.00    0.01      0
         256            64     float     sum      -1    26.45    0.01    0.02      0    26.12    0.01    0.02      0
         512           128     float     sum      -1    27.10    0.02    0.04      0    26.93    0.02    0.04      0
        1024           256     float     sum      -1    28.39    0.04    0.07      0    27.91    0.04    0.07      0
        2048           512     float     sum      -1    29.84    0.07    0.13      0    29.78    0.07    0.13      0
        4096          1024     float     sum      -1    55.01    0.07    0.14      0    54.44    0.08    0.14      0
        8192          2048     float     sum      -1    56.13    0.15    0.27      0    55.72    0.15    0.28      0
       16384          4096     float     sum      -1    56.96    0.29    0.54      0    55.84    0.29    0.55      0
       32768          8192     float     sum      -1    58.54    0.56    1.05      0    57.32    0.57    1.07      0
       65536         16384     float     sum      -1    67.88    0.97    1.81      0    66.17    0.99    1.86      0
      131072         32768     float     sum      -1    106.9    1.23    2.30      0    106.3    1.23    2.31      0
      262144         65536     float     sum      -1    123.1    2.13    3.99      0    122.2    2.15    4.02      0
      524288        131072     float     sum      -1    204.1    2.57    4.82      0    202.4    2.59    4.86      0
     1048576        262144     float     sum      -1    218.5    4.80    9.00      0    222.3    4.72    8.85      0
     2097152        524288     float     sum      -1    315.8    6.64   12.45      0    314.5    6.67   12.50      0
     4194304       1048576     float     sum      -1    526.4    7.97   14.94      0    528.9    7.93   14.87      0
     8388608       2097152     float     sum      -1    605.1   13.86   25.99      0    607.0   13.82   25.91      0
    16777216       4194304     float     sum      -1    591.9   28.35   53.15      0    582.1   28.82   54.04      0
    33554432       8388608     float     sum      -1   1012.2   33.15   62.15      0   1052.9   31.87   59.75      0
    67108864      16777216     float     sum      -1   1783.2   37.63   70.57      0   1761.0   38.11   71.45      0
   134217728      33554432     float     sum      -1   3738.9   35.90   67.31      0   3564.2   37.66   70.61      0
   268435456      67108864     float     sum      -1   6499.6   41.30   77.44      0   6328.3   42.42   79.53      0
   536870912     134217728     float     sum      -1    12833   41.83   78.44      0    12307   43.62   81.80      0
  1073741824     268435456     float     sum      -1    25591   41.96   78.67      0    26077   41.18   77.20      0
  2147483648     536870912     float     sum      -1    47155   45.54   85.39      0    53405   40.21   75.40      0
  4294967296    1073741824     float     sum      -1   101895   42.15   79.03      0    97320   44.13   82.75      0
