        size         count      type   redop    root     time   algbw   busbw #wrong     time   algbw   busbw #wrong
         (B)    (elements)                               (us)  (GB/s)  (GB/s)            (us)  (GB/s)  (GB/s)       
           8             2     float     sum      -1    40.44    0.00    0.00      0    37.36    0.00    0.00      0
          16             4     float     sum      -1    37.46    0.00    0.00      0    201.8    0.00    0.00      0
          32             8     float     sum      -1    37.49    0.00    0.00      0    37.83    0.00    0.00      0
          64            16     float     sum      -1    43.90    0.00    0.00      0    43.14    0.00    0.00      0
         128            32     float     sum      -1    44.68    0.00    0.01      0    44.58    0.00    0.01      0
         256            64     float     sum      -1    52.17    0.00    0.01      0    45.77    0.01    0.01      0
         512           128     float     sum      -1    49.66    0.01    0.02      0    47.19    0.01    0.02      0
        1024           256     float     sum      -1    52.31    0.02    0.04      0    50.46    0.02    0.04      0
        2048           512     float     sum      -1    58.19    0.04    0.07      0    106.6    0.02    0.04      0
        4096          1024     float     sum      -1    148.9    0.03    0.05      0    109.6    0.04    0.07      0
        8192          2048     float     sum      -1    115.1    0.07    0.14      0    114.9    0.07    0.14      0
       16384          4096     float     sum      -1    148.7    0.11    0.22      0    142.7    0.11    0.23      0
       32768          8192     float     sum      -1    168.8    0.19    0.38      0    163.7    0.20    0.39      0
       65536         16384     float     sum      -1    219.1    0.30    0.59      0    226.5    0.29    0.57      0
      131072         32768     float     sum      -1    324.1    0.40    0.80      0    341.4    0.38    0.76      0
      262144         65536     float     sum      -1    431.8    0.61    1.20      0    394.8    0.66    1.31      0
      524288        131072     float     sum      -1    344.3    1.52    3.00      0    399.2    1.31    2.59      0
     1048576        262144     float     sum      -1    483.5    2.17    4.27      0    469.6    2.23    4.40      0
     2097152        524288     float     sum      -1    736.2    2.85    5.61      0    700.2    3.00    5.90      0
     4194304       1048576     float     sum      -1   1163.3    3.61    7.10      0   1145.5    3.66    7.21      0
     8388608       2097152     float     sum      -1   1257.0    6.67   13.14      0   1217.7    6.89   13.56      0
    16777216       4194304     float     sum      -1   1609.7   10.42   20.52      0   1773.0    9.46   18.63      0
    33554432       8388608     float     sum      -1   2261.4   14.84   29.21      0   2325.4   14.43   28.41      0
    67108864      16777216     float     sum      -1   3445.4   19.48   38.35      0   3324.0   20.19   39.75      0
   134217728      33554432     float     sum      -1   5029.7   26.69   52.54      0   5104.4   26.29   51.77      0
   268435456      67108864     float     sum      -1   8215.6   32.67   64.33      0   8034.2   33.41   65.78      0
   536870912     134217728     float     sum      -1    16833   31.89   62.79      0    17319   31.00   61.03      0
  1073741824     268435456     float     sum      -1    34227   31.37   61.76      0    34010   31.57   62.16      0
  2147483648     536870912     float     sum      -1    65641   32.72   64.41      0    61728   34.79   68.49      0
  4294967296    1073741824     float     sum      -1   108886   39.44   77.66      0   103818   41.37   81.45      0
           8             2     float     sum      -1    38.66    0.00    0.00      0    37.12    0.00    0.00      0
          16             4     float     sum      -1    37.14    0.00    0.00      0    36.64    0.00    0.00      0
          32             8     float     sum      -1    37.79    0.00    0.00      0    37.09    0.00    0.00      0
          64            16     float     sum      -1    41.27    0.00    0.00      0    41.63    0.00    0.00      0
         128            32     float     sum      -1    44.57    0.00    0.01      0    43.11    0.00    0.01      0
         256            64     float     sum      -1    46.88    0.01    0.01      0    44.82    0.01    0.01      0
         512           128     float     sum      -1    48.08    0.01    0.02      0    47.23    0.01    0.02      0
        1024           256     float     sum      -1    50.24    0.02    0.04      0    50.82    0.02    0.04      0
        2048           512     float     sum      -1    55.94    0.04    0.07      0    54.26    0.04    0.07      0
        4096          1024     float     sum      -1    114.2    0.04    0.07      0    113.6    0.04    0.07      0
        8192          2048     float     sum      -1    123.9    0.07    0.13      0    121.3    0.07    0.13      0
       16384          4096     float     sum      -1    144.5    0.11    0.22      0    142.1    0.12    0.23      0
       32768          8192     float     sum      -1    150.5    0.22    0.43      0    145.3    0.23    0.44      0
       65536         16384     float     sum      -1    218.8    0.30    0.59      0    207.7    0.32    0.62      0
      131072         32768     float     sum      -1    345.3    0.38    0.75      0    341.5    0.38    0.76      0
      262144         65536     float     sum      -1    414.8    0.63    1.24      0    393.6    0.67    1.31      0
      524288        131072     float     sum      -1    701.3    0.75    1.47      0    841.6    0.62    1.23      0
     1048576        262144     float     sum      -1    453.5    2.31    4.55      0    528.2    1.99    3.91      0
     2097152        524288     float     sum      -1    739.1    2.84    5.59      0    702.5    2.99    5.88      0
     4194304       1048576     float     sum      -1   1118.9    3.75    7.38      0   1204.6    3.48    6.86      0
     8388608       2097152     float     sum      -1   1266.5    6.62   13.04      0   1298.2    6.46   12.72      0
    16777216       4194304     float     sum      -1   1607.1   10.44   20.55      0   1609.9   10.42   20.52      0
    33554432       8388608     float     sum      -1   2397.1   14.00   27.56      0   2197.8   15.27   30.06      0
    67108864      16777216     float     sum      -1   3311.5   20.27   39.90      0   3137.6   21.39   42.11      0
   134217728      33554432     float     sum      -1   4990.7   26.89   52.95      0   5122.5   26.20   51.58      0
   268435456      67108864     float     sum      -1   8100.5   33.14   65.24      0   8185.0   32.80   64.57      0
   536870912     134217728     float     sum      -1    14141   37.97   74.75      0    14003   38.34   75.48      0
  1073741824     268435456     float     sum      -1    26535   40.47   79.67      0    26227   40.94   80.60      0
  2147483648     536870912     float     sum      -1    51095   42.03   82.74      0    52075   41.24   81.19      0
  4294967296    1073741824     float     sum      -1   101635   42.26   83.20      0    99999   42.95   84.56      0
           8             2     float     sum      -1    39.60    0.00    0.00      0    37.84    0.00    0.00      0
          16             4     float     sum      -1    37.21    0.00    0.00      0    36.96    0.00    0.00      0
          32             8     float     sum      -1    36.53    0.00    0.00      0    37.76    0.00    0.00      0
          64            16     float     sum      -1    41.54    0.00    0.00      0    41.70    0.00    0.00      0
         128            32     float     sum      -1    43.88    0.00    0.01      0    42.62    0.00    0.01      0
         256            64     float     sum      -1    46.50    0.01    0.01      0    44.84    0.01    0.01      0
         512           128     float     sum      -1    47.73    0.01    0.02      0    47.49    0.01    0.02      0
        1024           256     float     sum      -1    50.65    0.02    0.04      0    52.23    0.02    0.04      0
        2048           512     float     sum      -1    57.86    0.04    0.07      0    57.40    0.04    0.07      0
        4096          1024     float     sum      -1    115.5    0.04    0.07      0    115.4    0.04    0.07      0
        8192          2048     float     sum      -1    121.2    0.07    0.13      0    117.8    0.07    0.14      0
       16384          4096     float     sum      -1    127.2    0.13    0.25      0    123.5    0.13    0.26      0
       32768          8192     float     sum      -1    152.9    0.21    0.42      0    141.6    0.23    0.46      0
       65536         16384     float     sum      -1    207.9    0.32    0.62      0    207.7    0.32    0.62      0
      131072         32768     float     sum      -1    306.6    0.43    0.84      0    305.9    0.43    0.84      0
      262144         65536     float     sum      -1    435.7    0.60    1.18      0    397.6    0.66    1.30      0
      524288        131072     float     sum      -1    334.2    1.57    3.09      0    316.1    1.66    3.27      0
     1048576        262144     float     sum      -1    442.1    2.37    4.67      0    415.9    2.52    4.96      0
     2097152        524288     float     sum      -1    640.0    3.28    6.45      0    647.6    3.24    6.38      0
     4194304       1048576     float     sum      -1   1026.6    4.09    8.04      0   1046.2    4.01    7.89      0
     8388608       2097152     float     sum      -1   1083.5    7.74   15.24      0   1129.0    7.43   14.63      0
    16777216       4194304     float     sum      -1   1492.6   11.24   22.13      0   1630.8   10.29   20.25      0
    33554432       8388608     float     sum      -1   2024.8   16.57   32.63      0   2017.9   16.63   32.74      0
    67108864      16777216     float     sum      -1   3016.7   22.25   43.80      0   3042.7   22.06   43.42      0
   134217728      33554432     float     sum      -1   5014.5   26.77   52.70      0   5084.5   26.40   51.97      0
   268435456      67108864     float     sum      -1   8033.9   33.41   65.78      0   8108.4   33.11   65.18      0
   536870912     134217728     float     sum      -1    13964   38.45   75.69      0    14211   37.78   74.38      0
  1073741824     268435456     float     sum      -1    25911   41.44   81.59      0    26010   41.28   81.27      0
  2147483648     536870912     float     sum      -1    52050   41.26   81.23      0    51795   41.46   81.63      0
  4294967296    1073741824     float     sum      -1   102341   41.97   82.62      0   100858   42.58   83.84      0
           8             2     float     sum      -1    39.60    0.00    0.00      0    36.96    0.00    0.00      0
          16             4     float     sum      -1    36.74    0.00    0.00      0    36.74    0.00    0.00      0
          32             8     float     sum      -1    37.38    0.00    0.00      0    36.88    0.00    0.00      0
          64            16     float     sum      -1    41.25    0.00    0.00      0    42.16    0.00    0.00      0
         128            32     float     sum      -1    44.00    0.00    0.01      0    43.46    0.00    0.01      0
         256            64     float     sum      -1    44.81    0.01    0.01      0    44.63    0.01    0.01      0
         512           128     float     sum      -1    48.59    0.01    0.02      0    47.23    0.01    0.02      0
        1024           256     float     sum      -1    50.76    0.02    0.04      0    51.20    0.02    0.04      0
        2048           512     float     sum      -1    58.20    0.04    0.07      0    56.95    0.04    0.07      0
        4096          1024     float     sum      -1    109.4    0.04    0.07      0    109.2    0.04    0.07      0
        8192          2048     float     sum      -1    114.5    0.07    0.14      0    114.7    0.07    0.14      0
       16384          4096     float     sum      -1    143.3    0.11    0.23      0    148.5    0.11    0.22      0
       32768          8192     float     sum      -1    164.4    0.20    0.39      0    177.5    0.18    0.36      0
       65536         16384     float     sum      -1    229.5    0.29    0.56      0    222.4    0.29    0.58      0
      131072         32768     float     sum      -1    337.7    0.39    0.76      0    328.7    0.40    0.79      0
      262144         65536     float     sum      -1    419.9    0.62    1.23      0    394.2    0.67    1.31      0
      524288        131072     float     sum      -1    330.0    1.59    3.13      0    594.3    0.88    1.74      0
     1048576        262144     float     sum      -1    489.5    2.14    4.22      0    478.6    2.19    4.31      0
     2097152        524288     float     sum      -1    690.5    3.04    5.98      0    723.1    2.90    5.71      0
     4194304       1048576     float     sum      -1   1145.8    3.66    7.21      0   1107.9    3.79    7.45      0
     8388608       2097152     float     sum      -1   1277.4    6.57   12.93      0   1280.2    6.55   12.90      0
    16777216       4194304     float     sum      -1   1659.9   10.11   19.90      0   1607.5   10.44   20.55      0
    33554432       8388608     float     sum      -1   2362.9   14.20   27.96      0   2238.5   14.99   29.51      0
    67108864      16777216     float     sum      -1   3301.6   20.33   40.02      0   3114.1   21.55   42.43      0
   134217728      33554432     float     sum      -1   5050.6   26.57   52.32      0   5091.4   26.36   51.90      0
   268435456      67108864     float     sum      -1   8088.1   33.19   65.34      0   8144.3   32.96   64.89      0
   536870912     134217728     float     sum      -1    13872   38.70   76.19      0    13715   39.14   77.06      0
  1073741824     268435456     float     sum      -1    25980   41.33   81.37      0    25932   41.41   81.52      0
  2147483648     536870912     float     sum      -1    52001   41.30   81.30      0    52094   41.22   81.16      0
  4294967296    1073741824     float     sum      -1   101164   42.46   83.58      0   102885   41.75   82.19      0
           8             2     float     sum      -1    39.25    0.00    0.00      0    36.68    0.00    0.00      0
          16             4     float     sum      -1    37.63    0.00    0.00      0    37.51    0.00    0.00      0
          32             8     float     sum      -1    37.54    0.00    0.00      0    36.65    0.00    0.00      0
          64            16     float     sum      -1    42.42    0.00    0.00      0    42.71    0.00    0.00      0
         128            32     float     sum      -1    43.94    0.00    0.01      0    45.04    0.00    0.01      0
         256            64     float     sum      -1    45.61    0.01    0.01      0    45.16    0.01    0.01      0
         512           128     float     sum      -1    48.13    0.01    0.02      0    46.96    0.01    0.02      0
        1024           256     float     sum      -1    51.36    0.02    0.04      0    50.46    0.02    0.04      0
        2048           512     float     sum      -1    58.94    0.03    0.07      0    56.99    0.04    0.07      0
        4096          1024     float     sum      -1    116.7    0.04    0.07      0    113.6    0.04    0.07      0
        8192          2048     float     sum      -1    123.2    0.07    0.13      0    122.6    0.07    0.13      0
       16384          4096     float     sum      -1    126.1    0.13    0.26      0    128.5    0.13    0.25      0
       32768          8192     float     sum      -1    149.1    0.22    0.43      0    138.3    0.24    0.47      0
       65536         16384     float     sum      -1    228.1    0.29    0.57      0    223.2    0.29    0.58      0
      131072         32768     float     sum      -1    352.3    0.37    0.73      0    354.1    0.37    0.73      0
      262144         65536     float     sum      -1    423.0    0.62    1.22      0    371.3    0.71    1.39      0
      524288        131072     float     sum      -1    371.3    1.41    2.78      0    392.9    1.33    2.63      0
     1048576        262144     float     sum      -1    560.0    1.87    3.69      0    520.2    2.02    3.97      0
     2097152        524288     float     sum      -1    723.5    2.90    5.71      0    754.7    2.78    5.47      0
     4194304       1048576     float     sum      -1   1295.3    3.24    6.38      0   1270.4    3.30    6.50      0
     8388608       2097152     float     sum      -1   1477.5    5.68   11.18      0   1468.7    5.71   11.24      0
    16777216       4194304     float     sum      -1   1831.6    9.16   18.03      0   1681.8    9.98   19.64      0
    33554432       8388608     float     sum      -1   2445.9   13.72   27.01      0   2428.2   13.82   27.20      0
    67108864      16777216     float     sum      -1   3779.3   17.76   34.96      0   3897.6   17.22   33.90      0
   134217728      33554432     float     sum      -1   5344.5   25.11   49.44      0   5556.2   24.16   47.56      0
   268435456      67108864     float     sum      -1   9218.7   29.12   57.33      0   9286.3   28.91   56.91      0
   536870912     134217728     float     sum      -1    17031   31.52   62.06      0    16604   32.33   63.66      0
  1073741824     268435456     float     sum      -1    35268   30.45   59.94      0    31704   33.87   66.68      0
  2147483648     536870912     float     sum      -1    66729   32.18   63.36      0    64642   33.22   65.40      0
  4294967296    1073741824     float     sum      -1   124740   34.43   67.79      0   128957   33.31   65.57      0
           8             2     float     sum      -1    38.60    0.00    0.00      0    36.69    0.00    0.00      0
          16             4     float     sum      -1    36.83    0.00    0.00      0    38.02    0.00    0.00      0
          32             8     float     sum      -1    36.40    0.00    0.00      0    36.63    0.00    0.00      0
          64            16     float     sum      -1    41.35    0.00    0.00      0    42.11    0.00    0.00      0
         128            32     float     sum      -1    43.86    0.00    0.01      0    42.89    0.00    0.01      0
         256            64     float     sum      -1    44.45    0.01    0.01      0    45.25    0.01    0.01      0
         512           128     float     sum      -1    47.87    0.01    0.02      0    47.18    0.01    0.02      0
        1024           256     float     sum      -1    50.75    0.02    0.04      0    50.43    0.02    0.04      0
        2048           512     float     sum      -1    58.14    0.04    0.07      0    56.49    0.04    0.07      0
        4096          1024     float     sum      -1    113.3    0.04    0.07      0    113.5    0.04    0.07      0
        8192          2048     float     sum      -1    118.6    0.07    0.14      0    115.7    0.07    0.14      0
       16384          4096     float     sum      -1    128.4    0.13    0.25      0    133.7    0.12    0.24      0
       32768          8192     float     sum      -1    157.9    0.21    0.41      0    150.9    0.22    0.43      0
       65536         16384     float     sum      -1    211.2    0.31    0.61      0    213.7    0.31    0.60      0
      131072         32768     float     sum      -1    384.5    0.34    0.67      0    366.6    0.36    0.70      0
      262144         65536     float     sum      -1    438.9    0.60    1.18      0    402.9    0.65    1.28      0
      524288        131072     float     sum      -1    362.5    1.45    2.85      0    360.1    1.46    2.87      0
     1048576        262144     float     sum      -1    479.9    2.18    4.30      0    459.6    2.28    4.49      0
     2097152        524288     float     sum      -1    725.0    2.89    5.70      0    657.8    3.19    6.28      0
     4194304       1048576     float     sum      -1   1233.1    3.40    6.70      0   1137.5    3.69    7.26      0
     8388608       2097152     float     sum      -1   1336.5    6.28   12.36      0   1276.2    6.57   12.94      0
    16777216       4194304     float     sum      -1   1612.9   10.40   20.48      0   1712.7    9.80   19.29      0
    33554432       8388608     float     sum      -1   2515.0   13.34   26.27      0   2356.1   14.24   28.04      0
    67108864      16777216     float     sum      -1   3884.0   17.28   34.02      0   3696.5   18.15   35.74      0
   134217728      33554432     float     sum      -1   5280.2   25.42   50.04      0   5629.0   23.84   46.94      0
   268435456      67108864     float     sum      -1   9076.7   29.57   58.22      0   9264.9   28.97   57.04      0
   536870912     134217728     float     sum      -1    17279   31.07   61.17      0    16338   32.86   64.69      0
  1073741824     268435456     float     sum      -1    33675   31.89   62.78      0    34582   31.05   61.13      0
  2147483648     536870912     float     sum      -1    64341   33.38   65.71      0    66304   32.39   63.76      0
  4294967296    1073741824     float     sum      -1   124958   34.37   67.67      0   129854   33.08   65.12      0
           8             2     float     sum      -1    38.37    0.00    0.00      0    36.87    0.00    0.00      0
          16             4     float     sum      -1    36.59    0.00    0.00      0    38.24    0.00    0.00      0
          32             8     float     sum      -1    36.41    0.00    0.00      0    36.32    0.00    0.00      0
          64            16     float     sum      -1    41.25    0.00    0.00      0    40.86    0.00    0.00      0
         128            32     float     sum      -1    43.89    0.00    0.01      0    42.79    0.00    0.01      0
         256            64     float     sum      -1    44.87    0.01    0.01      0    44.25    0.01    0.01      0
         512           128     float     sum      -1    47.84    0.01    0.02      0    46.62    0.01    0.02      0
        1024           256     float     sum      -1    51.74    0.02    0.04      0    50.72    0.02    0.04      0
        2048           512     float     sum      -1    57.93    0.04    0.07      0    56.36    0.04    0.07      0
        4096          1024     float     sum      -1    114.2    0.04    0.07      0    112.6    0.04    0.07      0
        8192          2048     float     sum      -1    117.5    0.07    0.14      0    116.3    0.07    0.14      0
       16384          4096     float     sum      -1    128.6    0.13    0.25      0    127.5    0.13    0.25      0
       32768          8192     float     sum      -1    147.9    0.22    0.44      0    129.7    0.25    0.50      0
       65536         16384     float     sum      -1    227.5    0.29    0.57      0    219.8    0.30    0.59      0
      131072         32768     float     sum      -1    349.4    0.38    0.74      0    356.4    0.37    0.72      0
      262144         65536     float     sum      -1    423.0    0.62    1.22      0    458.0    0.57    1.13      0
      524288        131072     float     sum      -1    357.3    1.47    2.89      0    342.0    1.53    3.02      0
     1048576        262144     float     sum      -1    480.9    2.18    4.29      0    490.0    2.14    4.21      0
     2097152        524288     float     sum      -1    783.2    2.68    5.27      0    719.4    2.92    5.74      0
     4194304       1048576     float     sum      -1   1326.8    3.16    6.22      0   1214.4    3.45    6.80      0
     8388608       2097152     float     sum      -1   1281.9    6.54   12.88      0   1319.5    6.36   12.52      0
    16777216       4194304     float     sum      -1   1612.2   10.41   20.49      0   1723.6    9.73   19.16      0
    33554432       8388608     float     sum      -1   2483.0   13.51   26.60      0   2410.8   13.92   27.40      0
    67108864      16777216     float     sum      -1   4036.8   16.62   32.73      0   3603.6   18.62   36.66      0
   134217728      33554432     float     sum      -1   5458.4   24.59   48.41      0   5316.8   25.24   49.70      0
   268435456      67108864     float     sum      -1   8945.9   30.01   59.08      0   9012.3   29.79   58.64      0
   536870912     134217728     float     sum      -1    15572   34.48   67.88      0    16896   31.77   62.56      0
  1073741824     268435456     float     sum      -1    26817   40.04   78.83      0    25108   42.77   84.20      0
  2147483648     536870912     float     sum      -1    49742   43.17   85.00      0    68466   31.37   61.75      0
  4294967296    1073741824     float     sum      -1   128954   33.31   65.57      0    97809   43.91   86.45      0
           8             2     float     sum      -1    38.63    0.00    0.00      0    37.29    0.00    0.00      0
          16             4     float     sum      -1    37.03    0.00    0.00      0    37.36    0.00    0.00      0
          32             8     float     sum      -1    36.54    0.00    0.00      0    36.57    0.00    0.00      0
          64            16     float     sum      -1    42.08    0.00    0.00      0    41.10    0.00    0.00      0
         128            32     float     sum      -1    43.74    0.00    0.01      0    43.73    0.00    0.01      0
         256            64     float     sum      -1    44.60    0.01    0.01      0    44.21    0.01    0.01      0
         512           128     float     sum      -1    48.30    0.01    0.02      0    47.34    0.01    0.02      0
        1024           256     float     sum      -1    52.20    0.02    0.04      0    50.79    0.02    0.04      0
        2048           512     float     sum      -1    58.21    0.04    0.07      0    56.79    0.04    0.07      0
        4096          1024     float     sum      -1    114.4    0.04    0.07      0    113.0    0.04    0.07      0
        8192          2048     float     sum      -1    116.9    0.07    0.14      0    117.0    0.07    0.14      0
       16384          4096     float     sum      -1    128.8    0.13    0.25      0    124.7    0.13    0.26      0
       32768          8192     float     sum      -1    149.4    0.22    0.43      0    141.1    0.23    0.46      0
       65536         16384     float     sum      -1    225.2    0.29    0.57      0    219.2    0.30    0.59      0
      131072         32768     float     sum      -1    341.8    0.38    0.75      0    318.7    0.41    0.81      0
      262144         65536     float     sum      -1    420.9    0.62    1.23      0    401.2    0.65    1.29      0
      524288        131072     float     sum      -1    371.7    1.41    2.78      0    377.2    1.39    2.74      0
     1048576        262144     float     sum      -1    500.7    2.09    4.12      0    511.5    2.05    4.04      0
     2097152        524288     float     sum      -1    753.7    2.78    5.48      0    655.1    3.20    6.30      0
     4194304       1048576     float     sum      -1   1189.5    3.53    6.94      0   1111.3    3.77    7.43      0
     8388608       2097152     float     sum      -1   1169.4    7.17   14.12      0   1195.0    7.02   13.82      0
    16777216       4194304     float     sum      -1   1643.5   10.21   20.10      0   1485.5   11.29   22.24      0
    33554432       8388608     float     sum      -1   2175.0   15.43   30.37      0   2292.7   14.64   28.81      0
    67108864      16777216     float     sum      -1   3187.7   21.05   41.45      0   3156.1   21.26   41.86      0
   134217728      33554432     float     sum      -1   5002.3   26.83   52.82      0   4888.7   27.45   54.05      0
   268435456      67108864     float     sum      -1   8109.4   33.10   65.17      0   7953.9   33.75   66.44      0
   536870912     134217728     float     sum      -1    13699   39.19   77.15      0    13335   40.26   79.26      0
  1073741824     268435456     float     sum      -1    25067   42.83   84.33      0    24966   43.01   84.67      0
  2147483648     536870912     float     sum      -1    49276   43.58   85.80      0    49576   43.32   85.28      0
  4294967296    1073741824     float     sum      -1    97664   43.98   86.58      0    98094   43.78   86.20      0
           8             2     float     sum      -1    39.02    0.00    0.00      0    38.22    0.00    0.00      0
          16             4     float     sum      -1    36.71    0.00    0.00      0    36.56    0.00    0.00      0
          32             8     float     sum      -1    36.56    0.00    0.00      0    36.84    0.00    0.00      0
          64            16     float     sum      -1    41.34    0.00    0.00      0    41.64    0.00    0.00      0
         128            32     float     sum      -1    43.87    0.00    0.01      0    43.51    0.00    0.01      0
         256            64     float     sum      -1    45.75    0.01    0.01      0    45.58    0.01    0.01      0
         512           128     float     sum      -1    47.35    0.01    0.02      0    47.18    0.01    0.02      0
        1024           256     float     sum      -1    50.44    0.02    0.04      0    51.09    0.02    0.04      0
        2048           512     float     sum      -1    55.88    0.04    0.07      0    55.24    0.04    0.07      0
        4096          1024     float     sum      -1    114.6    0.04    0.07      0    114.3    0.04    0.07      0
        8192          2048     float     sum      -1    122.0    0.07    0.13      0    120.4    0.07    0.13      0
       16384          4096     float     sum      -1    136.6    0.12    0.24      0    130.2    0.13    0.25      0
       32768          8192     float     sum      -1    149.9    0.22    0.43      0    148.5    0.22    0.43      0
       65536         16384     float     sum      -1    237.8    0.28    0.54      0    232.9    0.28    0.55      0
      131072         32768     float     sum      -1    314.8    0.42    0.82      0    329.9    0.40    0.78      0
      262144         65536     float     sum      -1    398.0    0.66    1.30      0    412.7    0.64    1.25      0
      524288        131072     float     sum      -1    405.0    1.29    2.55      0    336.7    1.56    3.07      0
     1048576        262144     float     sum      -1    422.8    2.48    4.88      0    478.9    2.19    4.31      0
     2097152        524288     float     sum      -1    711.4    2.95    5.80      0    674.8    3.11    6.12      0
     4194304       1048576     float     sum      -1   1103.8    3.80    7.48      0   1162.9    3.61    7.10      0
     8388608       2097152     float     sum      -1   1257.1    6.67   13.14      0   1299.1    6.46   12.71      0
    16777216       4194304     float     sum      -1   1496.9   11.21   22.07      0   1612.6   10.40   20.48      0
    33554432       8388608     float     sum      -1   2130.4   15.75   31.01      0   2186.7   15.34   30.21      0
    67108864      16777216     float     sum      -1   3010.9   22.29   43.88      0   3226.4   20.80   40.95      0
   134217728      33554432     float     sum      -1   4909.8   27.34   53.82      0   4997.2   26.86   52.88      0
   268435456      67108864     float     sum      -1   8042.2   33.38   65.71      0   8014.5   33.49   65.94      0
   536870912     134217728     float     sum      -1    13660   39.30   77.37      0    13588   39.51   77.79      0
  1073741824     268435456     float     sum      -1    25402   42.27   83.22      0    25312   42.42   83.51      0
  2147483648     536870912     float     sum      -1    50024   42.93   84.52      0    50133   42.84   84.33      0
  4294967296    1073741824     float     sum      -1    98025   43.82   86.26      0    98915   43.42   85.48      0
           8             2     float     sum      -1    38.33    0.00    0.00      0    37.34    0.00    0.00      0
          16             4     float     sum      -1    37.90    0.00    0.00      0    36.54    0.00    0.00      0
          32             8     float     sum      -1    40.78    0.00    0.00      0    36.93    0.00    0.00      0
          64            16     float     sum      -1    42.31    0.00    0.00      0    40.91    0.00    0.00      0
         128            32     float     sum      -1    43.78    0.00    0.01      0    43.54    0.00    0.01      0
         256            64     float     sum      -1    44.68    0.01    0.01      0    45.15    0.01    0.01      0
         512           128     float     sum      -1    48.10    0.01    0.02      0    47.52    0.01    0.02      0
        1024           256     float     sum      -1    59.06    0.02    0.03      0    50.83    0.02    0.04      0
        2048           512     float     sum      -1    57.95    0.04    0.07      0    56.54    0.04    0.07      0
        4096          1024     float     sum      -1    115.2    0.04    0.07      0    112.8    0.04    0.07      0
        8192          2048     float     sum      -1    117.9    0.07    0.14      0    115.9    0.07    0.14      0
       16384          4096     float     sum      -1    124.7    0.13    0.26      0    128.7    0.13    0.25      0
       32768          8192     float     sum      -1    140.6    0.23    0.46      0    141.5    0.23    0.46      0
       65536         16384     float     sum      -1    227.1    0.29    0.57      0    204.1    0.32    0.63      0
      131072         32768     float     sum      -1    367.5    0.36    0.70      0    365.9    0.36    0.71      0
      262144         65536     float     sum      -1    422.1    0.62    1.22      0    449.9    0.58    1.15      0
      524288        131072     float     sum      -1    371.2    1.41    2.78      0    367.8    1.43    2.81      0
     1048576        262144     float     sum      -1    476.3    2.20    4.33      0    512.4    2.05    4.03      0
     2097152        524288     float     sum      -1    846.3    2.48    4.88      0    672.6    3.12    6.14      0
     4194304       1048576     float     sum      -1   1471.6    2.85    5.61      0   1145.9    3.66    7.21      0
     8388608       2097152     float     sum      -1   1404.0    5.97   11.76      0   1364.7    6.15   12.10      0
    16777216       4194304     float     sum      -1   1929.9    8.69   17.11      0   1749.2    9.59   18.88      0
    33554432       8388608     float     sum      -1   2761.5   12.15   23.92      0   2357.9   14.23   28.02      0
    67108864      16777216     float     sum      -1   3986.3   16.83   33.14      0   4092.9   16.40   32.28      0
   134217728      33554432     float     sum      -1   5739.5   23.38   46.04      0   5605.7   23.94   47.14      0
   268435456      67108864     float     sum      -1   9480.3   28.32   55.75      0   9178.5   29.25   57.58      0
   536870912     134217728     float     sum      -1    17867   30.05   59.16      0    18665   28.76   56.63      0
  1073741824     268435456     float     sum      -1    35108   30.58   60.21      0    35803   29.99   59.04      0
  2147483648     536870912     float     sum      -1    70868   30.30   59.66      0    71602   29.99   59.05      0
  4294967296    1073741824     float     sum      -1   116036   37.01   72.87      0   108488   39.59   77.94      0
