        size         count      type   redop    root     time   algbw   busbw #wrong     time   algbw   busbw #wrong
         (B)    (elements)                               (us)  (GB/s)  (GB/s)            (us)  (GB/s)  (GB/s)       
           8             2     float     sum      -1    30.95    0.00    0.00      0    30.18    0.00    0.00      0
          16             4     float     sum      -1    29.74    0.00    0.00      0    29.69    0.00    0.00      0
          32             8     float     sum      -1    29.66    0.00    0.00      0    29.81    0.00    0.00      0
          64            16     float     sum      -1    33.57    0.00    0.00      0    33.46    0.00    0.00      0
         128            32     float     sum      -1    34.70    0.00    0.01      0    34.12    0.00    0.01      0
         256            64     float     sum      -1    37.35    0.01    0.01      0    64.33    0.00    0.01      0
         512           128     float     sum      -1    38.67    0.01    0.03      0    35.85    0.01    0.03      0
        1024           256     float     sum      -1    37.68    0.03    0.05      0    37.17    0.03    0.05      0
        2048           512     float     sum      -1    40.43    0.05    0.10      0    39.58    0.05    0.10      0
        4096          1024     float     sum      -1    78.65    0.05    0.10      0    77.71    0.05    0.10      0
        8192          2048     float     sum      -1    80.69    0.10    0.20      0    78.14    0.10    0.20      0
       16384          4096     float     sum      -1    84.70    0.19    0.37      0    86.00    0.19    0.37      0
       32768          8192     float     sum      -1    98.27    0.33    0.65      0    124.3    0.26    0.51      0
       65536         16384     float     sum      -1    196.0    0.33    0.65      0    161.9    0.40    0.78      0
      131072         32768     float     sum      -1    430.6    0.30    0.59      0    394.9    0.33    0.64      0
      262144         65536     float     sum      -1    564.1    0.46    0.90      0    575.6    0.46    0.88      0
      524288        131072     float     sum      -1    783.6    0.67    1.30      0    782.7    0.67    1.30      0
     1048576        262144     float     sum      -1    437.8    2.39    4.64      0    409.2    2.56    4.97      0
     2097152        524288     float     sum      -1    612.5    3.42    6.63      0    639.0    3.28    6.36      0
     4194304       1048576     float     sum      -1   1112.1    3.77    7.31      0   1123.4    3.73    7.23      0
     8388608       2097152     float     sum      -1   1175.0    7.14   13.83      0   1276.6    6.57   12.73      0
    16777216       4194304     float     sum      -1   1721.8    9.74   18.88      0   1812.1    9.26   17.94      0
    33554432       8388608     float     sum      -1   2166.4   15.49   30.01      0   2105.5   15.94   30.88      0
    67108864      16777216     float     sum      -1   2835.9   23.66   45.85      0   2996.8   22.39   43.39      0
   134217728      33554432     float     sum      -1   4748.3   28.27   54.77      0   4848.0   27.69   53.64      0
   268435456      67108864     float     sum      -1   8569.5   31.32   60.69      0   9088.2   29.54   57.23      0
   536870912     134217728     float     sum      -1    16938   31.70   61.41      0    16861   31.84   61.69      0
  1073741824     268435456     float     sum      -1    32107   33.44   64.79      0    32862   32.67   63.31      0
  2147483648     536870912     float     sum      -1    64791   33.14   64.22      0    62305   34.47   66.78      0
  4294967296    1073741824     float     sum      -1   122129   35.17   68.14      0   130317   32.96   63.86      0
           8             2     float     sum      -1    30.95    0.00    0.00      0    29.56    0.00    0.00      0
          16             4     float     sum      -1    29.42    0.00    0.00      0    29.18    0.00    0.00      0
          32             8     float     sum      -1    29.30    0.00    0.00      0    29.67    0.00    0.00      0
          64            16     float     sum      -1    32.70    0.00    0.00      0    32.27    0.00    0.00      0
         128            32     float     sum      -1    34.45    0.00    0.01      0    33.70    0.00    0.01      0
         256            64     float     sum      -1    35.07    0.01    0.01      0    34.21    0.01    0.01      0
         512           128     float     sum      -1    35.83    0.01    0.03      0    35.16    0.01    0.03      0
        1024           256     float     sum      -1    37.59    0.03    0.05      0    36.86    0.03    0.05      0
        2048           512     float     sum      -1    39.86    0.05    0.10      0    39.75    0.05    0.10      0
        4096          1024     float     sum      -1    79.01    0.05    0.10      0    78.38    0.05    0.10      0
        8192          2048     float     sum      -1    79.65    0.10    0.20      0    78.90    0.10    0.20      0
       16384          4096     float     sum      -1    86.60    0.19    0.37      0    85.74    0.19    0.37      0
       32768          8192     float     sum      -1    106.6    0.31    0.60      0    106.6    0.31    0.60      0
       65536         16384     float     sum      -1    171.0    0.38    0.74      0    165.9    0.40    0.77      0
      131072         32768     float     sum      -1    421.9    0.31    0.60      0    390.0    0.34    0.65      0
      262144         65536     float     sum      -1    569.6    0.46    0.89      0    547.5    0.48    0.93      0
      524288        131072     float     sum      -1    825.0    0.64    1.23      0    819.3    0.64    1.24      0
     1048576        262144     float     sum      -1    438.6    2.39    4.63      0    427.6    2.45    4.75      0
     2097152        524288     float     sum      -1    688.8    3.04    5.90      0    670.9    3.13    6.06      0
     4194304       1048576     float     sum      -1   1111.0    3.78    7.31      0   1012.9    4.14    8.02      0
     8388608       2097152     float     sum      -1   1306.4    6.42   12.44      0   1171.2    7.16   13.88      0
    16777216       4194304     float     sum      -1   1535.8   10.92   21.17      0   1688.3    9.94   19.25      0
    33554432       8388608     float     sum      -1   2260.4   14.84   28.76      0   2128.5   15.76   30.54      0
    67108864      16777216     float     sum      -1   3062.6   21.91   42.46      0   2970.3   22.59   43.77      0
   134217728      33554432     float     sum      -1   4868.2   27.57   53.42      0   4947.7   27.13   52.56      0
   268435456      67108864     float     sum      -1   9610.7   27.93   54.12      0   8718.6   30.79   59.65      0
   536870912     134217728     float     sum      -1    16928   31.72   61.45      0    16404   32.73   63.41      0
  1073741824     268435456     float     sum      -1    32309   33.23   64.39      0    31953   33.60   65.11      0
  2147483648     536870912     float     sum      -1    66887   32.11   62.21      0    64111   33.50   64.90      0
  4294967296    1073741824     float     sum      -1   122845   34.96   67.74      0   122991   34.92   67.66      0
           8             2     float     sum      -1    30.42    0.00    0.00      0    29.36    0.00    0.00      0
          16             4     float     sum      -1    29.42    0.00    0.00      0    29.12    0.00    0.00      0
          32             8     float     sum      -1    29.20    0.00    0.00      0    29.10    0.00    0.00      0
          64            16     float     sum      -1    32.53    0.00    0.00      0    32.73    0.00    0.00      0
         128            32     float     sum      -1    34.17    0.00    0.01      0    34.05    0.00    0.01      0
         256            64     float     sum      -1    35.09    0.01    0.01      0    34.48    0.01    0.01      0
         512           128     float     sum      -1    35.74    0.01    0.03      0    35.24    0.01    0.03      0
        1024           256     float     sum      -1    37.12    0.03    0.05      0    36.73    0.03    0.05      0
        2048           512     float     sum      -1    40.15    0.05    0.10      0    39.51    0.05    0.10      0
        4096          1024     float     sum      -1    79.16    0.05    0.10      0    77.06    0.05    0.10      0
        8192          2048     float     sum      -1    78.92    0.10    0.20      0    78.33    0.10    0.20      0
       16384          4096     float     sum      -1    87.32    0.19    0.36      0    83.27    0.20    0.38      0
       32768          8192     float     sum      -1    136.3    0.24    0.47      0    122.3    0.27    0.52      0
       65536         16384     float     sum      -1    208.7    0.31    0.61      0    176.7    0.37    0.72      0
      131072         32768     float     sum      -1    435.7    0.30    0.58      0    430.3    0.30    0.59      0
      262144         65536     float     sum      -1    544.3    0.48    0.93      0    585.0    0.45    0.87      0
      524288        131072     float     sum      -1    793.2    0.66    1.28      0    842.4    0.62    1.21      0
     1048576        262144     float     sum      -1    441.3    2.38    4.60      0    400.3    2.62    5.08      0
     2097152        524288     float     sum      -1    674.8    3.11    6.02      0    680.2    3.08    5.97      0
     4194304       1048576     float     sum      -1   1021.5    4.11    7.96      0   1093.8    3.83    7.43      0
     8388608       2097152     float     sum      -1   1381.3    6.07   11.77      0   1177.9    7.12   13.80      0
    16777216       4194304     float     sum      -1   1598.8   10.49   20.33      0   1728.6    9.71   18.80      0
    33554432       8388608     float     sum      -1   2095.7   16.01   31.02      0   2135.5   15.71   30.44      0
    67108864      16777216     float     sum      -1   2859.5   23.47   45.47      0   2901.1   23.13   44.82      0
   134217728      33554432     float     sum      -1   4806.7   27.92   54.10      0   4721.2   28.43   55.08      0
   268435456      67108864     float     sum      -1   8929.2   30.06   58.25      0   8809.6   30.47   59.04      0
   536870912     134217728     float     sum      -1    16880   31.81   61.62      0    16728   32.09   62.18      0
  1073741824     268435456     float     sum      -1    34137   31.45   60.94      0    31292   34.31   66.48      0
  2147483648     536870912     float     sum      -1    63768   33.68   65.25      0    64961   33.06   64.05      0
  4294967296    1073741824     float     sum      -1   123147   34.88   67.57      0   122032   35.20   68.19      0
           8             2     float     sum      -1    30.32    0.00    0.00      0    29.26    0.00    0.00      0
          16             4     float     sum      -1    29.55    0.00    0.00      0    29.36    0.00    0.00      0
          32             8     float     sum      -1    29.38    0.00    0.00      0    29.77    0.00    0.00      0
          64            16     float     sum      -1    32.67    0.00    0.00      0    32.58    0.00    0.00      0
         128            32     float     sum      -1    34.04    0.00    0.01      0    33.94    0.00    0.01      0
         256            64     float     sum      -1    34.77    0.01    0.01      0    34.97    0.01    0.01      0
         512           128     float     sum      -1    35.71    0.01    0.03      0    35.18    0.01    0.03      0
        1024           256     float     sum      -1    37.62    0.03    0.05      0    36.64    0.03    0.05      0
        2048           512     float     sum      -1    40.36    0.05    0.10      0    39.06    0.05    0.10      0
        4096          1024     float     sum      -1    78.55    0.05    0.10      0    77.27    0.05    0.10      0
        8192          2048     float     sum      -1    79.16    0.10    0.20      0    78.03    0.10    0.20      0
       16384          4096     float     sum      -1    86.58    0.19    0.37      0    84.88    0.19    0.37      0
       32768          8192     float     sum      -1    102.1    0.32    0.62      0    100.8    0.32    0.63      0
       65536         16384     float     sum      -1    175.6    0.37    0.72      0    181.6    0.36    0.70      0
      131072         32768     float     sum      -1    435.1    0.30    0.58      0    429.0    0.31    0.59      0
      262144         65536     float     sum      -1    585.2    0.45    0.87      0    543.0    0.48    0.94      0
      524288        131072     float     sum      -1    825.7    0.63    1.23      0    690.5    0.76    1.47      0
     1048576        262144     float     sum      -1    430.2    2.44    4.72      0    415.9    2.52    4.88      0
     2097152        524288     float     sum      -1    675.5    3.10    6.01      0    594.8    3.53    6.83      0
     4194304       1048576     float     sum      -1   1037.2    4.04    7.83      0   1189.6    3.53    6.83      0
     8388608       2097152     float     sum      -1   1167.4    7.19   13.92      0   1225.6    6.84   13.26      0
    16777216       4194304     float     sum      -1   1668.5   10.06   19.48      0   1824.2    9.20   17.82      0
    33554432       8388608     float     sum      -1   2174.1   15.43   29.90      0   2098.0   15.99   30.99      0
    67108864      16777216     float     sum      -1   2891.5   23.21   44.97      0   2871.0   23.37   45.29      0
   134217728      33554432     float     sum      -1   5011.7   26.78   51.89      0   4787.2   28.04   54.32      0
   268435456      67108864     float     sum      -1   8830.1   30.40   58.90      0   8957.3   29.97   58.06      0
   536870912     134217728     float     sum      -1    16591   32.36   62.70      0    16652   32.24   62.47      0
  1073741824     268435456     float     sum      -1    32708   32.83   63.60      0    33585   31.97   61.94      0
  2147483648     536870912     float     sum      -1    67282   31.92   61.84      0    66261   32.41   62.79      0
  4294967296    1073741824     float     sum      -1   125291   34.28   66.42      0   110232   38.96   75.49      0
           8             2     float     sum      -1    31.23    0.00    0.00      0    29.55    0.00    0.00      0
          16             4     float     sum      -1    29.31    0.00    0.00      0    29.08    0.00    0.00      0
          32             8     float     sum      -1    29.14    0.00    0.00      0    29.05    0.00    0.00      0
          64            16     float     sum      -1    32.77    0.00    0.00      0    32.60    0.00    0.00      0
         128            32     float     sum      -1    34.58    0.00    0.01      0    33.97    0.00    0.01      0
         256            64     float     sum      -1    34.91    0.01    0.01      0    34.37    0.01    0.01      0
         512           128     float     sum      -1    36.09    0.01    0.03      0    35.19    0.01    0.03      0
        1024           256     float     sum      -1    37.46    0.03    0.05      0    36.78    0.03    0.05      0
        2048           512     float     sum      -1    39.57    0.05    0.10      0    38.95    0.05    0.10      0
        4096          1024     float     sum      -1    78.35    0.05    0.10      0    77.81    0.05    0.10      0
        8192          2048     float     sum      -1    79.51    0.10    0.20      0    78.42    0.10    0.20      0
       16384          4096     float     sum      -1    88.52    0.19    0.36      0    85.08    0.19    0.37      0
       32768          8192     float     sum      -1    118.3    0.28    0.54      0    108.0    0.30    0.59      0
       65536         16384     float     sum      -1    183.2    0.36    0.69      0    151.9    0.43    0.84      0
      131072         32768     float     sum      -1    324.4    0.40    0.78      0    342.9    0.38    0.74      0
      262144         65536     float     sum      -1    404.3    0.65    1.26      0    404.3    0.65    1.26      0
      524288        131072     float     sum      -1    681.4    0.77    1.49      0    705.0    0.74    1.44      0
     1048576        262144     float     sum      -1    378.0    2.77    5.37      0    385.3    2.72    5.27      0
     2097152        524288     float     sum      -1    571.2    3.67    7.11      0    531.1    3.95    7.65      0
     4194304       1048576     float     sum      -1    973.6    4.31    8.35      0    922.2    4.55    8.81      0
     8388608       2097152     float     sum      -1   1077.5    7.79   15.08      0   1043.1    8.04   15.58      0
    16777216       4194304     float     sum      -1   1288.3   13.02   25.23      0   1333.1   12.59   24.38      0
    33554432       8388608     float     sum      -1   1894.6   17.71   34.31      0   2237.2   15.00   29.06      0
    67108864      16777216     float     sum      -1   2965.3   22.63   43.85      0   3059.7   21.93   42.50      0
   134217728      33554432     float     sum      -1   4864.5   27.59   53.46      0   4833.2   27.77   53.80      0
   268435456      67108864     float     sum      -1   9190.3   29.21   56.59      0   8833.1   30.39   58.88      0
   536870912     134217728     float     sum      -1    17189   31.23   60.52      0    18638   28.81   55.81      0
  1073741824     268435456     float     sum      -1    32796   32.74   63.43      0    35209   30.50   59.09      0
  2147483648     536870912     float     sum      -1    66501   32.29   62.57      0    65920   32.58   63.12      0
  4294967296    1073741824     float     sum      -1   127798   33.61   65.11      0   137198   31.30   60.65      0
           8             2     float     sum      -1    30.22    0.00    0.00      0    29.45    0.00    0.00      0
          16             4     float     sum      -1    29.15    0.00    0.00      0    29.31    0.00    0.00      0
          32             8     float     sum      -1    29.20    0.00    0.00      0    29.34    0.00    0.00      0
          64            16     float     sum      -1    32.55    0.00    0.00      0    32.23    0.00    0.00      0
         128            32     float     sum      -1    34.65    0.00    0.01      0    33.54    0.00    0.01      0
         256            64     float     sum      -1    34.63    0.01    0.01      0    34.18    0.01    0.01      0
         512           128     float     sum      -1    35.63    0.01    0.03      0    35.26    0.01    0.03      0
        1024           256     float     sum      -1    37.24    0.03    0.05      0    36.94    0.03    0.05      0
        2048           512     float     sum      -1    40.17    0.05    0.10      0    39.32    0.05    0.10      0
        4096          1024     float     sum      -1    78.12    0.05    0.10      0    77.12    0.05    0.10      0
        8192          2048     float     sum      -1    79.27    0.10    0.20      0    78.83    0.10    0.20      0
       16384          4096     float     sum      -1    87.92    0.19    0.36      0    84.12    0.19    0.38      0
       32768          8192     float     sum      -1    111.6    0.29    0.57      0    105.0    0.31    0.60      0
       65536         16384     float     sum      -1    201.3    0.33    0.63      0    172.6    0.38    0.74      0
      131072         32768     float     sum      -1    431.3    0.30    0.59      0    407.9    0.32    0.62      0
      262144         65536     float     sum      -1    568.5    0.46    0.89      0    602.2    0.44    0.84      0
      524288        131072     float     sum      -1    810.1    0.65    1.25      0    814.8    0.64    1.25      0
     1048576        262144     float     sum      -1    459.7    2.28    4.42      0    423.6    2.48    4.80      0
     2097152        524288     float     sum      -1    702.9    2.98    5.78      0    593.1    3.54    6.85      0
     4194304       1048576     float     sum      -1   1093.2    3.84    7.43      0   1122.2    3.74    7.24      0
     8388608       2097152     float     sum      -1   1352.2    6.20   12.02      0   1249.2    6.72   13.01      0
    16777216       4194304     float     sum      -1   1880.9    8.92   17.28      0   1808.2    9.28   17.98      0
    33554432       8388608     float     sum      -1   2198.5   15.26   29.57      0   2236.8   15.00   29.06      0
    67108864      16777216     float     sum      -1   3056.9   21.95   42.53      0   2966.2   22.62   43.83      0
   134217728      33554432     float     sum      -1   4822.3   27.83   53.93      0   4798.7   27.97   54.19      0
   268435456      67108864     float     sum      -1   9053.2   29.65   57.45      0    10183   26.36   51.08      0
   536870912     134217728     float     sum      -1    17707   30.32   58.75      0    18124   29.62   57.39      0
  1073741824     268435456     float     sum      -1    32748   32.79   63.53      0    32647   32.89   63.72      0
  2147483648     536870912     float     sum      -1    62885   34.15   66.16      0    49851   43.08   83.46      0
  4294967296    1073741824     float     sum      -1   115787   37.09   71.87      0   127357   33.72   65.34      0
           8             2     float     sum      -1    30.30    0.00    0.00      0    29.68    0.00    0.00      0
          16             4     float     sum      -1    29.54    0.00    0.00      0    29.24    0.00    0.00      0
          32             8     float     sum      -1    29.20    0.00    0.00      0    29.32    0.00    0.00      0
          64            16     float     sum      -1    32.42    0.00    0.00      0    32.51    0.00    0.00      0
         128            32     float     sum      -1    34.15    0.00    0.01      0    33.67    0.00    0.01      0
         256            64     float     sum      -1    34.86    0.01    0.01      0    34.82    0.01    0.01      0
         512           128     float     sum      -1    36.05    0.01    0.03      0    35.05    0.01    0.03      0
        1024           256     float     sum      -1    37.49    0.03    0.05      0    36.93    0.03    0.05      0
        2048           512     float     sum      -1    40.61    0.05    0.10      0    39.49    0.05    0.10      0
        4096          1024     float     sum      -1    78.29    0.05    0.10      0    76.95    0.05    0.10      0
        8192          2048     float     sum      -1    79.45    0.10    0.20      0    78.03    0.10    0.20      0
       16384          4096     float     sum      -1    86.59    0.19    0.37      0    84.70    0.19    0.37      0
       32768          8192     float     sum      -1    105.5    0.31    0.60      0    112.5    0.29    0.56      0
       65536         16384     float     sum      -1    172.2    0.38    0.74      0    167.0    0.39    0.76      0
      131072         32768     float     sum      -1    345.5    0.38    0.73      0    339.9    0.39    0.75      0
      262144         65536     float     sum      -1    406.1    0.65    1.25      0    421.5    0.62    1.20      0
      524288        131072     float     sum      -1    711.7    0.74    1.43      0    708.8    0.74    1.43      0
     1048576        262144     float     sum      -1    377.2    2.78    5.39      0    370.1    2.83    5.49      0
     2097152        524288     float     sum      -1    538.1    3.90    7.55      0    522.9    4.01    7.77      0
     4194304       1048576     float     sum      -1    966.3    4.34    8.41      0    881.1    4.76    9.22      0
     8388608       2097152     float     sum      -1   1105.7    7.59   14.70      0   1083.0    7.75   15.01      0
    16777216       4194304     float     sum      -1   1409.6   11.90   23.06      0   1401.7   11.97   23.19      0
    33554432       8388608     float     sum      -1   1982.8   16.92   32.79      0   1907.4   17.59   34.08      0
    67108864      16777216     float     sum      -1   2543.9   26.38   51.11      0   2642.0   25.40   49.21      0
   134217728      33554432     float     sum      -1   4129.0   32.51   62.98      0   4162.2   32.25   62.48      0
   268435456      67108864     float     sum      -1   7023.1   38.22   74.05      0   7096.3   37.83   73.29      0
   536870912     134217728     float     sum      -1    13169   40.77   78.99      0    13000   41.30   80.02      0
  1073741824     268435456     float     sum      -1    25929   41.41   80.23      0    25751   41.70   80.79      0
  2147483648     536870912     float     sum      -1    50188   42.79   82.90      0    50438   42.58   82.49      0
  4294967296    1073741824     float     sum      -1   100243   42.85   83.01      0    98642   43.54   84.36      0
           8             2     float     sum      -1    30.52    0.00    0.00      0    29.78    0.00    0.00      0
          16             4     float     sum      -1    29.23    0.00    0.00      0    29.27    0.00    0.00      0
          32             8     float     sum      -1    29.19    0.00    0.00      0    29.02    0.00    0.00      0
          64            16     float     sum      -1    32.96    0.00    0.00      0    32.44    0.00    0.00      0
         128            32     float     sum      -1    34.81    0.00    0.01      0    33.69    0.00    0.01      0
         256            64     float     sum      -1    34.84    0.01    0.01      0    34.33    0.01    0.01      0
         512           128     float     sum      -1    35.70    0.01    0.03      0    35.03    0.01    0.03      0
        1024           256     float     sum      -1    37.46    0.03    0.05      0    36.53    0.03    0.05      0
        2048           512     float     sum      -1    40.16    0.05    0.10      0    39.43    0.05    0.10      0
        4096          1024     float     sum      -1    78.26    0.05    0.10      0    77.27    0.05    0.10      0
        8192          2048     float     sum      -1    78.86    0.10    0.20      0    78.00    0.11    0.20      0
       16384          4096     float     sum      -1    89.30    0.18    0.36      0    86.29    0.19    0.37      0
       32768          8192     float     sum      -1    101.0    0.32    0.63      0    101.9    0.32    0.62      0
       65536         16384     float     sum      -1    163.0    0.40    0.78      0    157.1    0.42    0.81      0
      131072         32768     float     sum      -1    351.6    0.37    0.72      0    340.8    0.38    0.75      0
      262144         65536     float     sum      -1    398.4    0.66    1.27      0    404.9    0.65    1.25      0
      524288        131072     float     sum      -1    713.5    0.73    1.42      0    718.3    0.73    1.41      0
     1048576        262144     float     sum      -1    343.1    3.06    5.92      0    396.7    2.64    5.12      0
     2097152        524288     float     sum      -1    591.0    3.55    6.88      0    546.8    3.84    7.43      0
     4194304       1048576     float     sum      -1    892.0    4.70    9.11      0    918.4    4.57    8.85      0
     8388608       2097152     float     sum      -1   1100.0    7.63   14.78      0   1100.2    7.62   14.77      0
    16777216       4194304     float     sum      -1   1424.8   11.78   22.81      0   1431.8   11.72   22.70      0
    33554432       8388608     float     sum      -1   2008.4   16.71   32.37      0   1949.7   17.21   33.34      0
    67108864      16777216     float     sum      -1   2615.5   25.66   49.71      0   2763.6   24.28   47.05      0
   134217728      33554432     float     sum      -1   4155.0   32.30   62.59      0   4235.8   31.69   61.39      0
   268435456      67108864     float     sum      -1   7134.9   37.62   72.89      0   7111.0   37.75   73.14      0
   536870912     134217728     float     sum      -1    13259   40.49   78.45      0    12978   41.37   80.15      0
  1073741824     268435456     float     sum      -1    25806   41.61   80.62      0    25668   41.83   81.05      0
  2147483648     536870912     float     sum      -1    50736   42.33   82.01      0    51398   41.78   80.95      0
  4294967296    1073741824     float     sum      -1    99543   43.15   83.60      0   100513   42.73   82.79      0
           8             2     float     sum      -1    30.14    0.00    0.00      0    29.37    0.00    0.00      0
          16             4     float     sum      -1    29.34    0.00    0.00      0    29.01    0.00    0.00      0
          32             8     float     sum      -1    29.48    0.00    0.00      0    29.26    0.00    0.00      0
          64            16     float     sum      -1    32.78    0.00    0.00      0    32.35    0.00    0.00      0
         128            32     float     sum      -1    34.54    0.00    0.01      0    33.58    0.00    0.01      0
         256            64     float     sum      -1    35.13    0.01    0.01      0    34.18    0.01    0.01      0
         512           128     float     sum      -1    35.80    0.01    0.03      0    35.34    0.01    0.03      0
        1024           256     float     sum      -1    37.78    0.03    0.05      0    36.59    0.03    0.05      0
        2048           512     float     sum      -1    39.81    0.05    0.10      0    39.45    0.05    0.10      0
        4096          1024     float     sum      -1    79.16    0.05    0.10      0    77.78    0.05    0.10      0
        8192          2048     float     sum      -1    79.47    0.10    0.20      0    78.33    0.10    0.20      0
       16384          4096     float     sum      -1    89.26    0.18    0.36      0    86.71    0.19    0.37      0
       32768          8192     float     sum      -1    113.8    0.29    0.56      0    97.71    0.34    0.65      0
       65536         16384     float     sum      -1    174.3    0.38    0.73      0    139.0    0.47    0.91      0
      131072         32768     float     sum      -1    240.1    0.55    1.06      0    332.6    0.39    0.76      0
      262144         65536     float     sum      -1    350.9    0.75    1.45      0    410.7    0.64    1.24      0
      524288        131072     float     sum      -1    707.5    0.74    1.44      0    690.1    0.76    1.47      0
     1048576        262144     float     sum      -1    355.3    2.95    5.72      0    391.4    2.68    5.19      0
     2097152        524288     float     sum      -1    585.5    3.58    6.94      0    525.9    3.99    7.73      0
     4194304       1048576     float     sum      -1    929.4    4.51    8.74      0    901.4    4.65    9.02      0
     8388608       2097152     float     sum      -1   1038.7    8.08   15.65      0   1120.9    7.48   14.50      0
    16777216       4194304     float     sum      -1   1388.8   12.08   23.41      0   1369.7   12.25   23.73      0
    33554432       8388608     float     sum      -1   1896.8   17.69   34.28      0   1889.3   17.76   34.41      0
    67108864      16777216     float     sum      -1   2654.9   25.28   48.98      0   2836.8   23.66   45.83      0
   134217728      33554432     float     sum      -1   4896.4   27.41   53.11      0   5459.1   24.59   47.64      0
   268435456      67108864     float     sum      -1   9284.4   28.91   56.02      0   9147.7   29.34   56.85      0
   536870912     134217728     float     sum      -1    17583   30.53   59.16      0    18299   29.34   56.85      0
  1073741824     268435456     float     sum      -1    33282   32.26   62.51      0    34629   31.01   60.08      0
  2147483648     536870912     float     sum      -1    52120   41.20   79.83      0    50458   42.56   82.46      0
  4294967296    1073741824     float     sum      -1    99478   43.18   83.65      0    97974   43.84   84.94      0
           8             2     float     sum      -1    30.74    0.00    0.00      0    30.25    0.00    0.00      0
          16             4     float     sum      -1    30.13    0.00    0.00      0    29.52    0.00    0.00      0
          32             8     float     sum      -1    29.78    0.00    0.00      0    34.82    0.00    0.00      0
          64            16     float     sum      -1    33.54    0.00    0.00      0    33.18    0.00    0.00      0
         128            32     float     sum      -1    34.70    0.00    0.01      0    34.08    0.00    0.01      0
         256            64     float     sum      -1    35.36    0.01    0.01      0    34.62    0.01    0.01      0
         512           128     float     sum      -1    36.24    0.01    0.03      0    35.82    0.01    0.03      0
        1024           256     float     sum      -1    37.86    0.03    0.05      0    37.01    0.03    0.05      0
        2048           512     float     sum      -1    40.90    0.05    0.10      0    40.08    0.05    0.10      0
        4096          1024     float     sum      -1    80.70    0.05    0.10      0    79.97    0.05    0.10      0
        8192          2048     float     sum      -1    81.76    0.10    0.19      0    80.52    0.10    0.20      0
       16384          4096     float     sum      -1    98.00    0.17    0.32      0    88.78    0.18    0.36      0
       32768          8192     float     sum      -1    99.55    0.33    0.64      0    107.6    0.30    0.59      0
       65536         16384     float     sum      -1    185.7    0.35    0.68      0    165.4    0.40    0.77      0
      131072         32768     float     sum      -1    362.4    0.36    0.70      0    345.2    0.38    0.74      0
      262144         65536     float     sum      -1    438.2    0.60    1.16      0    412.1    0.64    1.23      0
      524288        131072     float     sum      -1    712.6    0.74    1.43      0    714.5    0.73    1.42      0
     1048576        262144     float     sum      -1    368.8    2.84    5.51      0    364.2    2.88    5.58      0
     2097152        524288     float     sum      -1    545.7    3.84    7.45      0    570.8    3.67    7.12      0
     4194304       1048576     float     sum      -1    941.8    4.45    8.63      0    931.5    4.50    8.72      0
     8388608       2097152     float     sum      -1   1156.9    7.25   14.05      0   1071.2    7.83   15.17      0
    16777216       4194304     float     sum      -1   1498.9   11.19   21.69      0   1296.4   12.94   25.07      0
    33554432       8388608     float     sum      -1   1880.8   17.84   34.57      0   1920.2   17.47   33.86      0
    67108864      16777216     float     sum      -1   2758.0   24.33   47.14      0   2643.7   25.38   49.18      0
   134217728      33554432     float     sum      -1   4112.6   32.64   63.23      0   4186.2   32.06   62.12      0
   268435456      67108864     float     sum      -1   7226.9   37.14   71.97      0   7085.1   37.89   73.41      0
   536870912     134217728     float     sum      -1    13179   40.74   78.93      0    13159   40.80   79.05      0
  1073741824     268435456     float     sum      -1    25996   41.30   80.03      0    25512   42.09   81.54      0
  2147483648     536870912     float     sum      -1    50492   42.53   82.40      0    50662   42.39   82.13      0
  4294967296    1073741824     float     sum      -1    99748   43.06   83.43      0    99304   43.25   83.80      0
