        size         count      type   redop    root     time   algbw   busbw #wrong     time   algbw   busbw #wrong
         (B)    (elements)                               (us)  (GB/s)  (GB/s)            (us)  (GB/s)  (GB/s)       
           8             2     float     sum      -1    15.76    0.00    0.00      0    15.26    0.00    0.00      0
          16             4     float     sum      -1    15.25    0.00    0.00      0    15.57    0.00    0.00      0
          32             8     float     sum      -1    15.11    0.00    0.00      0    15.16    0.00    0.00      0
          64            16     float     sum      -1    16.59    0.00    0.01      0    16.54    0.00    0.01      0
         128            32     float     sum      -1    16.99    0.01    0.01      0    16.98    0.01    0.01      0
         256            64     float     sum      -1    17.27    0.01    0.03      0    16.97    0.02    0.03      0
         512           128     float     sum      -1    17.70    0.03    0.05      0    17.45    0.03    0.05      0
        1024           256     float     sum      -1    18.31    0.06    0.10      0    18.19    0.06    0.10      0
        2048           512     float     sum      -1    19.26    0.11    0.19      0    18.86    0.11    0.19      0
        4096          1024     float     sum      -1    31.90    0.13    0.22      0    31.87    0.13    0.22      0
        8192          2048     float     sum      -1    32.81    0.25    0.44      0    32.36    0.25    0.44      0
       16384          4096     float     sum      -1    33.87    0.48    0.85      0    32.52    0.50    0.88      0
       32768          8192     float     sum      -1    34.51    0.95    1.66      0    34.38    0.95    1.67      0
       65536         16384     float     sum      -1    54.33    1.21    2.11      0    53.74    1.22    2.13      0
      131072         32768     float     sum      -1    64.08    2.05    3.58      0    63.78    2.06    3.60      0
      262144         65536     float     sum      -1    91.44    2.87    5.02      0    90.01    2.91    5.10      0
      524288        131072     float     sum      -1    99.65    5.26    9.21      0    161.5    3.25    5.68      0
     1048576        262144     float     sum      -1    118.2    8.87   15.53      0    117.4    8.93   15.63      0
     2097152        524288     float     sum      -1    187.9   11.16   19.53      0    186.8   11.23   19.65      0
     4194304       1048576     float     sum      -1    303.1   13.84   24.22      0    511.6    8.20   14.35      0
     8388608       2097152     float     sum      -1    356.3   23.55   41.20      0    357.6   23.46   41.05      0
    16777216       4194304     float     sum      -1    465.3   36.06   63.10      0    478.3   35.08   61.38      0
    33554432       8388608     float     sum      -1    860.8   38.98   68.21      0    842.5   39.83   69.69      0
    67108864      16777216     float     sum      -1   1195.5   56.14   98.24      0   1199.3   55.96   97.93      0
   134217728      33554432     float     sum      -1   1982.2   67.71  118.49      0   1978.2   67.85  118.73      0
   268435456      67108864     float     sum      -1   3499.3   76.71  134.25      0   3508.0   76.52  133.91      0
   536870912     134217728     float     sum      -1   6568.5   81.73  143.04      0   6571.9   81.69  142.96      0
  1073741824     268435456     float     sum      -1    12684   84.66  148.15      0    12705   84.51  147.89      0
  2147483648     536870912     float     sum      -1    24971   86.00  150.50      0    24968   86.01  150.52      0
  4294967296    1073741824     float     sum      -1    49383   86.97  152.20      0    49548   86.68  151.69      0
           8             2     float     sum      -1    15.80    0.00    0.00      0    15.14    0.00    0.00      0
          16             4     float     sum      -1    15.26    0.00    0.00      0    15.30    0.00    0.00      0
          32             8     float     sum      -1    15.21    0.00    0.00      0    15.21    0.00    0.00      0
          64            16     float     sum      -1    16.76    0.00    0.01      0    16.69    0.00    0.01      0
         128            32     float     sum      -1    17.04    0.01    0.01      0    16.79    0.01    0.01      0
         256            64     float     sum      -1    17.25    0.01    0.03      0    17.02    0.02    0.03      0
         512           128     float     sum      -1    17.92    0.03    0.05      0    17.68    0.03    0.05      0
        1024           256     float     sum      -1    18.61    0.06    0.10      0    18.29    0.06    0.10      0
        2048           512     float     sum      -1    19.19    0.11    0.19      0    18.91    0.11    0.19      0
        4096          1024     float     sum      -1    32.58    0.13    0.22      0    31.34    0.13    0.23      0
        8192          2048     float     sum      -1    32.46    0.25    0.44      0    31.93    0.26    0.45      0
       16384          4096     float     sum      -1    32.97    0.50    0.87      0    32.28    0.51    0.89      0
       32768          8192     float     sum      -1    34.91    0.94    1.64      0    34.04    0.96    1.68      0
       65536         16384     float     sum      -1    53.46    1.23    2.15      0    53.88    1.22    2.13      0
      131072         32768     float     sum      -1    63.53    2.06    3.61      0    63.09    2.08    3.64      0
      262144         65536     float     sum      -1    92.21    2.84    4.98      0    90.02    2.91    5.10      0
      524288        131072     float     sum      -1    100.1    5.24    9.16      0    99.27    5.28    9.24      0
     1048576        262144     float     sum      -1    118.4    8.86   15.50      0    117.9    8.89   15.56      0
     2097152        524288     float     sum      -1    188.1   11.15   19.51      0    188.8   11.11   19.44      0
     4194304       1048576     float     sum      -1    302.3   13.88   24.28      0    300.4   13.96   24.43      0
     8388608       2097152     float     sum      -1    356.7   23.52   41.16      0    354.4   23.67   41.42      0
    16777216       4194304     float     sum      -1    461.4   36.36   63.63      0    462.7   36.26   63.45      0
    33554432       8388608     float     sum      -1    862.4   38.91   68.09      0    854.5   39.27   68.72      0
    67108864      16777216     float     sum      -1   1189.8   56.40   98.71      0   1186.6   56.56   98.97      0
   134217728      33554432     float     sum      -1   1983.2   67.68  118.44      0   1986.5   67.57  118.24      0
   268435456      67108864     float     sum      -1   3487.9   76.96  134.68      0   3498.1   76.74  134.29      0
   536870912     134217728     float     sum      -1   6546.1   82.01  143.52      0   6566.9   81.75  143.07      0
  1073741824     268435456     float     sum      -1    12696   84.57  148.01      0    12667   84.77  148.34      0
  2147483648     536870912     float     sum      -1    24987   85.95  150.40      0    24984   85.95  150.42      0
  4294967296    1073741824     float     sum      -1    49639   86.52  151.42      0    49528   86.72  151.76      0
           8             2     float     sum      -1    15.95    0.00    0.00      0    15.41    0.00    0.00      0
          16             4     float     sum      -1    15.24    0.00    0.00      0    15.14    0.00    0.00      0
          32             8     float     sum      -1    15.22    0.00    0.00      0    15.18    0.00    0.00      0
          64            16     float     sum      -1    16.88    0.00    0.01      0    16.80    0.00    0.01      0
         128            32     float     sum      -1    17.08    0.01    0.01      0    16.94    0.01    0.01      0
         256            64     float     sum      -1    17.46    0.01    0.03      0    16.91    0.02    0.03      0
         512           128     float     sum      -1    17.91    0.03    0.05      0    17.61    0.03    0.05      0
        1024           256     float     sum      -1    18.47    0.06    0.10      0    18.20    0.06    0.10      0
        2048           512     float     sum      -1    19.18    0.11    0.19      0    19.02    0.11    0.19      0
        4096          1024     float     sum      -1    31.96    0.13    0.22      0    31.77    0.13    0.23      0
        8192          2048     float     sum      -1    32.69    0.25    0.44      0    32.25    0.25    0.44      0
       16384          4096     float     sum      -1    32.99    0.50    0.87      0    32.56    0.50    0.88      0
       32768          8192     float     sum      -1    34.74    0.94    1.65      0    33.78    0.97    1.70      0
       65536         16384     float     sum      -1    53.74    1.22    2.13      0    53.35    1.23    2.15      0
      131072         32768     float     sum      -1    63.92    2.05    3.59      0    63.34    2.07    3.62      0
      262144         65536     float     sum      -1    91.37    2.87    5.02      0    90.39    2.90    5.08      0
      524288        131072     float     sum      -1    101.0    5.19    9.08      0    99.80    5.25    9.19      0
     1048576        262144     float     sum      -1    118.0    8.89   15.55      0    117.9    8.89   15.56      0
     2097152        524288     float     sum      -1    187.2   11.20   19.60      0    185.2   11.32   19.82      0
     4194304       1048576     float     sum      -1    300.6   13.95   24.41      0    303.5   13.82   24.19      0
     8388608       2097152     float     sum      -1    356.4   23.53   41.18      0    353.8   23.71   41.49      0
    16777216       4194304     float     sum      -1    480.7   34.90   61.08      0    464.2   36.14   63.25      0
    33554432       8388608     float     sum      -1    873.7   38.41   67.21      0    859.9   39.02   68.29      0
    67108864      16777216     float     sum      -1   1196.7   56.08   98.14      0   1196.7   56.08   98.13      0
   134217728      33554432     float     sum      -1   1971.5   68.08  119.14      0   1978.3   67.85  118.73      0
   268435456      67108864     float     sum      -1   3511.0   76.46  133.80      0   3510.9   76.46  133.80      0
   536870912     134217728     float     sum      -1   6544.4   82.03  143.56      0   6548.1   81.99  143.48      0
  1073741824     268435456     float     sum      -1    12694   84.59  148.03      0    12704   84.52  147.91      0
  2147483648     536870912     float     sum      -1    24932   86.13  150.74      0    24964   86.02  150.54      0
  4294967296    1073741824     float     sum      -1    49571   86.64  151.62      0    49572   86.64  151.62      0
           8             2     float     sum      -1    15.98    0.00    0.00      0    15.45    0.00    0.00      0
          16             4     float     sum      -1    15.34    0.00    0.00      0    15.25    0.00    0.00      0
          32             8     float     sum      -1    15.32    0.00    0.00      0    15.34    0.00    0.00      0
          64            16     float     sum      -1    16.79    0.00    0.01      0    16.65    0.00    0.01      0
         128            32     float     sum      -1    17.14    0.01    0.01      0    17.04    0.01    0.01      0
         256            64     float     sum      -1    17.43    0.01    0.03      0    17.07    0.02    0.03      0
         512           128     float     sum      -1    17.73    0.03    0.05      0    17.61    0.03    0.05      0
        1024           256     float     sum      -1    18.58    0.06    0.10      0    18.10    0.06    0.10      0
        2048           512     float     sum      -1    18.98    0.11    0.19      0    19.15    0.11    0.19      0
        4096          1024     float     sum      -1    32.18    0.13    0.22      0    31.55    0.13    0.23      0
        8192          2048     float     sum      -1    32.43    0.25    0.44      0    32.31    0.25    0.44      0
       16384          4096     float     sum      -1    33.57    0.49    0.85      0    32.65    0.50    0.88      0
       32768          8192     float     sum      -1    34.65    0.95    1.65      0    34.23    0.96    1.68      0
       65536         16384     float     sum      -1    54.23    1.21    2.11      0    53.54    1.22    2.14      0
      131072         32768     float     sum      -1    63.40    2.07    3.62      0    63.30    2.07    3.62      0
      262144         65536     float     sum      -1    91.10    2.88    5.04      0    90.36    2.90    5.08      0
      524288        131072     float     sum      -1    99.93    5.25    9.18      0    99.63    5.26    9.21      0
     1048576        262144     float     sum      -1    118.7    8.84   15.46      0    117.3    8.94   15.64      0
     2097152        524288     float     sum      -1    190.5   11.01   19.26      0    188.6   11.12   19.46      0
     4194304       1048576     float     sum      -1    302.9   13.85   24.24      0    301.2   13.93   24.37      0
     8388608       2097152     float     sum      -1    354.7   23.65   41.38      0    353.1   23.76   41.58      0
    16777216       4194304     float     sum      -1    463.1   36.23   63.40      0    475.6   35.28   61.74      0
    33554432       8388608     float     sum      -1    826.8   40.58   71.02      0    846.6   39.64   69.36      0
    67108864      16777216     float     sum      -1   1208.6   55.53   97.17      0   1199.7   55.94   97.89      0
   134217728      33554432     float     sum      -1   1970.5   68.11  119.20      0   2002.2   67.04  117.31      0
   268435456      67108864     float     sum      -1   3494.5   76.82  134.43      0   3491.9   76.87  134.53      0
   536870912     134217728     float     sum      -1   6563.4   81.80  143.15      0   6553.6   81.92  143.36      0
  1073741824     268435456     float     sum      -1    12671   84.74  148.30      0    12701   84.54  147.95      0
  2147483648     536870912     float     sum      -1    24995   85.92  150.36      0    24961   86.03  150.56      0
  4294967296    1073741824     float     sum      -1    49596   86.60  151.55      0    49522   86.73  151.78      0
           8             2     float     sum      -1    15.86    0.00    0.00      0    15.35    0.00    0.00      0
          16             4     float     sum      -1    15.43    0.00    0.00      0    15.22    0.00    0.00      0
          32             8     float     sum      -1    15.20    0.00    0.00      0    15.28    0.00    0.00      0
          64            16     float     sum      -1    16.64    0.00    0.01      0    16.65    0.00    0.01      0
         128            32     float     sum      -1    16.82    0.01    0.01      0    16.77    0.01    0.01      0
         256            64     float     sum      -1    17.43    0.01    0.03      0    17.22    0.01    0.03      0
         512           128     float     sum      -1    17.73    0.03    0.05      0    17.55    0.03    0.05      0
        1024           256     float     sum      -1    18.44    0.06    0.10      0    17.99    0.06    0.10      0
        2048           512     float     sum      -1    19.30    0.11    0.19      0    19.14    0.11    0.19      0
        4096          1024     float     sum      -1    31.93    0.13    0.22      0    31.59    0.13    0.23      0
        8192          2048     float     sum      -1    32.84    0.25    0.44      0    32.14    0.25    0.45      0
       16384          4096     float     sum      -1    32.81    0.50    0.87      0    32.61    0.50    0.88      0
       32768          8192     float     sum      -1    34.54    0.95    1.66      0    34.02    0.96    1.69      0
       65536         16384     float     sum      -1    53.93    1.22    2.13      0    53.53    1.22    2.14      0
      131072         32768     float     sum      -1    63.21    2.07    3.63      0    63.61    2.06    3.61      0
      262144         65536     float     sum      -1    91.18    2.87    5.03      0    89.55    2.93    5.12      0
      524288        131072     float     sum      -1    99.79    5.25    9.19      0    99.73    5.26    9.20      0
     1048576        262144     float     sum      -1    136.7    7.67   13.42      0    126.9    8.26   14.46      0
     2097152        524288     float     sum      -1    189.9   11.04   19.33      0    188.3   11.14   19.49      0
     4194304       1048576     float     sum      -1    304.2   13.79   24.13      0    299.5   14.00   24.51      0
     8388608       2097152     float     sum      -1    352.5   23.80   41.65      0    353.4   23.74   41.54      0
    16777216       4194304     float     sum      -1    479.4   34.99   61.24      0    473.1   35.46   62.06      0
    33554432       8388608     float     sum      -1    861.1   38.97   68.19      0    866.5   38.73   67.77      0
    67108864      16777216     float     sum      -1   1207.2   55.59   97.29      0   1202.5   55.81   97.66      0
   134217728      33554432     float     sum      -1   1967.2   68.23  119.40      0   1981.2   67.75  118.56      0
   268435456      67108864     float     sum      -1   3488.1   76.96  134.68      0   3497.5   76.75  134.32      0
   536870912     134217728     float     sum      -1   6567.1   81.75  143.06      0   6544.0   82.04  143.57      0
  1073741824     268435456     float     sum      -1    12672   84.73  148.28      0    12692   84.60  148.05      0
  2147483648     536870912     float     sum      -1    24994   85.92  150.36      0    24961   86.04  150.56      0
  4294967296    1073741824     float     sum      -1    49409   86.93  152.12      0    49506   86.76  151.82      0
           8             2     float     sum      -1    15.94    0.00    0.00      0    15.21    0.00    0.00      0
          16             4     float     sum      -1    15.08    0.00    0.00      0    15.40    0.00    0.00      0
          32             8     float     sum      -1    15.20    0.00    0.00      0    15.14    0.00    0.00      0
          64            16     float     sum      -1    16.75    0.00    0.01      0    16.55    0.00    0.01      0
         128            32     float     sum      -1    17.13    0.01    0.01      0    17.19    0.01    0.01      0
         256            64     float     sum      -1    17.44    0.01    0.03      0    17.02    0.02    0.03      0
         512           128     float     sum      -1    17.76    0.03    0.05      0    17.36    0.03    0.05      0
        1024           256     float     sum      -1    18.47    0.06    0.10      0    18.17    0.06    0.10      0
        2048           512     float     sum      -1    19.26    0.11    0.19      0    19.17    0.11    0.19      0
        4096          1024     float     sum      -1    32.53    0.13    0.22      0    31.58    0.13    0.23      0
        8192          2048     float     sum      -1    32.54    0.25    0.44      0    32.03    0.26    0.45      0
       16384          4096     float     sum      -1    33.11    0.49    0.87      0    33.07    0.50    0.87      0
       32768          8192     float     sum      -1    34.70    0.94    1.65      0    34.15    0.96    1.68      0
       65536         16384     float     sum      -1    53.94    1.22    2.13      0    54.26    1.21    2.11      0
      131072         32768     float     sum      -1    63.54    2.06    3.61      0    63.31    2.07    3.62      0
      262144         65536     float     sum      -1    90.86    2.89    5.05      0    90.69    2.89    5.06      0
      524288        131072     float     sum      -1    100.2    5.23    9.16      0    100.6    5.21    9.12      0
     1048576        262144     float     sum      -1    119.1    8.80   15.40      0    117.6    8.92   15.60      0
     2097152        524288     float     sum      -1    190.8   10.99   19.24      0    188.8   11.11   19.44      0
     4194304       1048576     float     sum      -1    303.3   13.83   24.20      0    302.3   13.87   24.28      0
     8388608       2097152     float     sum      -1    356.4   23.54   41.19      0    353.0   23.76   41.59      0
    16777216       4194304     float     sum      -1    464.2   36.14   63.25      0    475.3   35.30   61.77      0
    33554432       8388608     float     sum      -1    857.2   39.15   68.51      0    844.7   39.72   69.51      0
    67108864      16777216     float     sum      -1   1205.4   55.68   97.43      0   1200.2   55.92   97.85      0
   134217728      33554432     float     sum      -1   1971.6   68.08  119.13      0   1979.9   67.79  118.63      0
   268435456      67108864     float     sum      -1   3509.8   76.48  133.84      0   3502.7   76.64  134.12      0
   536870912     134217728     float     sum      -1   6570.1   81.71  143.00      0   6565.5   81.77  143.10      0
  1073741824     268435456     float     sum      -1    12711   84.47  147.83      0    12683   84.66  148.16      0
  2147483648     536870912     float     sum      -1    24987   85.94  150.40      0    25006   85.88  150.29      0
  4294967296    1073741824     float     sum      -1    49610   86.58  151.51      0    49501   86.77  151.84      0
           8             2     float     sum      -1    15.80    0.00    0.00      0    15.40    0.00    0.00      0
          16             4     float     sum      -1    15.31    0.00    0.00      0    15.16    0.00    0.00      0
          32             8     float     sum      -1    15.40    0.00    0.00      0    15.23    0.00    0.00      0
          64            16     float     sum      -1    16.98    0.00    0.01      0    16.86    0.00    0.01      0
         128            32     float     sum      -1    17.05    0.01    0.01      0    16.75    0.01    0.01      0
         256            64     float     sum      -1    17.31    0.01    0.03      0    17.58    0.01    0.03      0
         512           128     float     sum      -1    17.58    0.03    0.05      0    17.59    0.03    0.05      0
        1024           256     float     sum      -1    18.39    0.06    0.10      0    18.09    0.06    0.10      0
        2048           512     float     sum      -1    19.12    0.11    0.19      0    18.95    0.11    0.19      0
        4096          1024     float     sum      -1    31.99    0.13    0.22      0    31.66    0.13    0.23      0
        8192          2048     float     sum      -1    32.45    0.25    0.44      0    32.14    0.25    0.45      0
       16384          4096     float     sum      -1    33.16    0.49    0.86      0    32.47    0.50    0.88      0
       32768          8192     float     sum      -1    34.70    0.94    1.65      0    33.74    0.97    1.70      0
       65536         16384     float     sum      -1    53.42    1.23    2.15      0    54.04    1.21    2.12      0
      131072         32768     float     sum      -1    63.29    2.07    3.62      0    63.81    2.05    3.59      0
      262144         65536     float     sum      -1    91.03    2.88    5.04      0    90.52    2.90    5.07      0
      524288        131072     float     sum      -1    99.99    5.24    9.18      0    109.1    4.81    8.41      0
     1048576        262144     float     sum      -1    118.2    8.87   15.52      0    117.0    8.96   15.68      0
     2097152        524288     float     sum      -1    189.3   11.08   19.38      0    187.9   11.16   19.53      0
     4194304       1048576     float     sum      -1    304.0   13.80   24.14      0    302.7   13.86   24.25      0
     8388608       2097152     float     sum      -1    355.5   23.60   41.29      0    354.2   23.68   41.45      0
    16777216       4194304     float     sum      -1    462.8   36.26   63.45      0    514.0   32.64   57.12      0
    33554432       8388608     float     sum      -1    867.3   38.69   67.71      0    841.3   39.88   69.79      0
    67108864      16777216     float     sum      -1   1193.7   56.22   98.39      0   1194.1   56.20   98.35      0
   134217728      33554432     float     sum      -1   1984.2   67.64  118.37      0   1977.9   67.86  118.75      0
   268435456      67108864     float     sum      -1   3491.2   76.89  134.56      0   3496.2   76.78  134.37      0
   536870912     134217728     float     sum      -1   6543.2   82.05  143.59      0   6550.6   81.96  143.43      0
  1073741824     268435456     float     sum      -1    12698   84.56  147.98      0    12697   84.57  147.99      0
  2147483648     536870912     float     sum      -1    24969   86.01  150.51      0    24907   86.22  150.88      0
  4294967296    1073741824     float     sum      -1    49585   86.62  151.58      0    49593   86.60  151.56      0
           8             2     float     sum      -1    16.08    0.00    0.00      0    15.39    0.00    0.00      0
          16             4     float     sum      -1    15.48    0.00    0.00      0    15.32    0.00    0.00      0
          32             8     float     sum      -1    15.13    0.00    0.00      0    15.10    0.00    0.00      0
          64            16     float     sum      -1    16.93    0.00    0.01      0    16.57    0.00    0.01      0
         128            32     float     sum      -1    17.21    0.01    0.01      0    16.83    0.01    0.01      0
         256            64     float     sum      -1    17.54    0.01    0.03      0    17.27    0.01    0.03      0
         512           128     float     sum      -1    17.78    0.03    0.05      0    17.62    0.03    0.05      0
        1024           256     float     sum      -1    18.33    0.06    0.10      0    18.16    0.06    0.10      0
        2048           512     float     sum      -1    19.35    0.11    0.19      0    18.80    0.11    0.19      0
        4096          1024     float     sum      -1    31.62    0.13    0.23      0    31.53    0.13    0.23      0
        8192          2048     float     sum      -1    32.96    0.25    0.43      0    32.10    0.26    0.45      0
       16384          4096     float     sum      -1    33.26    0.49    0.86      0    32.71    0.50    0.88      0
       32768          8192     float     sum      -1    34.83    0.94    1.65      0    34.10    0.96    1.68      0
       65536         16384     float     sum      -1    53.90    1.22    2.13      0    53.59    1.22    2.14      0
      131072         32768     float     sum      -1    63.61    2.06    3.61      0    63.60    2.06    3.61      0
      262144         65536     float     sum      -1    91.12    2.88    5.03      0    89.84    2.92    5.11      0
      524288        131072     float     sum      -1    100.6    5.21    9.12      0    99.94    5.25    9.18      0
     1048576        262144     float     sum      -1    164.5    6.37   11.15      0    117.9    8.90   15.57      0
     2097152        524288     float     sum      -1    189.0   11.10   19.42      0    188.7   11.11   19.45      0
     4194304       1048576     float     sum      -1    301.4   13.91   24.35      0    303.2   13.83   24.21      0
     8388608       2097152     float     sum      -1    355.8   23.57   41.26      0    354.8   23.64   41.37      0
    16777216       4194304     float     sum      -1    463.8   36.17   63.30      0    477.9   35.11   61.44      0
    33554432       8388608     float     sum      -1    867.7   38.67   67.68      0    864.9   38.80   67.90      0
    67108864      16777216     float     sum      -1   1208.9   55.51   97.15      0   1204.5   55.71   97.50      0
   134217728      33554432     float     sum      -1   1964.0   68.34  119.59      0   1986.6   67.56  118.23      0
   268435456      67108864     float     sum      -1   3500.2   76.69  134.21      0   3512.9   76.42  133.73      0
   536870912     134217728     float     sum      -1   6559.6   81.85  143.23      0   6526.9   82.26  143.95      0
  1073741824     268435456     float     sum      -1    12691   84.61  148.06      0    12709   84.48  147.85      0
  2147483648     536870912     float     sum      -1    24986   85.95  150.41      0    24891   86.28  150.98      0
  4294967296    1073741824     float     sum      -1    49606   86.58  151.52      0    49547   86.68  151.70      0
           8             2     float     sum      -1    16.11    0.00    0.00      0    15.43    0.00    0.00      0
          16             4     float     sum      -1    15.36    0.00    0.00      0    15.18    0.00    0.00      0
          32             8     float     sum      -1    15.08    0.00    0.00      0    15.23    0.00    0.00      0
          64            16     float     sum      -1    16.65    0.00    0.01      0    16.74    0.00    0.01      0
         128            32     float     sum      -1    16.99    0.01    0.01      0    16.72    0.01    0.01      0
         256            64     float     sum      -1    17.32    0.01    0.03      0    17.06    0.02    0.03      0
         512           128     float     sum      -1    18.21    0.03    0.05      0    17.66    0.03    0.05      0
        1024           256     float     sum      -1    18.36    0.06    0.10      0    18.27    0.06    0.10      0
        2048           512     float     sum      -1    19.13    0.11    0.19      0    18.90    0.11    0.19      0
        4096          1024     float     sum      -1    32.00    0.13    0.22      0    31.80    0.13    0.23      0
        8192          2048     float     sum      -1    32.63    0.25    0.44      0    32.21    0.25    0.45      0
       16384          4096     float     sum      -1    32.96    0.50    0.87      0    32.35    0.51    0.89      0
       32768          8192     float     sum      -1    34.68    0.94    1.65      0    34.20    0.96    1.68      0
       65536         16384     float     sum      -1    54.07    1.21    2.12      0    53.70    1.22    2.14      0
      131072         32768     float     sum      -1    63.73    2.06    3.60      0    63.46    2.07    3.61      0
      262144         65536     float     sum      -1    89.70    2.92    5.11      0    90.05    2.91    5.09      0
      524288        131072     float     sum      -1    100.1    5.24    9.16      0    100.4    5.22    9.13      0
     1048576        262144     float     sum      -1    119.4    8.78   15.37      0    117.9    8.90   15.57      0
     2097152        524288     float     sum      -1    189.3   11.08   19.38      0    187.5   11.19   19.58      0
     4194304       1048576     float     sum      -1    302.1   13.89   24.30      0    300.2   13.97   24.45      0
     8388608       2097152     float     sum      -1    356.3   23.54   41.20      0    355.9   23.57   41.25      0
    16777216       4194304     float     sum      -1    471.0   35.62   62.33      0    464.1   36.15   63.27      0
    33554432       8388608     float     sum      -1    836.0   40.14   70.24      0    871.6   38.50   67.37      0
    67108864      16777216     float     sum      -1   1192.0   56.30   98.52      0   1200.0   55.92   97.87      0
   134217728      33554432     float     sum      -1   1987.4   67.53  118.19      0   1983.6   67.66  118.41      0
   268435456      67108864     float     sum      -1   3510.8   76.46  133.81      0   3507.8   76.53  133.92      0
   536870912     134217728     float     sum      -1   6572.2   81.69  142.96      0   6538.5   82.11  143.69      0
  1073741824     268435456     float     sum      -1    12691   84.60  148.06      0    12701   84.54  147.94      0
  2147483648     536870912     float     sum      -1    24909   86.21  150.87      0    24973   85.99  150.49      0
  4294967296    1073741824     float     sum      -1    49631   86.54  151.44      0    49545   86.69  151.70      0
           8             2     float     sum      -1    15.90    0.00    0.00      0    15.38    0.00    0.00      0
          16             4     float     sum      -1    15.30    0.00    0.00      0    15.10    0.00    0.00      0
          32             8     float     sum      -1    15.06    0.00    0.00      0    15.12    0.00    0.00      0
          64            16     float     sum      -1    16.84    0.00    0.01      0    16.53    0.00    0.01      0
         128            32     float     sum      -1    17.08    0.01    0.01      0    16.82    0.01    0.01      0
         256            64     float     sum      -1    17.52    0.01    0.03      0    16.95    0.02    0.03      0
         512           128     float     sum      -1    17.70    0.03    0.05      0    17.39    0.03    0.05      0
        1024           256     float     sum      -1    18.53    0.06    0.10      0    18.50    0.06    0.10      0
        2048           512     float     sum      -1    19.08    0.11    0.19      0    18.86    0.11    0.19      0
        4096          1024     float     sum      -1    32.20    0.13    0.22      0    31.56    0.13    0.23      0
        8192          2048     float     sum      -1    32.39    0.25    0.44      0    32.09    0.26    0.45      0
       16384          4096     float     sum      -1    32.85    0.50    0.87      0    32.54    0.50    0.88      0
       32768          8192     float     sum      -1    34.30    0.96    1.67      0    34.06    0.96    1.68      0
       65536         16384     float     sum      -1    53.44    1.23    2.15      0    53.52    1.22    2.14      0
      131072         32768     float     sum      -1    63.93    2.05    3.59      0    63.47    2.07    3.61      0
      262144         65536     float     sum      -1    91.39    2.87    5.02      0    90.39    2.90    5.08      0
      524288        131072     float     sum      -1    100.4    5.22    9.14      0    99.55    5.27    9.22      0
     1048576        262144     float     sum      -1    118.2    8.87   15.53      0    117.5    8.92   15.62      0
     2097152        524288     float     sum      -1    189.0   11.09   19.42      0    187.9   11.16   19.54      0
     4194304       1048576     float     sum      -1    303.2   13.83   24.21      0    303.8   13.81   24.16      0
     8388608       2097152     float     sum      -1    355.8   23.58   41.26      0    355.5   23.60   41.30      0
    16777216       4194304     float     sum      -1    467.6   35.88   62.79      0    481.2   34.87   61.02      0
    33554432       8388608     float     sum      -1    843.4   39.79   69.63      0    850.0   39.47   69.08      0
    67108864      16777216     float     sum      -1   1195.2   56.15   98.26      0   1195.9   56.12   98.20      0
   134217728      33554432     float     sum      -1   1966.7   68.25  119.43      0   1976.5   67.91  118.83      0
   268435456      67108864     float     sum      -1   3491.0   76.89  134.56      0   3493.8   76.83  134.46      0
   536870912     134217728     float     sum      -1   6571.7   81.69  142.96      0   6552.8   81.93  143.38      0
  1073741824     268435456     float     sum      -1    12666   84.77  148.35      0    12687   84.64  148.11      0
  2147483648     536870912     float     sum      -1    25005   85.88  150.30      0    24946   86.09  150.65      0
  4294967296    1073741824     float     sum      -1    49542   86.69  151.72      0    49510   86.75  151.81      0
