        size         count      type   redop    root     time   algbw   busbw #wrong     time   algbw   busbw #wrong
         (B)    (elements)                               (us)  (GB/s)  (GB/s)            (us)  (GB/s)  (GB/s)       
           8             2     float     sum      -1    107.1    0.00    0.00      0    86.79    0.00    0.00      0
          16             4     float     sum      -1    89.05    0.00    0.00      0    241.2    0.00    0.00      0
          32             8     float     sum      -1    163.1    0.00    0.00      0    82.68    0.00    0.00      0
          64            16     float     sum      -1    92.17    0.00    0.00      0    93.17    0.00    0.00      0
         128            32     float     sum      -1    96.24    0.00    0.00      0    94.53    0.00    0.00      0
         256            64     float     sum      -1    143.1    0.00    0.00      0    109.3    0.00    0.00      0
         512           128     float     sum      -1    104.2    0.00    0.01      0    97.68    0.01    0.01      0
        1024           256     float     sum      -1    106.7    0.01    0.02      0    104.3    0.01    0.02      0
        2048           512     float     sum      -1    159.1    0.01    0.03      0    112.6    0.02    0.04      0
        4096          1024     float     sum      -1    253.6    0.02    0.03      0    243.8    0.02    0.03      0
        8192          2048     float     sum      -1    253.4    0.03    0.06      0    263.7    0.03    0.06      0
       16384          4096     float     sum      -1    292.6    0.06    0.11      0    307.3    0.05    0.11      0
       32768          8192     float     sum      -1    322.4    0.10    0.20      0    329.1    0.10    0.20      0
       65536         16384     float     sum      -1    394.4    0.17    0.33      0    434.0    0.15    0.30      0
      131072         32768     float     sum      -1    549.0    0.24    0.48      0    562.3    0.23    0.47      0
      262144         65536     float     sum      -1    711.9    0.37    0.74      0    700.9    0.37    0.75      0
      524288        131072     float     sum      -1    841.9    0.62    1.24      0    813.6    0.64    1.29      0
     1048576        262144     float     sum      -1   1213.0    0.86    1.73      0   1292.3    0.81    1.62      0
     2097152        524288     float     sum      -1   1746.3    1.20    2.40      0   1943.1    1.08    2.16      0
     4194304       1048576     float     sum      -1   3243.4    1.29    2.58      0   3280.9    1.28    2.55      0
     8388608       2097152     float     sum      -1   3779.6    2.22    4.43      0   3418.0    2.45    4.90      0
    16777216       4194304     float     sum      -1   3931.8    4.27    8.53      0   4248.1    3.95    7.89      0
    33554432       8388608     float     sum      -1   5390.2    6.23   12.44      0   5259.3    6.38   12.75      0
    67108864      16777216     float     sum      -1   7074.9    9.49   18.95      0   7260.1    9.24   18.47      0
   134217728      33554432     float     sum      -1    10349   12.97   25.91      0    10054   13.35   26.67      0
   268435456      67108864     float     sum      -1    17042   15.75   31.47      0    16162   16.61   33.19      0
   536870912     134217728     float     sum      -1    33791   15.89   31.75      0    30447   17.63   35.23      0
  1073741824     268435456     float     sum      -1    51095   21.01   41.99      0    51298   20.93   41.82      0
  2147483648     536870912     float     sum      -1   110092   19.51   38.97      0    84606   25.38   50.72      0
  4294967296    1073741824     float     sum      -1   130306   32.96   65.86      0   129760   33.10   66.13      0
           8             2     float     sum      -1    83.61    0.00    0.00      0    79.68    0.00    0.00      0
          16             4     float     sum      -1    79.41    0.00    0.00      0    79.12    0.00    0.00      0
          32             8     float     sum      -1    80.25    0.00    0.00      0    79.07    0.00    0.00      0
          64            16     float     sum      -1    87.54    0.00    0.00      0    86.35    0.00    0.00      0
         128            32     float     sum      -1    93.40    0.00    0.00      0    92.36    0.00    0.00      0
         256            64     float     sum      -1    104.1    0.00    0.00      0    92.93    0.00    0.01      0
         512           128     float     sum      -1    99.97    0.01    0.01      0    95.98    0.01    0.01      0
        1024           256     float     sum      -1    102.9    0.01    0.02      0    100.8    0.01    0.02      0
        2048           512     float     sum      -1    109.1    0.02    0.04      0    107.7    0.02    0.04      0
        4096          1024     float     sum      -1    245.9    0.02    0.03      0    239.6    0.02    0.03      0
        8192          2048     float     sum      -1    243.5    0.03    0.07      0    239.3    0.03    0.07      0
       16384          4096     float     sum      -1    257.3    0.06    0.13      0    255.7    0.06    0.13      0
       32768          8192     float     sum      -1    298.6    0.11    0.22      0    287.4    0.11    0.23      0
       65536         16384     float     sum      -1    381.4    0.17    0.34      0    381.2    0.17    0.34      0
      131072         32768     float     sum      -1    555.5    0.24    0.47      0    535.7    0.24    0.49      0
      262144         65536     float     sum      -1    697.5    0.38    0.75      0    679.6    0.39    0.77      0
      524288        131072     float     sum      -1    810.5    0.65    1.29      0    778.9    0.67    1.34      0
     1048576        262144     float     sum      -1   1073.8    0.98    1.95      0    951.4    1.10    2.20      0
     2097152        524288     float     sum      -1   1637.6    1.28    2.56      0   1522.0    1.38    2.75      0
     4194304       1048576     float     sum      -1   2603.7    1.61    3.22      0   2507.4    1.67    3.34      0
     8388608       2097152     float     sum      -1   2973.8    2.82    5.64      0   2680.5    3.13    6.25      0
    16777216       4194304     float     sum      -1   3258.9    5.15   10.29      0   3082.3    5.44   10.88      0
    33554432       8388608     float     sum      -1   3984.5    8.42   16.83      0   4408.2    7.61   15.21      0
    67108864      16777216     float     sum      -1   5787.4   11.60   23.17      0   5780.8   11.61   23.20      0
   134217728      33554432     float     sum      -1   8178.6   16.41   32.79      0   8655.5   15.51   30.98      0
   268435456      67108864     float     sum      -1    13922   19.28   38.52      0    13598   19.74   39.44      0
   536870912     134217728     float     sum      -1    23657   22.69   45.34      0    23752   22.60   45.16      0
  1073741824     268435456     float     sum      -1    51117   21.01   41.97      0    50339   21.33   42.62      0
  2147483648     536870912     float     sum      -1   105080   20.44   40.83      0    94905   22.63   45.21      0
  4294967296    1073741824     float     sum      -1   129173   33.25   66.43      0   129127   33.26   66.46      0
           8             2     float     sum      -1    82.76    0.00    0.00      0    79.73    0.00    0.00      0
          16             4     float     sum      -1    79.75    0.00    0.00      0    80.07    0.00    0.00      0
          32             8     float     sum      -1    98.27    0.00    0.00      0    80.14    0.00    0.00      0
          64            16     float     sum      -1    86.74    0.00    0.00      0    86.93    0.00    0.00      0
         128            32     float     sum      -1    98.88    0.00    0.00      0    91.26    0.00    0.00      0
         256            64     float     sum      -1    134.5    0.00    0.00      0    92.47    0.00    0.01      0
         512           128     float     sum      -1    116.2    0.00    0.01      0    98.60    0.01    0.01      0
        1024           256     float     sum      -1    103.1    0.01    0.02      0    103.2    0.01    0.02      0
        2048           512     float     sum      -1    114.8    0.02    0.04      0    107.8    0.02    0.04      0
        4096          1024     float     sum      -1    255.1    0.02    0.03      0    239.1    0.02    0.03      0
        8192          2048     float     sum      -1    243.5    0.03    0.07      0    242.5    0.03    0.07      0
       16384          4096     float     sum      -1    257.3    0.06    0.13      0    249.0    0.07    0.13      0
       32768          8192     float     sum      -1    275.4    0.12    0.24      0    275.7    0.12    0.24      0
       65536         16384     float     sum      -1    370.1    0.18    0.35      0    377.4    0.17    0.35      0
      131072         32768     float     sum      -1    533.7    0.25    0.49      0    513.1    0.26    0.51      0
      262144         65536     float     sum      -1    682.9    0.38    0.77      0    670.4    0.39    0.78      0
      524288        131072     float     sum      -1    731.3    0.72    1.43      0    747.8    0.70    1.40      0
     1048576        262144     float     sum      -1    868.8    1.21    2.41      0    795.9    1.32    2.63      0
     2097152        524288     float     sum      -1   1203.8    1.74    3.48      0   1267.2    1.65    3.31      0
     4194304       1048576     float     sum      -1   2295.6    1.83    3.65      0   1946.4    2.15    4.31      0
     8388608       2097152     float     sum      -1   2533.9    3.31    6.61      0   2373.7    3.53    7.06      0
    16777216       4194304     float     sum      -1   2636.5    6.36   12.71      0   2697.6    6.22   12.43      0
    33554432       8388608     float     sum      -1   3436.0    9.77   19.51      0   3607.7    9.30   18.58      0
    67108864      16777216     float     sum      -1   4453.7   15.07   30.11      0   4530.5   14.81   29.60      0
   134217728      33554432     float     sum      -1   6257.7   21.45   42.85      0   6384.3   21.02   42.00      0
   268435456      67108864     float     sum      -1    10716   25.05   50.05      0    10797   24.86   49.68      0
   536870912     134217728     float     sum      -1    20130   26.67   53.29      0    20157   26.63   53.22      0
  1073741824     268435456     float     sum      -1    39910   26.90   53.76      0    41342   25.97   51.89      0
  2147483648     536870912     float     sum      -1    85237   25.19   50.34      0    81556   26.33   52.61      0
  4294967296    1073741824     float     sum      -1   143003   30.03   60.01      0   145491   29.52   58.98      0
           8             2     float     sum      -1    83.10    0.00    0.00      0    79.80    0.00    0.00      0
          16             4     float     sum      -1    80.17    0.00    0.00      0    80.80    0.00    0.00      0
          32             8     float     sum      -1    79.95    0.00    0.00      0    79.44    0.00    0.00      0
          64            16     float     sum      -1    87.07    0.00    0.00      0    86.66    0.00    0.00      0
         128            32     float     sum      -1    94.35    0.00    0.00      0    95.38    0.00    0.00      0
         256            64     float     sum      -1    103.4    0.00    0.00      0    93.78    0.00    0.01      0
         512           128     float     sum      -1    100.2    0.01    0.01      0    96.17    0.01    0.01      0
        1024           256     float     sum      -1    102.8    0.01    0.02      0    233.4    0.00    0.01      0
        2048           512     float     sum      -1    109.6    0.02    0.04      0    110.0    0.02    0.04      0
        4096          1024     float     sum      -1    237.4    0.02    0.03      0    234.9    0.02    0.03      0
        8192          2048     float     sum      -1    241.6    0.03    0.07      0    240.5    0.03    0.07      0
       16384          4096     float     sum      -1    255.1    0.06    0.13      0    254.7    0.06    0.13      0
       32768          8192     float     sum      -1    268.2    0.12    0.24      0    278.6    0.12    0.24      0
       65536         16384     float     sum      -1    362.0    0.18    0.36      0    358.9    0.18    0.36      0
      131072         32768     float     sum      -1    515.8    0.25    0.51      0    508.8    0.26    0.51      0
      262144         65536     float     sum      -1    688.8    0.38    0.76      0    665.2    0.39    0.79      0
      524288        131072     float     sum      -1    769.9    0.68    1.36      0    755.7    0.69    1.39      0
     1048576        262144     float     sum      -1    853.8    1.23    2.45      0    900.8    1.16    2.33      0
     2097152        524288     float     sum      -1   1318.0    1.59    3.18      0   1434.7    1.46    2.92      0
     4194304       1048576     float     sum      -1   2493.1    1.68    3.36      0   2684.4    1.56    3.12      0
     8388608       2097152     float     sum      -1   2764.3    3.03    6.06      0   2863.5    2.93    5.85      0
    16777216       4194304     float     sum      -1   2950.0    5.69   11.36      0   3293.5    5.09   10.18      0
    33554432       8388608     float     sum      -1   4302.2    7.80   15.58      0   4058.5    8.27   16.52      0
    67108864      16777216     float     sum      -1   5951.4   11.28   22.53      0   6130.9   10.95   21.87      0
   134217728      33554432     float     sum      -1   8995.9   14.92   29.81      0   6589.1   20.37   40.70      0
   268435456      67108864     float     sum      -1    12997   20.65   41.27      0    13060   20.55   41.07      0
   536870912     134217728     float     sum      -1    23923   22.44   44.84      0    23734   22.62   45.20      0
  1073741824     268435456     float     sum      -1    51395   20.89   41.74      0    50674   21.19   42.34      0
  2147483648     536870912     float     sum      -1    91128   23.57   47.09      0    66253   32.41   64.76      0
  4294967296    1073741824     float     sum      -1   122869   34.96   69.84      0   122983   34.92   69.78      0
           8             2     float     sum      -1    83.69    0.00    0.00      0    81.09    0.00    0.00      0
          16             4     float     sum      -1    81.44    0.00    0.00      0    80.99    0.00    0.00      0
          32             8     float     sum      -1    80.44    0.00    0.00      0    91.71    0.00    0.00      0
          64            16     float     sum      -1    88.05    0.00    0.00      0    94.38    0.00    0.00      0
         128            32     float     sum      -1    94.07    0.00    0.00      0    96.07    0.00    0.00      0
         256            64     float     sum      -1    102.2    0.00    0.01      0    93.31    0.00    0.01      0
         512           128     float     sum      -1    101.0    0.01    0.01      0    96.19    0.01    0.01      0
        1024           256     float     sum      -1    103.0    0.01    0.02      0    100.5    0.01    0.02      0
        2048           512     float     sum      -1    109.6    0.02    0.04      0    106.6    0.02    0.04      0
        4096          1024     float     sum      -1    241.6    0.02    0.03      0    237.1    0.02    0.03      0
        8192          2048     float     sum      -1    242.6    0.03    0.07      0    240.9    0.03    0.07      0
       16384          4096     float     sum      -1    257.6    0.06    0.13      0    251.3    0.07    0.13      0
       32768          8192     float     sum      -1    334.7    0.10    0.20      0    272.0    0.12    0.24      0
       65536         16384     float     sum      -1    380.4    0.17    0.34      0    380.0    0.17    0.34      0
      131072         32768     float     sum      -1    482.1    0.27    0.54      0    473.7    0.28    0.55      0
      262144         65536     float     sum      -1    659.5    0.40    0.79      0    977.8    0.27    0.54      0
      524288        131072     float     sum      -1    800.8    0.65    1.31      0    731.6    0.72    1.43      0
     1048576        262144     float     sum      -1    813.4    1.29    2.58      0    781.4    1.34    2.68      0
     2097152        524288     float     sum      -1   1108.0    1.89    3.78      0   1126.3    1.86    3.72      0
     4194304       1048576     float     sum      -1   1857.2    2.26    4.51      0   1841.9    2.28    4.55      0
     8388608       2097152     float     sum      -1   2038.3    4.12    8.22      0   1995.0    4.20    8.40      0
    16777216       4194304     float     sum      -1   2542.0    6.60   13.19      0   2544.1    6.59   13.18      0
    33554432       8388608     float     sum      -1   3072.0   10.92   21.82      0   3026.2   11.09   22.15      0
    67108864      16777216     float     sum      -1   3938.2   17.04   34.05      0   3920.5   17.12   34.20      0
   134217728      33554432     float     sum      -1   6249.8   21.48   42.91      0   5790.2   23.18   46.31      0
   268435456      67108864     float     sum      -1   9295.8   28.88   57.70      0   9563.4   28.07   56.08      0
   536870912     134217728     float     sum      -1    17012   31.56   63.06      0    17361   30.92   61.79      0
  1073741824     268435456     float     sum      -1    33192   32.35   64.64      0    34382   31.23   62.40      0
  2147483648     536870912     float     sum      -1    65967   32.55   65.04      0    69831   30.75   61.45      0
  4294967296    1073741824     float     sum      -1   126282   34.01   67.96      0   134543   31.92   63.78      0
           8             2     float     sum      -1    83.27    0.00    0.00      0    79.60    0.00    0.00      0
          16             4     float     sum      -1    79.17    0.00    0.00      0    82.98    0.00    0.00      0
          32             8     float     sum      -1    79.56    0.00    0.00      0    80.49    0.00    0.00      0
          64            16     float     sum      -1    87.14    0.00    0.00      0    86.91    0.00    0.00      0
         128            32     float     sum      -1    92.90    0.00    0.00      0    91.82    0.00    0.00      0
         256            64     float     sum      -1    105.1    0.00    0.00      0    92.90    0.00    0.01      0
         512           128     float     sum      -1    98.53    0.01    0.01      0    96.08    0.01    0.01      0
        1024           256     float     sum      -1    102.3    0.01    0.02      0    100.7    0.01    0.02      0
        2048           512     float     sum      -1    109.5    0.02    0.04      0    109.9    0.02    0.04      0
        4096          1024     float     sum      -1    237.0    0.02    0.03      0    235.2    0.02    0.03      0
        8192          2048     float     sum      -1    240.1    0.03    0.07      0    247.8    0.03    0.07      0
       16384          4096     float     sum      -1    248.6    0.07    0.13      0    245.6    0.07    0.13      0
       32768          8192     float     sum      -1    269.5    0.12    0.24      0    272.7    0.12    0.24      0
       65536         16384     float     sum      -1    369.2    0.18    0.35      0    369.2    0.18    0.35      0
      131072         32768     float     sum      -1    495.0    0.26    0.53      0    487.6    0.27    0.54      0
      262144         65536     float     sum      -1    699.3    0.37    0.75      0    654.8    0.40    0.80      0
      524288        131072     float     sum      -1    731.1    0.72    1.43      0    738.3    0.71    1.42      0
     1048576        262144     float     sum      -1   1062.5    0.99    1.97      0    928.3    1.13    2.26      0
     2097152        524288     float     sum      -1   1604.4    1.31    2.61      0   1263.9    1.66    3.32      0
     4194304       1048576     float     sum      -1   2747.1    1.53    3.05      0   2216.0    1.89    3.78      0
     8388608       2097152     float     sum      -1   2712.4    3.09    6.18      0   2420.7    3.47    6.92      0
    16777216       4194304     float     sum      -1   2652.1    6.33   12.64      0   2416.7    6.94   13.87      0
    33554432       8388608     float     sum      -1   3195.9   10.50   20.98      0   3190.7   10.52   21.01      0
    67108864      16777216     float     sum      -1   4176.9   16.07   32.10      0   4150.3   16.17   32.31      0
   134217728      33554432     float     sum      -1   5890.6   22.79   45.53      0   5858.3   22.91   45.78      0
   268435456      67108864     float     sum      -1    11679   22.98   45.92      0    13287   20.20   40.37      0
   536870912     134217728     float     sum      -1    23582   22.77   45.49      0    22817   23.53   47.01      0
  1073741824     268435456     float     sum      -1    40655   26.41   52.77      0    47250   22.72   45.40      0
  2147483648     536870912     float     sum      -1    98168   21.88   43.71      0    73132   29.36   58.67      0
  4294967296    1073741824     float     sum      -1   121339   35.40   70.72      0   121204   35.44   70.80      0
           8             2     float     sum      -1    83.99    0.00    0.00      0    80.03    0.00    0.00      0
          16             4     float     sum      -1    79.45    0.00    0.00      0    78.90    0.00    0.00      0
          32             8     float     sum      -1    80.54    0.00    0.00      0    79.70    0.00    0.00      0
          64            16     float     sum      -1    87.01    0.00    0.00      0    96.04    0.00    0.00      0
         128            32     float     sum      -1    101.7    0.00    0.00      0    91.68    0.00    0.00      0
         256            64     float     sum      -1    96.53    0.00    0.01      0    94.26    0.00    0.01      0
         512           128     float     sum      -1    101.9    0.01    0.01      0    96.64    0.01    0.01      0
        1024           256     float     sum      -1    102.5    0.01    0.02      0    99.38    0.01    0.02      0
        2048           512     float     sum      -1    109.7    0.02    0.04      0    107.0    0.02    0.04      0
        4096          1024     float     sum      -1    238.4    0.02    0.03      0    236.3    0.02    0.03      0
        8192          2048     float     sum      -1    244.4    0.03    0.07      0    240.3    0.03    0.07      0
       16384          4096     float     sum      -1    257.8    0.06    0.13      0    248.6    0.07    0.13      0
       32768          8192     float     sum      -1    274.3    0.12    0.24      0    302.7    0.11    0.22      0
       65536         16384     float     sum      -1    410.5    0.16    0.32      0    382.8    0.17    0.34      0
      131072         32768     float     sum      -1    473.0    0.28    0.55      0    465.0    0.28    0.56      0
      262144         65536     float     sum      -1    708.1    0.37    0.74      0    673.4    0.39    0.78      0
      524288        131072     float     sum      -1    737.4    0.71    1.42      0    713.6    0.73    1.47      0
     1048576        262144     float     sum      -1    840.7    1.25    2.49      0    786.4    1.33    2.66      0
     2097152        524288     float     sum      -1   1174.8    1.79    3.57      0   1170.9    1.79    3.58      0
     4194304       1048576     float     sum      -1   1979.9    2.12    4.23      0   1898.9    2.21    4.41      0
     8388608       2097152     float     sum      -1   1984.0    4.23    8.45      0   2005.2    4.18    8.36      0
    16777216       4194304     float     sum      -1   2413.9    6.95   13.89      0   2468.4    6.80   13.58      0
    33554432       8388608     float     sum      -1   3223.5   10.41   20.80      0   3007.5   11.16   22.29      0
    67108864      16777216     float     sum      -1   4071.4   16.48   32.93      0   3973.4   16.89   33.75      0
   134217728      33554432     float     sum      -1   5693.2   23.58   47.10      0   5759.8   23.30   46.56      0
   268435456      67108864     float     sum      -1   9401.1   28.55   57.05      0   9217.4   29.12   58.19      0
   536870912     134217728     float     sum      -1    21080   25.47   50.89      0    23053   23.29   46.53      0
  1073741824     268435456     float     sum      -1    46070   23.31   46.57      0    46834   22.93   45.81      0
  2147483648     536870912     float     sum      -1    95420   22.51   44.97      0    94937   22.62   45.20      0
  4294967296    1073741824     float     sum      -1   121372   35.39   70.70      0   120625   35.61   71.14      0
           8             2     float     sum      -1    82.95    0.00    0.00      0    81.43    0.00    0.00      0
          16             4     float     sum      -1    79.43    0.00    0.00      0    78.93    0.00    0.00      0
          32             8     float     sum      -1    81.17    0.00    0.00      0    81.18    0.00    0.00      0
          64            16     float     sum      -1    115.2    0.00    0.00      0    86.87    0.00    0.00      0
         128            32     float     sum      -1    94.28    0.00    0.00      0    91.69    0.00    0.00      0
         256            64     float     sum      -1    103.4    0.00    0.00      0    96.48    0.00    0.01      0
         512           128     float     sum      -1    100.4    0.01    0.01      0    96.66    0.01    0.01      0
        1024           256     float     sum      -1    101.3    0.01    0.02      0    99.84    0.01    0.02      0
        2048           512     float     sum      -1    110.1    0.02    0.04      0    114.0    0.02    0.04      0
        4096          1024     float     sum      -1    238.5    0.02    0.03      0    252.7    0.02    0.03      0
        8192          2048     float     sum      -1    242.2    0.03    0.07      0    240.8    0.03    0.07      0
       16384          4096     float     sum      -1    261.3    0.06    0.13      0    256.0    0.06    0.13      0
       32768          8192     float     sum      -1    257.6    0.13    0.25      0    258.0    0.13    0.25      0
       65536         16384     float     sum      -1    357.8    0.18    0.37      0    353.8    0.19    0.37      0
      131072         32768     float     sum      -1    482.7    0.27    0.54      0    473.0    0.28    0.55      0
      262144         65536     float     sum      -1    661.3    0.40    0.79      0    671.9    0.39    0.78      0
      524288        131072     float     sum      -1    741.7    0.71    1.41      0    732.4    0.72    1.43      0
     1048576        262144     float     sum      -1    807.6    1.30    2.59      0    839.2    1.25    2.50      0
     2097152        524288     float     sum      -1   1126.6    1.86    3.72      0   1227.0    1.71    3.41      0
     4194304       1048576     float     sum      -1   1833.5    2.29    4.57      0   1801.1    2.33    4.65      0
     8388608       2097152     float     sum      -1   2068.6    4.06    8.10      0   2028.4    4.14    8.26      0
    16777216       4194304     float     sum      -1   2416.9    6.94   13.87      0   2368.8    7.08   14.15      0
    33554432       8388608     float     sum      -1   2911.3   11.53   23.03      0   2905.5   11.55   23.07      0
    67108864      16777216     float     sum      -1   3790.9   17.70   35.37      0   4057.8   16.54   33.04      0
   134217728      33554432     float     sum      -1   5677.3   23.64   47.24      0   5527.8   24.28   48.51      0
   268435456      67108864     float     sum      -1   9203.6   29.17   58.28      0   9284.9   28.91   57.77      0
   536870912     134217728     float     sum      -1    16427   32.68   65.30      0    16840   31.88   63.70      0
  1073741824     268435456     float     sum      -1    31030   34.60   69.14      0    31151   34.47   68.87      0
  2147483648     536870912     float     sum      -1    63211   33.97   67.88      0    62018   34.63   69.19      0
  4294967296    1073741824     float     sum      -1   120838   35.54   71.02      0   120897   35.53   70.98      0
           8             2     float     sum      -1    83.35    0.00    0.00      0    79.83    0.00    0.00      0
          16             4     float     sum      -1    79.83    0.00    0.00      0    79.88    0.00    0.00      0
          32             8     float     sum      -1    79.52    0.00    0.00      0    79.56    0.00    0.00      0
          64            16     float     sum      -1    93.29    0.00    0.00      0    87.41    0.00    0.00      0
         128            32     float     sum      -1    93.30    0.00    0.00      0    91.70    0.00    0.00      0
         256            64     float     sum      -1    99.74    0.00    0.01      0    93.59    0.00    0.01      0
         512           128     float     sum      -1    101.4    0.01    0.01      0    95.68    0.01    0.01      0
        1024           256     float     sum      -1    102.1    0.01    0.02      0    100.8    0.01    0.02      0
        2048           512     float     sum      -1    111.0    0.02    0.04      0    109.2    0.02    0.04      0
        4096          1024     float     sum      -1    244.6    0.02    0.03      0    237.6    0.02    0.03      0
        8192          2048     float     sum      -1    244.7    0.03    0.07      0    242.9    0.03    0.07      0
       16384          4096     float     sum      -1    254.7    0.06    0.13      0    249.5    0.07    0.13      0
       32768          8192     float     sum      -1    262.6    0.12    0.25      0    291.1    0.11    0.22      0
       65536         16384     float     sum      -1    352.4    0.19    0.37      0    354.2    0.19    0.37      0
      131072         32768     float     sum      -1    470.9    0.28    0.56      0    467.6    0.28    0.56      0
      262144         65536     float     sum      -1    700.8    0.37    0.75      0    678.1    0.39    0.77      0
      524288        131072     float     sum      -1    726.7    0.72    1.44      0    736.6    0.71    1.42      0
     1048576        262144     float     sum      -1    807.7    1.30    2.59      0    788.6    1.33    2.66      0
     2097152        524288     float     sum      -1   1118.1    1.88    3.75      0   1137.3    1.84    3.68      0
     4194304       1048576     float     sum      -1   1850.9    2.27    4.53      0   1864.3    2.25    4.50      0
     8388608       2097152     float     sum      -1   1987.2    4.22    8.43      0   1979.6    4.24    8.47      0
    16777216       4194304     float     sum      -1   2375.6    7.06   14.11      0   2337.8    7.18   14.34      0
    33554432       8388608     float     sum      -1   2942.1   11.41   22.79      0   3062.1   10.96   21.89      0
    67108864      16777216     float     sum      -1   3980.3   16.86   33.69      0   3987.9   16.83   33.62      0
   134217728      33554432     float     sum      -1   5789.4   23.18   46.32      0   5884.1   22.81   45.58      0
   268435456      67108864     float     sum      -1   9324.7   28.79   57.52      0   9527.4   28.18   56.30      0
   536870912     134217728     float     sum      -1    16655   32.24   64.41      0    16701   32.15   64.23      0
  1073741824     268435456     float     sum      -1    31715   33.86   67.65      0    31033   34.60   69.13      0
  2147483648     536870912     float     sum      -1    63323   33.91   67.76      0    62993   34.09   68.11      0
  4294967296    1073741824     float     sum      -1   121114   35.46   70.86      0   121331   35.40   70.73      0
           8             2     float     sum      -1    83.23    0.00    0.00      0    87.93    0.00    0.00      0
          16             4     float     sum      -1    79.41    0.00    0.00      0    80.16    0.00    0.00      0
          32             8     float     sum      -1    79.88    0.00    0.00      0    79.91    0.00    0.00      0
          64            16     float     sum      -1    86.79    0.00    0.00      0    90.85    0.00    0.00      0
         128            32     float     sum      -1    93.53    0.00    0.00      0    91.65    0.00    0.00      0
         256            64     float     sum      -1    110.0    0.00    0.00      0    92.47    0.00    0.01      0
         512           128     float     sum      -1    175.1    0.00    0.01      0    95.46    0.01    0.01      0
        1024           256     float     sum      -1    108.1    0.01    0.02      0    100.6    0.01    0.02      0
        2048           512     float     sum      -1    110.7    0.02    0.04      0    108.4    0.02    0.04      0
        4096          1024     float     sum      -1    238.5    0.02    0.03      0    236.6    0.02    0.03      0
        8192          2048     float     sum      -1    241.1    0.03    0.07      0    238.5    0.03    0.07      0
       16384          4096     float     sum      -1    263.5    0.06    0.12      0    261.6    0.06    0.13      0
       32768          8192     float     sum      -1    277.4    0.12    0.24      0    271.1    0.12    0.24      0
       65536         16384     float     sum      -1    374.6    0.17    0.35      0    373.5    0.18    0.35      0
      131072         32768     float     sum      -1    470.5    0.28    0.56      0    480.9    0.27    0.54      0
      262144         65536     float     sum      -1    670.8    0.39    0.78      0    682.9    0.38    0.77      0
      524288        131072     float     sum      -1    710.3    0.74    1.47      0    758.0    0.69    1.38      0
     1048576        262144     float     sum      -1    824.6    1.27    2.54      0    865.8    1.21    2.42      0
     2097152        524288     float     sum      -1   1268.0    1.65    3.30      0   1252.3    1.67    3.35      0
     4194304       1048576     float     sum      -1   1937.2    2.17    4.33      0   1918.3    2.19    4.37      0
     8388608       2097152     float     sum      -1   2138.8    3.92    7.84      0   2102.2    3.99    7.97      0
    16777216       4194304     float     sum      -1   2471.6    6.79   13.56      0   2581.0    6.50   12.99      0
    33554432       8388608     float     sum      -1   3138.7   10.69   21.36      0   3142.7   10.68   21.33      0
    67108864      16777216     float     sum      -1   3957.6   16.96   33.88      0   4078.8   16.45   32.87      0
   134217728      33554432     float     sum      -1   5907.9   22.72   45.39      0   5812.6   23.09   46.14      0
   268435456      67108864     float     sum      -1   9404.7   28.54   57.03      0   9527.1   28.18   56.30      0
   536870912     134217728     float     sum      -1    16584   32.37   64.68      0    16502   32.53   65.00      0
  1073741824     268435456     float     sum      -1    31788   33.78   67.49      0    31399   34.20   68.33      0
  2147483648     536870912     float     sum      -1    62434   34.40   68.72      0    63396   33.87   67.68      0
  4294967296    1073741824     float     sum      -1   121762   35.27   70.48      0   120956   35.51   70.95      0
