        size         count      type   redop    root     time   algbw   busbw #wrong     time   algbw   busbw #wrong
         (B)    (elements)                               (us)  (GB/s)  (GB/s)            (us)  (GB/s)  (GB/s)       
           8             2     float     sum      -1     8.90    0.00    0.00      0     8.27    0.00    0.00      0
          16             4     float     sum      -1     8.33    0.00    0.00      0     8.22    0.00    0.00      0
          32             8     float     sum      -1     8.60    0.00    0.01      0     8.68    0.00    0.01      0
          64            16     float     sum      -1     9.36    0.01    0.01      0     9.27    0.01    0.01      0
         128            32     float     sum      -1     9.47    0.01    0.02      0     9.23    0.01    0.02      0
         256            64     float     sum      -1     9.81    0.03    0.04      0     9.37    0.03    0.04      0
         512           128     float     sum      -1     9.71    0.05    0.08      0     9.38    0.05    0.08      0
        1024           256     float     sum      -1     9.79    0.10    0.16      0     9.62    0.11    0.16      0
        2048           512     float     sum      -1    10.03    0.20    0.31      0     9.55    0.21    0.32      0
        4096          1024     float     sum      -1    10.00    0.41    0.61      0     9.62    0.43    0.64      0
        8192          2048     float     sum      -1    10.37    0.79    1.19      0     9.97    0.82    1.23      0
       16384          4096     float     sum      -1    11.08    1.48    2.22      0    10.61    1.54    2.32      0
       32768          8192     float     sum      -1    11.18    2.93    4.40      0    10.83    3.02    4.54      0
       65536         16384     float     sum      -1    11.36    5.77    8.65      0    10.91    6.01    9.01      0
      131072         32768     float     sum      -1    11.81   11.10   16.65      0    11.28   11.62   17.44      0
      262144         65536     float     sum      -1    12.00   21.84   32.76      0    11.49   22.81   34.21      0
      524288        131072     float     sum      -1    15.04   34.87   52.30      0    14.03   37.36   56.03      0
     1048576        262144     float     sum      -1    18.96   55.29   82.94      0    19.01   55.16   82.74      0
     2097152        524288     float     sum      -1    30.06   69.77  104.65      0    29.98   69.96  104.94      0
     4194304       1048576     float     sum      -1    42.62   98.42  147.62      0    42.17   99.45  149.18      0
     8388608       2097152     float     sum      -1    61.96  135.39  203.08      0    61.14  137.19  205.79      0
    16777216       4194304     float     sum      -1    103.3  162.47  243.71      0    100.8  166.36  249.54      0
    33554432       8388608     float     sum      -1    179.9  186.54  279.80      0    180.6  185.81  278.71      0
    67108864      16777216     float     sum      -1    341.7  196.42  294.62      0    339.4  197.73  296.60      0
   134217728      33554432     float     sum      -1    648.6  206.92  310.38      0    651.6  205.97  308.95      0
   268435456      67108864     float     sum      -1   1265.0  212.20  318.31      0   1263.3  212.48  318.72      0
   536870912     134217728     float     sum      -1   2490.1  215.60  323.40      0   2494.5  215.22  322.83      0
  1073741824     268435456     float     sum      -1   4977.6  215.71  323.57      0   4953.6  216.76  325.14      0
  2147483648     536870912     float     sum      -1   9952.5  215.77  323.66      0   9940.6  216.03  324.05      0
  4294967296    1073741824     float     sum      -1    19896  215.87  323.81      0    19873  216.12  324.18      0
           8             2     float     sum      -1     8.26    0.00    0.00      0     8.23    0.00    0.00      0
          16             4     float     sum      -1     8.26    0.00    0.00      0     8.26    0.00    0.00      0
          32             8     float     sum      -1     8.60    0.00    0.01      0     8.69    0.00    0.01      0
          64            16     float     sum      -1     9.60    0.01    0.01      0     9.34    0.01    0.01      0
         128            32     float     sum      -1     9.42    0.01    0.02      0     9.28    0.01    0.02      0
         256            64     float     sum      -1     9.81    0.03    0.04      0     9.31    0.03    0.04      0
         512           128     float     sum      -1     9.75    0.05    0.08      0     9.40    0.05    0.08      0
        1024           256     float     sum      -1     9.83    0.10    0.16      0     9.36    0.11    0.16      0
        2048           512     float     sum      -1     9.87    0.21    0.31      0     9.55    0.21    0.32      0
        4096          1024     float     sum      -1    10.10    0.41    0.61      0     9.63    0.43    0.64      0
        8192          2048     float     sum      -1    10.34    0.79    1.19      0     9.95    0.82    1.24      0
       16384          4096     float     sum      -1    11.11    1.47    2.21      0    10.63    1.54    2.31      0
       32768          8192     float     sum      -1    11.20    2.92    4.39      0    10.83    3.03    4.54      0
       65536         16384     float     sum      -1    11.33    5.79    8.68      0    10.91    6.01    9.01      0
      131072         32768     float     sum      -1    11.75   11.16   16.74      0    11.27   11.63   17.44      0
      262144         65536     float     sum      -1    11.98   21.88   32.82      0    11.47   22.86   34.29      0
      524288        131072     float     sum      -1    14.99   34.97   52.45      0    14.11   37.15   55.72      0
     1048576        262144     float     sum      -1    18.91   55.44   83.17      0    19.02   55.13   82.70      0
     2097152        524288     float     sum      -1    30.06   69.76  104.64      0    29.93   70.06  105.10      0
     4194304       1048576     float     sum      -1    42.75   98.11  147.16      0    42.21   99.38  149.06      0
     8388608       2097152     float     sum      -1    61.71  135.94  203.90      0    61.44  136.54  204.81      0
    16777216       4194304     float     sum      -1    103.0  162.90  244.34      0    100.7  166.62  249.93      0
    33554432       8388608     float     sum      -1    181.0  185.42  278.13      0    180.7  185.73  278.59      0
    67108864      16777216     float     sum      -1    340.3  197.23  295.84      0    342.0  196.21  294.32      0
   134217728      33554432     float     sum      -1    646.5  207.59  311.39      0    650.4  206.37  309.55      0
   268435456      67108864     float     sum      -1   1257.7  213.43  320.14      0   1260.3  213.00  319.49      0
   536870912     134217728     float     sum      -1   2494.2  215.25  322.87      0   2507.3  214.13  321.19      0
  1073741824     268435456     float     sum      -1   4957.4  216.59  324.89      0   4971.7  215.97  323.96      0
  2147483648     536870912     float     sum      -1   9952.3  215.78  323.67      0   9959.1  215.63  323.44      0
  4294967296    1073741824     float     sum      -1    19872  216.13  324.19      0    19853  216.34  324.51      0
           8             2     float     sum      -1     8.28    0.00    0.00      0     8.19    0.00    0.00      0
          16             4     float     sum      -1     8.27    0.00    0.00      0     8.29    0.00    0.00      0
          32             8     float     sum      -1     8.54    0.00    0.01      0     8.96    0.00    0.01      0
          64            16     float     sum      -1     9.57    0.01    0.01      0     9.30    0.01    0.01      0
         128            32     float     sum      -1     9.45    0.01    0.02      0     9.25    0.01    0.02      0
         256            64     float     sum      -1     9.66    0.03    0.04      0     9.30    0.03    0.04      0
         512           128     float     sum      -1     9.76    0.05    0.08      0     9.45    0.05    0.08      0
        1024           256     float     sum      -1     9.80    0.10    0.16      0     9.34    0.11    0.16      0
        2048           512     float     sum      -1     9.97    0.21    0.31      0     9.53    0.21    0.32      0
        4096          1024     float     sum      -1    10.07    0.41    0.61      0     9.60    0.43    0.64      0
        8192          2048     float     sum      -1    10.36    0.79    1.19      0     9.98    0.82    1.23      0
       16384          4096     float     sum      -1    11.12    1.47    2.21      0    10.64    1.54    2.31      0
       32768          8192     float     sum      -1    11.12    2.95    4.42      0    10.75    3.05    4.57      0
       65536         16384     float     sum      -1    11.35    5.78    8.66      0    10.92    6.00    9.00      0
      131072         32768     float     sum      -1    11.75   11.16   16.73      0    11.28   11.62   17.43      0
      262144         65536     float     sum      -1    11.94   21.95   32.93      0    11.57   22.66   33.99      0
      524288        131072     float     sum      -1    15.03   34.88   52.32      0    14.05   37.31   55.96      0
     1048576        262144     float     sum      -1    18.81   55.75   83.63      0    18.90   55.49   83.23      0
     2097152        524288     float     sum      -1    30.06   69.77  104.66      0    29.93   70.08  105.12      0
     4194304       1048576     float     sum      -1    42.75   98.10  147.15      0    42.43   98.86  148.29      0
     8388608       2097152     float     sum      -1    61.93  135.46  203.19      0    61.37  136.70  205.05      0
    16777216       4194304     float     sum      -1    103.3  162.46  243.68      0    100.8  166.39  249.59      0
    33554432       8388608     float     sum      -1    179.6  186.88  280.31      0    179.8  186.61  279.91      0
    67108864      16777216     float     sum      -1    341.9  196.30  294.45      0    340.4  197.14  295.71      0
   134217728      33554432     float     sum      -1    648.2  207.06  310.59      0    648.3  207.04  310.56      0
   268435456      67108864     float     sum      -1   1256.7  213.60  320.40      0   1262.2  212.67  319.00      0
   536870912     134217728     float     sum      -1   2508.3  214.04  321.06      0   2488.8  215.71  323.57      0
  1073741824     268435456     float     sum      -1   4963.3  216.33  324.50      0   4953.3  216.77  325.16      0
  2147483648     536870912     float     sum      -1   9952.4  215.77  323.66      0   9940.6  216.03  324.05      0
  4294967296    1073741824     float     sum      -1    19866  216.20  324.30      0    19913  215.68  323.52      0
           8             2     float     sum      -1     8.26    0.00    0.00      0     8.15    0.00    0.00      0
          16             4     float     sum      -1     8.31    0.00    0.00      0     8.22    0.00    0.00      0
          32             8     float     sum      -1     8.56    0.00    0.01      0     8.65    0.00    0.01      0
          64            16     float     sum      -1     9.35    0.01    0.01      0     9.35    0.01    0.01      0
         128            32     float     sum      -1     9.45    0.01    0.02      0     9.29    0.01    0.02      0
         256            64     float     sum      -1     9.72    0.03    0.04      0     9.30    0.03    0.04      0
         512           128     float     sum      -1     9.86    0.05    0.08      0     9.44    0.05    0.08      0
        1024           256     float     sum      -1     9.78    0.10    0.16      0     9.42    0.11    0.16      0
        2048           512     float     sum      -1     9.81    0.21    0.31      0     9.41    0.22    0.33      0
        4096          1024     float     sum      -1    10.10    0.41    0.61      0     9.63    0.43    0.64      0
        8192          2048     float     sum      -1    10.30    0.80    1.19      0     9.93    0.83    1.24      0
       16384          4096     float     sum      -1    11.00    1.49    2.23      0    10.64    1.54    2.31      0
       32768          8192     float     sum      -1    11.14    2.94    4.41      0    10.74    3.05    4.58      0
       65536         16384     float     sum      -1    11.32    5.79    8.69      0    10.88    6.02    9.03      0
      131072         32768     float     sum      -1    11.67   11.24   16.85      0    11.29   11.61   17.42      0
      262144         65536     float     sum      -1    11.98   21.87   32.81      0    11.54   22.72   34.08      0
      524288        131072     float     sum      -1    14.98   35.00   52.50      0    14.02   37.41   56.11      0
     1048576        262144     float     sum      -1    18.88   55.54   83.31      0    18.89   55.52   83.28      0
     2097152        524288     float     sum      -1    30.09   69.71  104.56      0    30.01   69.89  104.83      0
     4194304       1048576     float     sum      -1    42.72   98.17  147.26      0    42.45   98.81  148.21      0
     8388608       2097152     float     sum      -1    61.79  135.75  203.63      0    61.29  136.88  205.32      0
    16777216       4194304     float     sum      -1    102.3  164.07  246.10      0    100.6  166.71  250.07      0
    33554432       8388608     float     sum      -1    180.9  185.49  278.23      0    179.8  186.59  279.88      0
    67108864      16777216     float     sum      -1    339.7  197.54  296.31      0    341.5  196.51  294.76      0
   134217728      33554432     float     sum      -1    649.4  206.68  310.02      0    648.4  207.01  310.51      0
   268435456      67108864     float     sum      -1   1261.4  212.81  319.22      0   1263.8  212.40  318.60      0
   536870912     134217728     float     sum      -1   2480.0  216.48  324.71      0   2496.1  215.09  322.63      0
  1073741824     268435456     float     sum      -1   4957.3  216.60  324.89      0   4970.5  216.02  324.03      0
  2147483648     536870912     float     sum      -1   9962.7  215.55  323.33      0   9953.1  215.76  323.64      0
  4294967296    1073741824     float     sum      -1    19877  216.08  324.12      0    19872  216.14  324.21      0
           8             2     float     sum      -1     8.25    0.00    0.00      0     8.28    0.00    0.00      0
          16             4     float     sum      -1     8.27    0.00    0.00      0     8.26    0.00    0.00      0
          32             8     float     sum      -1     8.64    0.00    0.01      0     8.60    0.00    0.01      0
          64            16     float     sum      -1     9.33    0.01    0.01      0     9.31    0.01    0.01      0
         128            32     float     sum      -1     9.49    0.01    0.02      0     9.25    0.01    0.02      0
         256            64     float     sum      -1     9.75    0.03    0.04      0     9.32    0.03    0.04      0
         512           128     float     sum      -1     9.75    0.05    0.08      0     9.43    0.05    0.08      0
        1024           256     float     sum      -1     9.79    0.10    0.16      0     9.44    0.11    0.16      0
        2048           512     float     sum      -1     9.87    0.21    0.31      0     9.52    0.22    0.32      0
        4096          1024     float     sum      -1    10.13    0.40    0.61      0     9.65    0.42    0.64      0
        8192          2048     float     sum      -1    10.32    0.79    1.19      0     9.98    0.82    1.23      0
       16384          4096     float     sum      -1    11.07    1.48    2.22      0    10.61    1.54    2.32      0
       32768          8192     float     sum      -1    11.17    2.93    4.40      0    10.79    3.04    4.56      0
       65536         16384     float     sum      -1    11.30    5.80    8.70      0    10.85    6.04    9.06      0
      131072         32768     float     sum      -1    11.72   11.19   16.78      0    11.27   11.63   17.45      0
      262144         65536     float     sum      -1    11.92   21.98   32.98      0    11.51   22.78   34.16      0
      524288        131072     float     sum      -1    15.04   34.86   52.29      0    14.00   37.44   56.16      0
     1048576        262144     float     sum      -1    18.96   55.31   82.96      0    19.05   55.05   82.57      0
     2097152        524288     float     sum      -1    30.05   69.79  104.68      0    30.01   69.87  104.81      0
     4194304       1048576     float     sum      -1    42.75   98.11  147.17      0    42.47   98.75  148.13      0
     8388608       2097152     float     sum      -1    61.82  135.70  203.55      0    61.31  136.81  205.22      0
    16777216       4194304     float     sum      -1    103.1  162.66  244.00      0    100.8  166.43  249.65      0
    33554432       8388608     float     sum      -1    181.7  184.70  277.05      0    180.7  185.73  278.60      0
    67108864      16777216     float     sum      -1    341.2  196.68  295.03      0    340.3  197.22  295.83      0
   134217728      33554432     float     sum      -1    650.0  206.49  309.73      0    648.3  207.02  310.53      0
   268435456      67108864     float     sum      -1   1265.2  212.18  318.26      0   1267.0  211.87  317.81      0
   536870912     134217728     float     sum      -1   2498.2  214.91  322.36      0   2494.7  215.21  322.81      0
  1073741824     268435456     float     sum      -1   4949.0  216.96  325.44      0   4950.4  216.90  325.35      0
  2147483648     536870912     float     sum      -1   9955.4  215.71  323.57      0   9952.6  215.77  323.66      0
  4294967296    1073741824     float     sum      -1    19939  215.41  323.11      0    19876  216.09  324.13      0
           8             2     float     sum      -1     8.31    0.00    0.00      0     8.23    0.00    0.00      0
          16             4     float     sum      -1     8.27    0.00    0.00      0     8.29    0.00    0.00      0
          32             8     float     sum      -1     8.62    0.00    0.01      0     8.60    0.00    0.01      0
          64            16     float     sum      -1     9.44    0.01    0.01      0     9.23    0.01    0.01      0
         128            32     float     sum      -1     9.45    0.01    0.02      0     9.32    0.01    0.02      0
         256            64     float     sum      -1     9.81    0.03    0.04      0     9.31    0.03    0.04      0
         512           128     float     sum      -1     9.79    0.05    0.08      0     9.45    0.05    0.08      0
        1024           256     float     sum      -1     9.79    0.10    0.16      0     9.42    0.11    0.16      0
        2048           512     float     sum      -1     9.95    0.21    0.31      0     9.52    0.22    0.32      0
        4096          1024     float     sum      -1    10.17    0.40    0.60      0     9.65    0.42    0.64      0
        8192          2048     float     sum      -1    10.31    0.79    1.19      0     9.95    0.82    1.24      0
       16384          4096     float     sum      -1    11.05    1.48    2.22      0    10.57    1.55    2.33      0
       32768          8192     float     sum      -1    11.16    2.94    4.40      0    10.75    3.05    4.57      0
       65536         16384     float     sum      -1    11.33    5.78    8.67      0    11.01    5.95    8.93      0
      131072         32768     float     sum      -1    11.76   11.14   16.71      0    11.27   11.63   17.45      0
      262144         65536     float     sum      -1    11.97   21.91   32.86      0    11.47   22.86   34.30      0
      524288        131072     float     sum      -1    15.10   34.72   52.08      0    14.01   37.42   56.13      0
     1048576        262144     float     sum      -1    18.87   55.57   83.35      0    18.94   55.38   83.06      0
     2097152        524288     float     sum      -1    30.11   69.65  104.47      0    30.05   69.80  104.69      0
     4194304       1048576     float     sum      -1    42.79   98.02  147.03      0    42.29   99.18  148.77      0
     8388608       2097152     float     sum      -1    61.71  135.94  203.91      0    61.33  136.79  205.18      0
    16777216       4194304     float     sum      -1    102.8  163.22  244.83      0    101.1  165.93  248.89      0
    33554432       8388608     float     sum      -1    181.9  184.50  276.75      0    181.3  185.08  277.62      0
    67108864      16777216     float     sum      -1    340.6  197.03  295.54      0    337.8  198.69  298.03      0
   134217728      33554432     float     sum      -1    648.5  206.96  310.44      0    649.8  206.54  309.82      0
   268435456      67108864     float     sum      -1   1265.7  212.08  318.12      0   1261.5  212.80  319.19      0
   536870912     134217728     float     sum      -1   2494.2  215.25  322.88      0   2485.5  216.00  324.00      0
  1073741824     268435456     float     sum      -1   4959.8  216.49  324.74      0   4975.0  215.83  323.74      0
  2147483648     536870912     float     sum      -1   9947.8  215.88  323.81      0   9941.0  216.02  324.03      0
  4294967296    1073741824     float     sum      -1    19932  215.48  323.22      0    19907  215.75  323.62      0
           8             2     float     sum      -1     8.27    0.00    0.00      0     8.24    0.00    0.00      0
          16             4     float     sum      -1     8.32    0.00    0.00      0     8.25    0.00    0.00      0
          32             8     float     sum      -1     8.66    0.00    0.01      0     8.59    0.00    0.01      0
          64            16     float     sum      -1     9.41    0.01    0.01      0     9.20    0.01    0.01      0
         128            32     float     sum      -1     9.42    0.01    0.02      0     9.36    0.01    0.02      0
         256            64     float     sum      -1     9.75    0.03    0.04      0     9.32    0.03    0.04      0
         512           128     float     sum      -1     9.80    0.05    0.08      0     9.34    0.05    0.08      0
        1024           256     float     sum      -1     9.73    0.11    0.16      0     9.42    0.11    0.16      0
        2048           512     float     sum      -1     9.89    0.21    0.31      0     9.52    0.22    0.32      0
        4096          1024     float     sum      -1    10.01    0.41    0.61      0     9.64    0.42    0.64      0
        8192          2048     float     sum      -1    10.25    0.80    1.20      0    10.31    0.79    1.19      0
       16384          4096     float     sum      -1    11.29    1.45    2.18      0    10.66    1.54    2.31      0
       32768          8192     float     sum      -1    11.15    2.94    4.41      0    10.84    3.02    4.53      0
       65536         16384     float     sum      -1    11.34    5.78    8.67      0    10.93    6.00    9.00      0
      131072         32768     float     sum      -1    11.70   11.21   16.81      0    11.34   11.56   17.34      0
      262144         65536     float     sum      -1    11.92   21.99   32.99      0    11.55   22.69   34.04      0
      524288        131072     float     sum      -1    14.96   35.05   52.57      0    14.02   37.39   56.08      0
     1048576        262144     float     sum      -1    18.85   55.64   83.45      0    19.01   55.15   82.72      0
     2097152        524288     float     sum      -1    30.07   69.74  104.61      0    29.97   69.98  104.97      0
     4194304       1048576     float     sum      -1    42.69   98.24  147.37      0    42.32   99.10  148.66      0
     8388608       2097152     float     sum      -1    61.88  135.55  203.33      0    61.24  136.97  205.46      0
    16777216       4194304     float     sum      -1    102.6  163.59  245.39      0    100.6  166.70  250.05      0
    33554432       8388608     float     sum      -1    181.8  184.56  276.84      0    180.8  185.57  278.35      0
    67108864      16777216     float     sum      -1    341.9  196.27  294.41      0    341.3  196.62  294.94      0
   134217728      33554432     float     sum      -1    648.6  206.94  310.41      0    648.2  207.07  310.60      0
   268435456      67108864     float     sum      -1   1263.4  212.47  318.70      0   1258.5  213.29  319.94      0
   536870912     134217728     float     sum      -1   2487.8  215.80  323.70      0   2490.3  215.58  323.37      0
  1073741824     268435456     float     sum      -1   4968.1  216.13  324.19      0   4963.9  216.31  324.46      0
  2147483648     536870912     float     sum      -1   9946.2  215.91  323.87      0   9937.9  216.09  324.13      0
  4294967296    1073741824     float     sum      -1    19911  215.71  323.57      0    19818  216.72  325.07      0
           8             2     float     sum      -1     8.28    0.00    0.00      0     8.20    0.00    0.00      0
          16             4     float     sum      -1     8.28    0.00    0.00      0     8.17    0.00    0.00      0
          32             8     float     sum      -1     8.62    0.00    0.01      0     8.62    0.00    0.01      0
          64            16     float     sum      -1     9.43    0.01    0.01      0     9.27    0.01    0.01      0
         128            32     float     sum      -1     9.42    0.01    0.02      0     9.29    0.01    0.02      0
         256            64     float     sum      -1     9.86    0.03    0.04      0     9.37    0.03    0.04      0
         512           128     float     sum      -1     9.76    0.05    0.08      0     9.38    0.05    0.08      0
        1024           256     float     sum      -1     9.81    0.10    0.16      0     9.44    0.11    0.16      0
        2048           512     float     sum      -1     9.94    0.21    0.31      0     9.56    0.21    0.32      0
        4096          1024     float     sum      -1    10.10    0.41    0.61      0     9.65    0.42    0.64      0
        8192          2048     float     sum      -1    10.30    0.80    1.19      0     9.98    0.82    1.23      0
       16384          4096     float     sum      -1    11.09    1.48    2.22      0    10.59    1.55    2.32      0
       32768          8192     float     sum      -1    11.18    2.93    4.40      0    10.84    3.02    4.53      0
       65536         16384     float     sum      -1    11.30    5.80    8.70      0    10.87    6.03    9.05      0
      131072         32768     float     sum      -1    11.70   11.20   16.80      0    11.30   11.60   17.40      0
      262144         65536     float     sum      -1    12.39   21.15   31.73      0    11.49   22.82   34.22      0
      524288        131072     float     sum      -1    15.04   34.85   52.27      0    14.07   37.27   55.91      0
     1048576        262144     float     sum      -1    18.89   55.51   83.26      0    18.97   55.27   82.90      0
     2097152        524288     float     sum      -1    30.12   69.63  104.45      0    30.12   69.63  104.45      0
     4194304       1048576     float     sum      -1    42.65   98.34  147.51      0    42.38   98.96  148.44      0
     8388608       2097152     float     sum      -1    61.59  136.20  204.30      0    61.17  137.14  205.71      0
    16777216       4194304     float     sum      -1    102.5  163.63  245.44      0    101.0  166.19  249.29      0
    33554432       8388608     float     sum      -1    180.6  185.76  278.64      0    180.9  185.46  278.19      0
    67108864      16777216     float     sum      -1    341.2  196.71  295.06      0    339.6  197.60  296.41      0
   134217728      33554432     float     sum      -1    649.0  206.80  310.20      0    649.0  206.80  310.19      0
   268435456      67108864     float     sum      -1   1265.8  212.06  318.10      0   1264.7  212.25  318.37      0
   536870912     134217728     float     sum      -1   2491.7  215.46  323.20      0   2493.4  215.31  322.97      0
  1073741824     268435456     float     sum      -1   4968.9  216.09  324.14      0   4944.2  217.17  325.76      0
  2147483648     536870912     float     sum      -1   9937.2  216.10  324.16      0   9936.1  216.13  324.19      0
  4294967296    1073741824     float     sum      -1    19876  216.08  324.13      0    19894  215.89  323.84      0
           8             2     float     sum      -1     8.27    0.00    0.00      0     8.19    0.00    0.00      0
          16             4     float     sum      -1     8.24    0.00    0.00      0     8.21    0.00    0.00      0
          32             8     float     sum      -1     8.60    0.00    0.01      0     8.60    0.00    0.01      0
          64            16     float     sum      -1     9.47    0.01    0.01      0     9.31    0.01    0.01      0
         128            32     float     sum      -1     9.47    0.01    0.02      0     9.33    0.01    0.02      0
         256            64     float     sum      -1     9.72    0.03    0.04      0     9.30    0.03    0.04      0
         512           128     float     sum      -1     9.76    0.05    0.08      0     9.45    0.05    0.08      0
        1024           256     float     sum      -1     9.87    0.10    0.16      0     9.48    0.11    0.16      0
        2048           512     float     sum      -1     9.89    0.21    0.31      0     9.52    0.22    0.32      0
        4096          1024     float     sum      -1    10.04    0.41    0.61      0     9.56    0.43    0.64      0
        8192          2048     float     sum      -1    10.28    0.80    1.19      0    10.01    0.82    1.23      0
       16384          4096     float     sum      -1    11.07    1.48    2.22      0    10.59    1.55    2.32      0
       32768          8192     float     sum      -1    11.16    2.94    4.41      0    10.85    3.02    4.53      0
       65536         16384     float     sum      -1    11.36    5.77    8.65      0    10.91    6.01    9.01      0
      131072         32768     float     sum      -1    11.79   11.12   16.68      0    11.23   11.67   17.50      0
      262144         65536     float     sum      -1    11.98   21.87   32.81      0    11.51   22.78   34.17      0
      524288        131072     float     sum      -1    14.96   35.03   52.55      0    14.07   37.27   55.90      0
     1048576        262144     float     sum      -1    18.87   55.57   83.35      0    18.98   55.25   82.87      0
     2097152        524288     float     sum      -1    29.99   69.92  104.88      0    30.01   69.89  104.83      0
     4194304       1048576     float     sum      -1    42.63   98.40  147.60      0    42.27   99.23  148.84      0
     8388608       2097152     float     sum      -1    61.85  135.64  203.45      0    61.40  136.61  204.92      0
    16777216       4194304     float     sum      -1    102.8  163.28  244.92      0    100.5  166.86  250.29      0
    33554432       8388608     float     sum      -1    181.0  185.42  278.13      0    181.1  185.27  277.90      0
    67108864      16777216     float     sum      -1    340.8  196.90  295.35      0    339.9  197.45  296.17      0
   134217728      33554432     float     sum      -1    649.6  206.61  309.91      0    649.5  206.64  309.96      0
   268435456      67108864     float     sum      -1   1265.7  212.09  318.14      0   1265.9  212.04  318.07      0
   536870912     134217728     float     sum      -1   2496.8  215.02  322.53      0   2499.7  214.77  322.16      0
  1073741824     268435456     float     sum      -1   4962.9  216.35  324.53      0   4959.9  216.49  324.73      0
  2147483648     536870912     float     sum      -1   9930.4  216.25  324.38      0   9924.9  216.37  324.56      0
  4294967296    1073741824     float     sum      -1    19916  215.65  323.47      0    19855  216.32  324.48      0
           8             2     float     sum      -1     8.30    0.00    0.00      0     8.21    0.00    0.00      0
          16             4     float     sum      -1     8.34    0.00    0.00      0     8.30    0.00    0.00      0
          32             8     float     sum      -1     8.71    0.00    0.01      0     8.66    0.00    0.01      0
          64            16     float     sum      -1     9.37    0.01    0.01      0     9.28    0.01    0.01      0
         128            32     float     sum      -1     9.46    0.01    0.02      0     9.30    0.01    0.02      0
         256            64     float     sum      -1     9.76    0.03    0.04      0     9.31    0.03    0.04      0
         512           128     float     sum      -1     9.68    0.05    0.08      0     9.40    0.05    0.08      0
        1024           256     float     sum      -1     9.83    0.10    0.16      0     9.35    0.11    0.16      0
        2048           512     float     sum      -1     9.94    0.21    0.31      0     9.55    0.21    0.32      0
        4096          1024     float     sum      -1    10.02    0.41    0.61      0     9.66    0.42    0.64      0
        8192          2048     float     sum      -1    10.49    0.78    1.17      0    10.00    0.82    1.23      0
       16384          4096     float     sum      -1    11.03    1.49    2.23      0    10.56    1.55    2.33      0
       32768          8192     float     sum      -1    11.20    2.93    4.39      0    10.80    3.03    4.55      0
       65536         16384     float     sum      -1    11.38    5.76    8.64      0    10.93    5.99    8.99      0
      131072         32768     float     sum      -1    11.70   11.21   16.81      0    11.24   11.66   17.49      0
      262144         65536     float     sum      -1    11.93   21.97   32.96      0    11.54   22.72   34.07      0
      524288        131072     float     sum      -1    15.04   34.86   52.29      0    14.03   37.38   56.07      0
     1048576        262144     float     sum      -1    18.90   55.49   83.24      0    19.00   55.20   82.79      0
     2097152        524288     float     sum      -1    30.08   69.73  104.60      0    29.94   70.05  105.08      0
     4194304       1048576     float     sum      -1    42.86   97.86  146.79      0    42.24   99.29  148.93      0
     8388608       2097152     float     sum      -1    61.87  135.59  203.38      0    61.28  136.90  205.35      0
    16777216       4194304     float     sum      -1    103.1  162.73  244.09      0    100.8  166.42  249.63      0
    33554432       8388608     float     sum      -1    181.6  184.80  277.21      0    180.6  185.83  278.74      0
    67108864      16777216     float     sum      -1    342.0  196.25  294.37      0    341.0  196.77  295.16      0
   134217728      33554432     float     sum      -1    645.7  207.85  311.78      0    651.1  206.14  309.20      0
   268435456      67108864     float     sum      -1   1259.8  213.08  319.62      0   1260.2  213.02  319.53      0
   536870912     134217728     float     sum      -1   2490.6  215.56  323.34      0   2499.2  214.82  322.22      0
  1073741824     268435456     float     sum      -1   4967.6  216.15  324.22      0   4958.7  216.54  324.80      0
  2147483648     536870912     float     sum      -1   9951.5  215.79  323.69      0   9947.4  215.88  323.82      0
  4294967296    1073741824     float     sum      -1    19889  215.94  323.92      0    19899  215.84  323.76      0
