        size         count      type   redop    root     time   algbw   busbw #wrong     time   algbw   busbw #wrong
         (B)    (elements)                               (us)  (GB/s)  (GB/s)            (us)  (GB/s)  (GB/s)       
           8             2     float     sum      -1    76.27    0.00    0.00      0    75.11    0.00    0.00      0
          16             4     float     sum      -1    75.52    0.00    0.00      0    75.47    0.00    0.00      0
          32             8     float     sum      -1    74.82    0.00    0.00      0    75.19    0.00    0.00      0
          64            16     float     sum      -1    179.8    0.00    0.00      0    116.3    0.00    0.00      0
         128            32     float     sum      -1    85.41    0.00    0.00      0    117.1    0.00    0.00      0
         256            64     float     sum      -1    94.35    0.00    0.01      0    89.48    0.00    0.01      0
         512           128     float     sum      -1    90.05    0.01    0.01      0    96.91    0.01    0.01      0
        1024           256     float     sum      -1    100.5    0.01    0.02      0    99.24    0.01    0.02      0
        2048           512     float     sum      -1    108.4    0.02    0.04      0    119.8    0.02    0.03      0
        4096          1024     float     sum      -1    176.0    0.02    0.05      0    175.1    0.02    0.05      0
        8192          2048     float     sum      -1    179.6    0.05    0.09      0    177.4    0.05    0.09      0
       16384          4096     float     sum      -1    190.1    0.09    0.17      0    178.3    0.09    0.18      0
       32768          8192     float     sum      -1    186.5    0.18    0.35      0    182.1    0.18    0.36      0
       65536         16384     float     sum      -1    230.6    0.28    0.57      0    214.8    0.31    0.61      0
      131072         32768     float     sum      -1    265.1    0.49    0.99      0    259.8    0.50    1.01      0
      262144         65536     float     sum      -1    366.0    0.72    1.43      0    357.6    0.73    1.46      0
      524288        131072     float     sum      -1    414.3    1.27    2.52      0    439.4    1.19    2.38      0
     1048576        262144     float     sum      -1    512.3    2.05    4.08      0    504.7    2.08    4.14      0
     2097152        524288     float     sum      -1    773.3    2.71    5.40      0    772.4    2.71    5.41      0
     4194304       1048576     float     sum      -1   1309.7    3.20    6.38      0   1307.4    3.21    6.39      0
     8388608       2097152     float     sum      -1   1368.8    6.13   12.21      0   1493.0    5.62   11.19      0
    16777216       4194304     float     sum      -1   1594.6   10.52   20.96      0   1585.0   10.58   21.09      0
    33554432       8388608     float     sum      -1   1954.7   17.17   34.20      0   1949.3   17.21   34.29      0
    67108864      16777216     float     sum      -1   2833.9   23.68   47.18      0   2817.0   23.82   47.46      0
   134217728      33554432     float     sum      -1   5286.3   25.39   50.58      0   4694.6   28.59   56.96      0
   268435456      67108864     float     sum      -1   8606.9   31.19   62.13      0   9114.3   29.45   58.67      0
   536870912     134217728     float     sum      -1    15361   34.95   69.63      0    15263   35.17   70.07      0
  1073741824     268435456     float     sum      -1    26667   40.27   80.22      0    26304   40.82   81.32      0
  2147483648     536870912     float     sum      -1    50104   42.86   85.39      0    50893   42.20   84.06      0
  4294967296    1073741824     float     sum      -1    97079   44.24   88.14      0    96708   44.41   88.48      0
           8             2     float     sum      -1    76.29    0.00    0.00      0    74.97    0.00    0.00      0
          16             4     float     sum      -1    75.87    0.00    0.00      0    75.60    0.00    0.00      0
          32             8     float     sum      -1    75.59    0.00    0.00      0    74.09    0.00    0.00      0
          64            16     float     sum      -1    81.55    0.00    0.00      0    81.30    0.00    0.00      0
         128            32     float     sum      -1    83.91    0.00    0.00      0    81.81    0.00    0.00      0
         256            64     float     sum      -1    85.45    0.00    0.01      0    83.66    0.00    0.01      0
         512           128     float     sum      -1    90.37    0.01    0.01      0    88.21    0.01    0.01      0
        1024           256     float     sum      -1    100.9    0.01    0.02      0    98.62    0.01    0.02      0
        2048           512     float     sum      -1    109.4    0.02    0.04      0    108.1    0.02    0.04      0
        4096          1024     float     sum      -1    176.8    0.02    0.05      0    174.6    0.02    0.05      0
        8192          2048     float     sum      -1    179.9    0.05    0.09      0    176.9    0.05    0.09      0
       16384          4096     float     sum      -1    184.1    0.09    0.18      0    180.0    0.09    0.18      0
       32768          8192     float     sum      -1    208.3    0.16    0.31      0    206.7    0.16    0.32      0
       65536         16384     float     sum      -1    272.6    0.24    0.48      0    262.7    0.25    0.50      0
      131072         32768     float     sum      -1    443.2    0.30    0.59      0    502.5    0.26    0.52      0
      262144         65536     float     sum      -1    536.8    0.49    0.97      0    484.4    0.54    1.08      0
      524288        131072     float     sum      -1    673.8    0.78    1.55      0    647.8    0.81    1.61      0
     1048576        262144     float     sum      -1    644.2    1.63    3.24      0    644.3    1.63    3.24      0
     2097152        524288     float     sum      -1    937.2    2.24    4.46      0    958.1    2.19    4.36      0
     4194304       1048576     float     sum      -1   1603.7    2.62    5.21      0   1612.0    2.60    5.18      0
     8388608       2097152     float     sum      -1   1612.6    5.20   10.36      0   1556.6    5.39   10.74      0
    16777216       4194304     float     sum      -1   1804.3    9.30   18.52      0   1959.3    8.56   17.06      0
    33554432       8388608     float     sum      -1   2515.9   13.34   26.57      0   2238.7   14.99   29.86      0
    67108864      16777216     float     sum      -1   3237.7   20.73   41.29      0   3096.1   21.67   43.18      0
   134217728      33554432     float     sum      -1   5033.1   26.67   53.13      0   4994.9   26.87   53.53      0
   268435456      67108864     float     sum      -1   8416.3   31.89   63.54      0   8429.9   31.84   63.44      0
   536870912     134217728     float     sum      -1    15058   35.65   71.03      0    15251   35.20   70.13      0
  1073741824     268435456     float     sum      -1    26721   40.18   80.05      0    26538   40.46   80.61      0
  2147483648     536870912     float     sum      -1    50324   42.67   85.01      0    50413   42.60   84.86      0
  4294967296    1073741824     float     sum      -1    96587   44.47   88.59      0    93240   46.06   91.77      0
           8             2     float     sum      -1    76.30    0.00    0.00      0    75.25    0.00    0.00      0
          16             4     float     sum      -1    74.89    0.00    0.00      0    76.03    0.00    0.00      0
          32             8     float     sum      -1    75.66    0.00    0.00      0    74.16    0.00    0.00      0
          64            16     float     sum      -1    82.51    0.00    0.00      0    80.77    0.00    0.00      0
         128            32     float     sum      -1    84.85    0.00    0.00      0    83.45    0.00    0.00      0
         256            64     float     sum      -1    86.36    0.00    0.01      0    83.37    0.00    0.01      0
         512           128     float     sum      -1    89.46    0.01    0.01      0    87.46    0.01    0.01      0
        1024           256     float     sum      -1    101.3    0.01    0.02      0    99.44    0.01    0.02      0
        2048           512     float     sum      -1    108.5    0.02    0.04      0    107.6    0.02    0.04      0
        4096          1024     float     sum      -1    176.3    0.02    0.05      0    174.5    0.02    0.05      0
        8192          2048     float     sum      -1    180.1    0.05    0.09      0    189.1    0.04    0.09      0
       16384          4096     float     sum      -1    184.9    0.09    0.18      0    182.4    0.09    0.18      0
       32768          8192     float     sum      -1    218.0    0.15    0.30      0    219.5    0.15    0.30      0
       65536         16384     float     sum      -1    275.1    0.24    0.47      0    267.0    0.25    0.49      0
      131072         32768     float     sum      -1    430.8    0.30    0.61      0    412.5    0.32    0.63      0
      262144         65536     float     sum      -1    482.9    0.54    1.08      0    482.3    0.54    1.08      0
      524288        131072     float     sum      -1    580.6    0.90    1.80      0    588.5    0.89    1.77      0
     1048576        262144     float     sum      -1    546.5    1.92    3.82      0    606.9    1.73    3.44      0
     2097152        524288     float     sum      -1    849.4    2.47    4.92      0    852.1    2.46    4.90      0
     4194304       1048576     float     sum      -1   1380.9    3.04    6.05      0   1377.7    3.04    6.07      0
     8388608       2097152     float     sum      -1   1429.6    5.87   11.69      0   1449.7    5.79   11.53      0
    16777216       4194304     float     sum      -1   1634.7   10.26   20.45      0   2055.2    8.16   16.26      0
    33554432       8388608     float     sum      -1   2170.6   15.46   30.80      0   2182.6   15.37   30.63      0
    67108864      16777216     float     sum      -1   2761.2   24.30   48.42      0   2772.1   24.21   48.23      0
   134217728      33554432     float     sum      -1   4459.3   30.10   59.96      0   4377.7   30.66   61.08      0
   268435456      67108864     float     sum      -1   7871.1   34.10   67.94      0   7491.6   35.83   71.38      0
   536870912     134217728     float     sum      -1    14525   36.96   73.64      0    14469   37.10   73.92      0
  1073741824     268435456     float     sum      -1    25674   41.82   83.32      0    25547   42.03   83.73      0
  2147483648     536870912     float     sum      -1    47757   44.97   89.58      0    47742   44.98   89.61      0
  4294967296    1073741824     float     sum      -1    95707   44.88   89.40      0    94859   45.28   90.20      0
           8             2     float     sum      -1    75.78    0.00    0.00      0    76.04    0.00    0.00      0
          16             4     float     sum      -1    76.24    0.00    0.00      0    74.94    0.00    0.00      0
          32             8     float     sum      -1    75.20    0.00    0.00      0    77.32    0.00    0.00      0
          64            16     float     sum      -1    81.77    0.00    0.00      0    81.19    0.00    0.00      0
         128            32     float     sum      -1    83.89    0.00    0.00      0    82.82    0.00    0.00      0
         256            64     float     sum      -1    85.01    0.00    0.01      0    84.19    0.00    0.01      0
         512           128     float     sum      -1    88.71    0.01    0.01      0    102.8    0.00    0.01      0
        1024           256     float     sum      -1    99.60    0.01    0.02      0    98.47    0.01    0.02      0
        2048           512     float     sum      -1    107.2    0.02    0.04      0    106.2    0.02    0.04      0
        4096          1024     float     sum      -1    176.6    0.02    0.05      0    174.4    0.02    0.05      0
        8192          2048     float     sum      -1    178.6    0.05    0.09      0    175.7    0.05    0.09      0
       16384          4096     float     sum      -1    188.3    0.09    0.17      0    183.4    0.09    0.18      0
       32768          8192     float     sum      -1    200.9    0.16    0.32      0    213.3    0.15    0.31      0
       65536         16384     float     sum      -1    252.0    0.26    0.52      0    249.0    0.26    0.52      0
      131072         32768     float     sum      -1    417.8    0.31    0.62      0    433.6    0.30    0.60      0
      262144         65536     float     sum      -1    490.6    0.53    1.06      0    492.5    0.53    1.06      0
      524288        131072     float     sum      -1    614.7    0.85    1.70      0    567.0    0.92    1.84      0
     1048576        262144     float     sum      -1    549.1    1.91    3.80      0    569.4    1.84    3.67      0
     2097152        524288     float     sum      -1    852.8    2.46    4.90      0    827.5    2.53    5.05      0
     4194304       1048576     float     sum      -1   1405.0    2.99    5.95      0   1391.5    3.01    6.01      0
     8388608       2097152     float     sum      -1   1460.9    5.74   11.44      0   1482.6    5.66   11.27      0
    16777216       4194304     float     sum      -1   1667.5   10.06   20.04      0   1659.0   10.11   20.15      0
    33554432       8388608     float     sum      -1   2027.4   16.55   32.97      0   2055.8   16.32   32.52      0
    67108864      16777216     float     sum      -1   2762.5   24.29   48.40      0   2815.8   23.83   47.48      0
   134217728      33554432     float     sum      -1   4379.7   30.65   61.05      0   4348.9   30.86   61.48      0
   268435456      67108864     float     sum      -1   7829.8   34.28   68.30      0   7769.2   34.55   68.83      0
   536870912     134217728     float     sum      -1    14792   36.29   72.30      0    14425   37.22   74.14      0
  1073741824     268435456     float     sum      -1    25595   41.95   83.57      0    25697   41.78   83.24      0
  2147483648     536870912     float     sum      -1    50068   42.89   85.45      0    49596   43.30   86.26      0
  4294967296    1073741824     float     sum      -1    98613   43.55   86.77      0    98462   43.62   86.90      0
           8             2     float     sum      -1    77.72    0.00    0.00      0    76.31    0.00    0.00      0
          16             4     float     sum      -1    75.64    0.00    0.00      0    74.82    0.00    0.00      0
          32             8     float     sum      -1    75.54    0.00    0.00      0    81.10    0.00    0.00      0
          64            16     float     sum      -1    81.52    0.00    0.00      0    81.04    0.00    0.00      0
         128            32     float     sum      -1    84.87    0.00    0.00      0    82.46    0.00    0.00      0
         256            64     float     sum      -1    85.77    0.00    0.01      0    84.88    0.00    0.01      0
         512           128     float     sum      -1    87.41    0.01    0.01      0    87.51    0.01    0.01      0
        1024           256     float     sum      -1    100.9    0.01    0.02      0    125.7    0.01    0.02      0
        2048           512     float     sum      -1    108.5    0.02    0.04      0    107.0    0.02    0.04      0
        4096          1024     float     sum      -1    176.7    0.02    0.05      0    174.1    0.02    0.05      0
        8192          2048     float     sum      -1    177.9    0.05    0.09      0    176.0    0.05    0.09      0
       16384          4096     float     sum      -1    184.5    0.09    0.18      0    178.7    0.09    0.18      0
       32768          8192     float     sum      -1    208.4    0.16    0.31      0    216.2    0.15    0.30      0
       65536         16384     float     sum      -1    255.7    0.26    0.51      0    249.6    0.26    0.52      0
      131072         32768     float     sum      -1    457.8    0.29    0.57      0    439.2    0.30    0.59      0
      262144         65536     float     sum      -1    514.0    0.51    1.02      0    494.7    0.53    1.06      0
      524288        131072     float     sum      -1    649.3    0.81    1.61      0    644.1    0.81    1.62      0
     1048576        262144     float     sum      -1    652.9    1.61    3.20      0    636.7    1.65    3.28      0
     2097152        524288     float     sum      -1    961.6    2.18    4.34      0    964.9    2.17    4.33      0
     4194304       1048576     float     sum      -1   1619.8    2.59    5.16      0   1451.7    2.89    5.76      0
     8388608       2097152     float     sum      -1   1667.7    5.03   10.02      0   1626.4    5.16   10.28      0
    16777216       4194304     float     sum      -1   1815.2    9.24   18.41      0   1940.9    8.64   17.22      0
    33554432       8388608     float     sum      -1   2210.9   15.18   30.24      0   2455.0   13.67   27.23      0
    67108864      16777216     float     sum      -1   3348.8   20.04   39.92      0   3308.4   20.28   40.41      0
   134217728      33554432     float     sum      -1   5059.7   26.53   52.85      0   5273.8   25.45   50.70      0
   268435456      67108864     float     sum      -1   8687.7   30.90   61.56      0   8652.3   31.02   61.81      0
   536870912     134217728     float     sum      -1    15273   35.15   70.03      0    15161   35.41   70.55      0
  1073741824     268435456     float     sum      -1    26280   40.86   81.40      0    26320   40.80   81.27      0
  2147483648     536870912     float     sum      -1    50540   42.49   84.65      0    50131   42.84   85.34      0
  4294967296    1073741824     float     sum      -1   137169   31.31   62.38      0   139050   30.89   61.53      0
           8             2     float     sum      -1    77.41    0.00    0.00      0    75.22    0.00    0.00      0
          16             4     float     sum      -1    75.79    0.00    0.00      0    75.62    0.00    0.00      0
          32             8     float     sum      -1    74.00    0.00    0.00      0    74.80    0.00    0.00      0
          64            16     float     sum      -1    81.93    0.00    0.00      0    81.26    0.00    0.00      0
         128            32     float     sum      -1    83.99    0.00    0.00      0    83.25    0.00    0.00      0
         256            64     float     sum      -1    85.46    0.00    0.01      0    84.43    0.00    0.01      0
         512           128     float     sum      -1    89.00    0.01    0.01      0    87.99    0.01    0.01      0
        1024           256     float     sum      -1    99.54    0.01    0.02      0    98.88    0.01    0.02      0
        2048           512     float     sum      -1    107.3    0.02    0.04      0    110.5    0.02    0.04      0
        4096          1024     float     sum      -1    175.5    0.02    0.05      0    175.9    0.02    0.05      0
        8192          2048     float     sum      -1    177.5    0.05    0.09      0    176.2    0.05    0.09      0
       16384          4096     float     sum      -1    181.3    0.09    0.18      0    178.8    0.09    0.18      0
       32768          8192     float     sum      -1    210.5    0.16    0.31      0    207.1    0.16    0.32      0
       65536         16384     float     sum      -1    295.8    0.22    0.44      0    286.9    0.23    0.46      0
      131072         32768     float     sum      -1    528.3    0.25    0.49      0    531.2    0.25    0.49      0
      262144         65536     float     sum      -1    599.2    0.44    0.87      0    595.2    0.44    0.88      0
      524288        131072     float     sum      -1    723.2    0.72    1.44      0    739.3    0.71    1.41      0
     1048576        262144     float     sum      -1    748.4    1.40    2.79      0    729.0    1.44    2.87      0
     2097152        524288     float     sum      -1   1161.7    1.81    3.60      0   1068.5    1.96    3.91      0
     4194304       1048576     float     sum      -1   2017.6    2.08    4.14      0   1983.9    2.11    4.21      0
     8388608       2097152     float     sum      -1   2266.4    3.70    7.37      0   2050.4    4.09    8.15      0
    16777216       4194304     float     sum      -1   2444.2    6.86   13.67      0   2251.4    7.45   14.85      0
    33554432       8388608     float     sum      -1   3162.9   10.61   21.13      0   2933.4   11.44   22.79      0
    67108864      16777216     float     sum      -1   4148.2   16.18   32.23      0   4238.6   15.83   31.54      0
   134217728      33554432     float     sum      -1   6769.5   19.83   39.50      0   6725.0   19.96   39.76      0
   268435456      67108864     float     sum      -1    12421   21.61   43.05      0    11664   23.01   45.85      0
   536870912     134217728     float     sum      -1    22675   23.68   47.17      0    15273   35.15   70.03      0
  1073741824     268435456     float     sum      -1    27047   39.70   79.09      0    26260   40.89   81.46      0
  2147483648     536870912     float     sum      -1    49580   43.31   86.29      0    50603   42.44   84.54      0
  4294967296    1073741824     float     sum      -1    98552   43.58   86.82      0    97711   43.96   87.57      0
           8             2     float     sum      -1    79.46    0.00    0.00      0    75.15    0.00    0.00      0
          16             4     float     sum      -1    75.79    0.00    0.00      0    74.73    0.00    0.00      0
          32             8     float     sum      -1    74.93    0.00    0.00      0    74.87    0.00    0.00      0
          64            16     float     sum      -1    81.50    0.00    0.00      0    80.30    0.00    0.00      0
         128            32     float     sum      -1    84.63    0.00    0.00      0    83.01    0.00    0.00      0
         256            64     float     sum      -1    84.34    0.00    0.01      0    84.20    0.00    0.01      0
         512           128     float     sum      -1    90.83    0.01    0.01      0    88.60    0.01    0.01      0
        1024           256     float     sum      -1    100.1    0.01    0.02      0    98.68    0.01    0.02      0
        2048           512     float     sum      -1    107.4    0.02    0.04      0    108.4    0.02    0.04      0
        4096          1024     float     sum      -1    176.7    0.02    0.05      0    173.5    0.02    0.05      0
        8192          2048     float     sum      -1    178.0    0.05    0.09      0    176.3    0.05    0.09      0
       16384          4096     float     sum      -1    183.4    0.09    0.18      0    187.6    0.09    0.17      0
       32768          8192     float     sum      -1    236.0    0.14    0.28      0    237.8    0.14    0.27      0
       65536         16384     float     sum      -1    293.4    0.22    0.45      0    289.5    0.23    0.45      0
      131072         32768     float     sum      -1    458.1    0.29    0.57      0    437.8    0.30    0.60      0
      262144         65536     float     sum      -1    511.5    0.51    1.02      0    540.8    0.48    0.97      0
      524288        131072     float     sum      -1    654.8    0.80    1.59      0    653.5    0.80    1.60      0
     1048576        262144     float     sum      -1    630.8    1.66    3.31      0    615.5    1.70    3.39      0
     2097152        524288     float     sum      -1   1008.6    2.08    4.14      0    941.9    2.23    4.44      0
     4194304       1048576     float     sum      -1   1623.4    2.58    5.15      0   1622.8    2.58    5.15      0
     8388608       2097152     float     sum      -1   1745.9    4.80    9.57      0   1610.8    5.21   10.37      0
    16777216       4194304     float     sum      -1   1988.6    8.44   16.81      0   1912.5    8.77   17.48      0
    33554432       8388608     float     sum      -1   2310.6   14.52   28.93      0   2329.8   14.40   28.69      0
    67108864      16777216     float     sum      -1   3204.1   20.94   41.73      0   3101.4   21.64   43.11      0
   134217728      33554432     float     sum      -1   4816.0   27.87   55.52      0   5142.3   26.10   52.00      0
   268435456      67108864     float     sum      -1   8248.0   32.55   64.84      0   8545.9   31.41   62.58      0
   536870912     134217728     float     sum      -1    15542   34.54   68.82      0    15071   35.62   70.97      0
  1073741824     268435456     float     sum      -1    26718   40.19   80.06      0    26238   40.92   81.53      0
  2147483648     536870912     float     sum      -1    50051   42.91   85.48      0    50049   42.91   85.48      0
  4294967296    1073741824     float     sum      -1    98498   43.60   86.87      0    98860   43.45   86.55      0
           8             2     float     sum      -1    77.60    0.00    0.00      0    75.93    0.00    0.00      0
          16             4     float     sum      -1    76.00    0.00    0.00      0    75.67    0.00    0.00      0
          32             8     float     sum      -1    74.27    0.00    0.00      0    74.91    0.00    0.00      0
          64            16     float     sum      -1    81.63    0.00    0.00      0    81.05    0.00    0.00      0
         128            32     float     sum      -1    84.34    0.00    0.00      0    82.74    0.00    0.00      0
         256            64     float     sum      -1    84.69    0.00    0.01      0    84.78    0.00    0.01      0
         512           128     float     sum      -1    88.84    0.01    0.01      0    87.28    0.01    0.01      0
        1024           256     float     sum      -1    100.7    0.01    0.02      0    99.83    0.01    0.02      0
        2048           512     float     sum      -1    108.2    0.02    0.04      0    107.3    0.02    0.04      0
        4096          1024     float     sum      -1    176.3    0.02    0.05      0    173.7    0.02    0.05      0
        8192          2048     float     sum      -1    178.8    0.05    0.09      0    176.1    0.05    0.09      0
       16384          4096     float     sum      -1    184.6    0.09    0.18      0    181.4    0.09    0.18      0
       32768          8192     float     sum      -1    205.2    0.16    0.32      0    207.6    0.16    0.31      0
       65536         16384     float     sum      -1    274.9    0.24    0.47      0    265.7    0.25    0.49      0
      131072         32768     float     sum      -1    451.6    0.29    0.58      0    469.7    0.28    0.56      0
      262144         65536     float     sum      -1    524.2    0.50    1.00      0    505.9    0.52    1.03      0
      524288        131072     float     sum      -1    648.4    0.81    1.61      0    653.2    0.80    1.60      0
     1048576        262144     float     sum      -1    648.2    1.62    3.22      0    617.8    1.70    3.38      0
     2097152        524288     float     sum      -1    996.5    2.10    4.19      0    982.3    2.13    4.25      0
     4194304       1048576     float     sum      -1   1622.9    2.58    5.15      0   1507.5    2.78    5.54      0
     8388608       2097152     float     sum      -1   1744.7    4.81    9.58      0   1686.5    4.97    9.91      0
    16777216       4194304     float     sum      -1   1796.5    9.34   18.60      0   1992.6    8.42   16.77      0
    33554432       8388608     float     sum      -1   2577.6   13.02   25.93      0   2260.1   14.85   29.58      0
    67108864      16777216     float     sum      -1   3447.5   19.47   38.78      0   3128.2   21.45   42.74      0
   134217728      33554432     float     sum      -1   4729.7   28.38   56.53      0   5021.6   26.73   53.25      0
   268435456      67108864     float     sum      -1   8658.8   31.00   61.76      0   8307.6   32.31   64.37      0
   536870912     134217728     float     sum      -1    15259   35.18   70.09      0    14903   36.02   71.77      0
  1073741824     268435456     float     sum      -1    26306   40.82   81.32      0    26871   39.96   79.61      0
  2147483648     536870912     float     sum      -1    50118   42.85   85.36      0    50737   42.33   84.32      0
  4294967296    1073741824     float     sum      -1    97135   44.22   88.09      0    96715   44.41   88.47      0
           8             2     float     sum      -1    77.09    0.00    0.00      0    74.93    0.00    0.00      0
          16             4     float     sum      -1    75.49    0.00    0.00      0    74.70    0.00    0.00      0
          32             8     float     sum      -1    76.21    0.00    0.00      0    75.20    0.00    0.00      0
          64            16     float     sum      -1    82.27    0.00    0.00      0    81.89    0.00    0.00      0
         128            32     float     sum      -1    85.66    0.00    0.00      0    82.13    0.00    0.00      0
         256            64     float     sum      -1    85.13    0.00    0.01      0    84.92    0.00    0.01      0
         512           128     float     sum      -1    89.35    0.01    0.01      0    88.09    0.01    0.01      0
        1024           256     float     sum      -1    100.1    0.01    0.02      0    99.36    0.01    0.02      0
        2048           512     float     sum      -1    107.7    0.02    0.04      0    106.3    0.02    0.04      0
        4096          1024     float     sum      -1    175.9    0.02    0.05      0    174.9    0.02    0.05      0
        8192          2048     float     sum      -1    178.7    0.05    0.09      0    176.2    0.05    0.09      0
       16384          4096     float     sum      -1    180.7    0.09    0.18      0    179.4    0.09    0.18      0
       32768          8192     float     sum      -1    213.5    0.15    0.31      0    209.2    0.16    0.31      0
       65536         16384     float     sum      -1    271.1    0.24    0.48      0    269.8    0.24    0.48      0
      131072         32768     float     sum      -1    474.8    0.28    0.55      0    465.1    0.28    0.56      0
      262144         65536     float     sum      -1    434.4    0.60    1.20      0    486.4    0.54    1.07      0
      524288        131072     float     sum      -1    642.1    0.82    1.63      0    629.7    0.83    1.66      0
     1048576        262144     float     sum      -1    640.1    1.64    3.26      0    631.6    1.66    3.31      0
     2097152        524288     float     sum      -1    965.2    2.17    4.33      0    959.1    2.19    4.36      0
     4194304       1048576     float     sum      -1   1590.5    2.64    5.25      0   1590.6    2.64    5.25      0
     8388608       2097152     float     sum      -1   1734.3    4.84    9.64      0   1695.5    4.95    9.86      0
    16777216       4194304     float     sum      -1   1835.0    9.14   18.21      0   1746.1    9.61   19.14      0
    33554432       8388608     float     sum      -1   2237.2   15.00   29.88      0   2351.2   14.27   28.43      0
    67108864      16777216     float     sum      -1   3112.1   21.56   42.96      0   3166.0   21.20   42.23      0
   134217728      33554432     float     sum      -1   5057.3   26.54   52.87      0   5227.4   25.68   51.15      0
   268435456      67108864     float     sum      -1   8305.2   32.32   64.39      0   8443.3   31.79   63.34      0
   536870912     134217728     float     sum      -1    15775   34.03   67.80      0    15074   35.62   70.96      0
  1073741824     268435456     float     sum      -1    26665   40.27   80.22      0    26144   41.07   81.82      0
  2147483648     536870912     float     sum      -1    50389   42.62   84.90      0    50141   42.83   85.32      0
  4294967296    1073741824     float     sum      -1    98676   43.53   86.71      0    97625   43.99   87.64      0
           8             2     float     sum      -1    76.23    0.00    0.00      0    75.33    0.00    0.00      0
          16             4     float     sum      -1    75.62    0.00    0.00      0    74.81    0.00    0.00      0
          32             8     float     sum      -1    75.56    0.00    0.00      0    74.97    0.00    0.00      0
          64            16     float     sum      -1    81.79    0.00    0.00      0    80.87    0.00    0.00      0
         128            32     float     sum      -1    84.74    0.00    0.00      0    83.28    0.00    0.00      0
         256            64     float     sum      -1    84.59    0.00    0.01      0    84.55    0.00    0.01      0
         512           128     float     sum      -1    88.07    0.01    0.01      0    86.35    0.01    0.01      0
        1024           256     float     sum      -1    100.5    0.01    0.02      0    98.64    0.01    0.02      0
        2048           512     float     sum      -1    107.7    0.02    0.04      0    107.2    0.02    0.04      0
        4096          1024     float     sum      -1    175.6    0.02    0.05      0    174.7    0.02    0.05      0
        8192          2048     float     sum      -1    178.6    0.05    0.09      0    176.7    0.05    0.09      0
       16384          4096     float     sum      -1    183.4    0.09    0.18      0    181.3    0.09    0.18      0
       32768          8192     float     sum      -1    204.0    0.16    0.32      0    204.9    0.16    0.32      0
       65536         16384     float     sum      -1    281.9    0.23    0.46      0    272.5    0.24    0.48      0
      131072         32768     float     sum      -1    497.7    0.26    0.52      0    455.6    0.29    0.57      0
      262144         65536     float     sum      -1    509.2    0.51    1.03      0    497.9    0.53    1.05      0
      524288        131072     float     sum      -1    639.4    0.82    1.63      0    633.6    0.83    1.65      0
     1048576        262144     float     sum      -1    638.8    1.64    3.27      0    690.7    1.52    3.02      0
     2097152        524288     float     sum      -1    899.8    2.33    4.64      0    936.6    2.24    4.46      0
     4194304       1048576     float     sum      -1   1517.5    2.76    5.51      0   1598.5    2.62    5.23      0
     8388608       2097152     float     sum      -1   1649.8    5.08   10.13      0   1655.3    5.07   10.10      0
    16777216       4194304     float     sum      -1   1886.7    8.89   17.72      0   1853.2    9.05   18.04      0
    33554432       8388608     float     sum      -1   2329.7   14.40   28.69      0   2707.8   12.39   24.69      0
    67108864      16777216     float     sum      -1   3264.4   20.56   40.95      0   3188.2   21.05   41.93      0
   134217728      33554432     float     sum      -1   5184.7   25.89   51.57      0   5043.3   26.61   53.02      0
   268435456      67108864     float     sum      -1   8610.0   31.18   62.11      0   8350.1   32.15   64.04      0
   536870912     134217728     float     sum      -1    15475   34.69   69.12      0    15176   35.38   70.47      0
  1073741824     268435456     float     sum      -1    26124   41.10   81.88      0    25999   41.30   82.28      0
  2147483648     536870912     float     sum      -1    49819   43.11   85.87      0    49427   43.45   86.56      0
  4294967296    1073741824     float     sum      -1    97154   44.21   88.07      0    98589   43.56   86.79      0
