        size         count      type   redop    root     time   algbw   busbw #wrong     time   algbw   busbw #wrong
         (B)    (elements)                               (us)  (GB/s)  (GB/s)            (us)  (GB/s)  (GB/s)       
           8             2     float     sum      -1    40.05    0.00    0.00      0    39.57    0.00    0.00      0
          16             4     float     sum      -1    39.04    0.00    0.00      0    38.71    0.00    0.00      0
          32             8     float     sum      -1    39.09    0.00    0.00      0    38.89    0.00    0.00      0
          64            16     float     sum      -1    43.12    0.00    0.00      0    43.26    0.00    0.00      0
         128            32     float     sum      -1    44.70    0.00    0.01      0    43.46    0.00    0.01      0
         256            64     float     sum      -1    46.99    0.01    0.01      0    44.99    0.01    0.01      0
         512           128     float     sum      -1    46.69    0.01    0.02      0    45.84    0.01    0.02      0
        1024           256     float     sum      -1    52.59    0.02    0.04      0    51.64    0.02    0.04      0
        2048           512     float     sum      -1    56.22    0.04    0.07      0    136.5    0.01    0.03      0
        4096          1024     float     sum      -1    86.61    0.05    0.09      0    86.54    0.05    0.09      0
        8192          2048     float     sum      -1    88.62    0.09    0.18      0    86.70    0.09    0.18      0
       16384          4096     float     sum      -1    88.96    0.18    0.36      0    87.46    0.19    0.36      0
       32768          8192     float     sum      -1    92.43    0.35    0.69      0    89.51    0.37    0.71      0
       65536         16384     float     sum      -1    103.8    0.63    1.22      0    104.3    0.63    1.22      0
      131072         32768     float     sum      -1    129.3    1.01    1.96      0    125.3    1.05    2.03      0
      262144         65536     float     sum      -1    200.1    1.31    2.54      0    177.8    1.47    2.86      0
      524288        131072     float     sum      -1    277.9    1.89    3.66      0    279.7    1.87    3.63      0
     1048576        262144     float     sum      -1    273.1    3.84    7.44      0    272.5    3.85    7.46      0
     2097152        524288     float     sum      -1    415.6    5.05    9.78      0    415.5    5.05    9.78      0
     4194304       1048576     float     sum      -1    699.5    6.00   11.62      0    698.2    6.01   11.64      0
     8388608       2097152     float     sum      -1    764.5   10.97   21.26      0    761.7   11.01   21.34      0
    16777216       4194304     float     sum      -1   1065.9   15.74   30.50      0    962.2   17.44   33.78      0
    33554432       8388608     float     sum      -1   1039.8   32.27   62.52      0   1035.6   32.40   62.78      0
    67108864      16777216     float     sum      -1   1468.3   45.70   88.55      0   1470.3   45.64   88.43      0
   134217728      33554432     float     sum      -1   2867.2   46.81   90.70      0   2854.7   47.02   91.10      0
   268435456      67108864     float     sum      -1   5662.8   47.40   91.84      0   5662.1   47.41   91.86      0
   536870912     134217728     float     sum      -1    11309   47.47   91.98      0    11311   47.47   91.96      0
  1073741824     268435456     float     sum      -1    22495   47.73   92.48      0    22473   47.78   92.57      0
  2147483648     536870912     float     sum      -1    44843   47.89   92.78      0    44849   47.88   92.77      0
  4294967296    1073741824     float     sum      -1    89590   47.94   92.88      0    89591   47.94   92.88      0
           8             2     float     sum      -1    39.53    0.00    0.00      0    39.69    0.00    0.00      0
          16             4     float     sum      -1    38.58    0.00    0.00      0    38.20    0.00    0.00      0
          32             8     float     sum      -1    38.29    0.00    0.00      0    38.14    0.00    0.00      0
          64            16     float     sum      -1    42.01    0.00    0.00      0    42.22    0.00    0.00      0
         128            32     float     sum      -1    44.15    0.00    0.01      0    43.65    0.00    0.01      0
         256            64     float     sum      -1    44.60    0.01    0.01      0    43.61    0.01    0.01      0
         512           128     float     sum      -1    46.29    0.01    0.02      0    45.61    0.01    0.02      0
        1024           256     float     sum      -1    52.25    0.02    0.04      0    51.34    0.02    0.04      0
        2048           512     float     sum      -1    56.28    0.04    0.07      0    55.47    0.04    0.07      0
        4096          1024     float     sum      -1    86.24    0.05    0.09      0    85.24    0.05    0.09      0
        8192          2048     float     sum      -1    87.30    0.09    0.18      0    87.00    0.09    0.18      0
       16384          4096     float     sum      -1    88.81    0.18    0.36      0    87.42    0.19    0.36      0
       32768          8192     float     sum      -1    90.11    0.36    0.70      0    88.89    0.37    0.71      0
       65536         16384     float     sum      -1    111.6    0.59    1.14      0    102.2    0.64    1.24      0
      131072         32768     float     sum      -1    128.5    1.02    1.98      0    126.0    1.04    2.02      0
      262144         65536     float     sum      -1    182.7    1.43    2.78      0    192.7    1.36    2.64      0
      524288        131072     float     sum      -1    280.2    1.87    3.63      0    269.8    1.94    3.77      0
     1048576        262144     float     sum      -1    272.4    3.85    7.46      0    270.2    3.88    7.52      0
     2097152        524288     float     sum      -1    414.2    5.06    9.81      0    415.6    5.05    9.78      0
     4194304       1048576     float     sum      -1    698.4    6.01   11.64      0    698.7    6.00   11.63      0
     8388608       2097152     float     sum      -1    764.1   10.98   21.27      0    757.9   11.07   21.44      0
    16777216       4194304     float     sum      -1    955.2   17.56   34.03      0    953.2   17.60   34.10      0
    33554432       8388608     float     sum      -1   1034.4   32.44   62.85      0   1035.3   32.41   62.80      0
    67108864      16777216     float     sum      -1   1468.6   45.69   88.53      0   1466.9   45.75   88.64      0
   134217728      33554432     float     sum      -1   2854.4   47.02   91.10      0   2854.0   47.03   91.12      0
   268435456      67108864     float     sum      -1   5663.4   47.40   91.83      0   5657.9   47.44   91.92      0
   536870912     134217728     float     sum      -1    11306   47.49   92.00      0    11304   47.49   92.02      0
  1073741824     268435456     float     sum      -1    22493   47.74   92.49      0    22489   47.75   92.51      0
  2147483648     536870912     float     sum      -1    44836   47.90   92.80      0    44837   47.90   92.80      0
  4294967296    1073741824     float     sum      -1    89616   47.93   92.86      0    89575   47.95   92.90      0
           8             2     float     sum      -1    39.19    0.00    0.00      0    38.29    0.00    0.00      0
          16             4     float     sum      -1    41.33    0.00    0.00      0    38.74    0.00    0.00      0
          32             8     float     sum      -1    38.18    0.00    0.00      0    38.11    0.00    0.00      0
          64            16     float     sum      -1    42.70    0.00    0.00      0    42.14    0.00    0.00      0
         128            32     float     sum      -1    43.67    0.00    0.01      0    42.96    0.00    0.01      0
         256            64     float     sum      -1    44.34    0.01    0.01      0    43.91    0.01    0.01      0
         512           128     float     sum      -1    45.80    0.01    0.02      0    45.50    0.01    0.02      0
        1024           256     float     sum      -1    51.88    0.02    0.04      0    51.82    0.02    0.04      0
        2048           512     float     sum      -1    56.10    0.04    0.07      0    55.05    0.04    0.07      0
        4096          1024     float     sum      -1    85.93    0.05    0.09      0    86.07    0.05    0.09      0
        8192          2048     float     sum      -1    88.07    0.09    0.18      0    86.66    0.09    0.18      0
       16384          4096     float     sum      -1    88.46    0.19    0.36      0    87.87    0.19    0.36      0
       32768          8192     float     sum      -1    90.40    0.36    0.70      0    91.43    0.36    0.69      0
       65536         16384     float     sum      -1    104.1    0.63    1.22      0    102.5    0.64    1.24      0
      131072         32768     float     sum      -1    128.3    1.02    1.98      0    125.5    1.04    2.02      0
      262144         65536     float     sum      -1    182.3    1.44    2.79      0    178.0    1.47    2.85      0
      524288        131072     float     sum      -1    278.5    1.88    3.65      0    275.4    1.90    3.69      0
     1048576        262144     float     sum      -1    271.8    3.86    7.48      0    271.0    3.87    7.50      0
     2097152        524288     float     sum      -1    415.9    5.04    9.77      0    415.1    5.05    9.79      0
     4194304       1048576     float     sum      -1    698.3    6.01   11.64      0    698.0    6.01   11.64      0
     8388608       2097152     float     sum      -1    758.8   11.05   21.42      0    756.4   11.09   21.49      0
    16777216       4194304     float     sum      -1    957.3   17.53   33.96      0    956.3   17.54   33.99      0
    33554432       8388608     float     sum      -1   1036.5   32.37   62.72      0   1034.6   32.43   62.84      0
    67108864      16777216     float     sum      -1   1467.3   45.74   88.61      0   1468.4   45.70   88.55      0
   134217728      33554432     float     sum      -1   2856.7   46.98   91.03      0   2854.8   47.02   91.09      0
   268435456      67108864     float     sum      -1   5654.8   47.47   91.97      0   5666.7   47.37   91.78      0
   536870912     134217728     float     sum      -1    11304   47.49   92.02      0    11303   47.50   92.03      0
  1073741824     268435456     float     sum      -1    22501   47.72   92.46      0    22484   47.76   92.53      0
  2147483648     536870912     float     sum      -1    44851   47.88   92.77      0    44872   47.86   92.72      0
  4294967296    1073741824     float     sum      -1    89587   47.94   92.89      0    89574   47.95   92.90      0
           8             2     float     sum      -1    39.76    0.00    0.00      0    38.39    0.00    0.00      0
          16             4     float     sum      -1    38.26    0.00    0.00      0    38.81    0.00    0.00      0
          32             8     float     sum      -1    38.54    0.00    0.00      0    38.41    0.00    0.00      0
          64            16     float     sum      -1    42.76    0.00    0.00      0    42.27    0.00    0.00      0
         128            32     float     sum      -1    43.65    0.00    0.01      0    43.35    0.00    0.01      0
         256            64     float     sum      -1    44.54    0.01    0.01      0    44.14    0.01    0.01      0
         512           128     float     sum      -1    45.95    0.01    0.02      0    45.65    0.01    0.02      0
        1024           256     float     sum      -1    51.62    0.02    0.04      0    51.00    0.02    0.04      0
        2048           512     float     sum      -1    57.51    0.04    0.07      0    56.20    0.04    0.07      0
        4096          1024     float     sum      -1    86.55    0.05    0.09      0    85.29    0.05    0.09      0
        8192          2048     float     sum      -1    88.05    0.09    0.18      0    86.68    0.09    0.18      0
       16384          4096     float     sum      -1    88.46    0.19    0.36      0    89.20    0.18    0.36      0
       32768          8192     float     sum      -1    90.82    0.36    0.70      0    89.86    0.36    0.71      0
       65536         16384     float     sum      -1    107.8    0.61    1.18      0    102.5    0.64    1.24      0
      131072         32768     float     sum      -1    128.9    1.02    1.97      0    125.7    1.04    2.02      0
      262144         65536     float     sum      -1    182.3    1.44    2.79      0    178.7    1.47    2.84      0
      524288        131072     float     sum      -1    281.7    1.86    3.61      0    276.0    1.90    3.68      0
     1048576        262144     float     sum      -1    271.2    3.87    7.49      0    270.0    3.88    7.52      0
     2097152        524288     float     sum      -1    415.3    5.05    9.78      0    416.7    5.03    9.75      0
     4194304       1048576     float     sum      -1    697.7    6.01   11.65      0    695.7    6.03   11.68      0
     8388608       2097152     float     sum      -1    764.6   10.97   21.26      0    760.0   11.04   21.39      0
    16777216       4194304     float     sum      -1    961.1   17.46   33.82      0    955.9   17.55   34.01      0
    33554432       8388608     float     sum      -1   1033.8   32.46   62.89      0   1034.2   32.44   62.86      0
    67108864      16777216     float     sum      -1   1467.7   45.72   88.59      0   1466.9   45.75   88.64      0
   134217728      33554432     float     sum      -1   2853.3   47.04   91.14      0   2854.9   47.01   91.09      0
   268435456      67108864     float     sum      -1   5658.9   47.44   91.91      0   5664.8   47.39   91.81      0
   536870912     134217728     float     sum      -1    11315   47.45   91.93      0    11308   47.48   91.99      0
  1073741824     268435456     float     sum      -1    22493   47.74   92.49      0    22497   47.73   92.47      0
  2147483648     536870912     float     sum      -1    44850   47.88   92.77      0    44854   47.88   92.76      0
  4294967296    1073741824     float     sum      -1    89571   47.95   92.90      0    89569   47.95   92.91      0
           8             2     float     sum      -1    39.69    0.00    0.00      0    38.37    0.00    0.00      0
          16             4     float     sum      -1    38.81    0.00    0.00      0    38.85    0.00    0.00      0
          32             8     float     sum      -1    38.38    0.00    0.00      0    38.35    0.00    0.00      0
          64            16     float     sum      -1    42.51    0.00    0.00      0    42.41    0.00    0.00      0
         128            32     float     sum      -1    43.86    0.00    0.01      0    42.99    0.00    0.01      0
         256            64     float     sum      -1    44.98    0.01    0.01      0    44.30    0.01    0.01      0
         512           128     float     sum      -1    45.55    0.01    0.02      0    45.27    0.01    0.02      0
        1024           256     float     sum      -1    51.69    0.02    0.04      0    51.24    0.02    0.04      0
        2048           512     float     sum      -1    55.73    0.04    0.07      0    55.56    0.04    0.07      0
        4096          1024     float     sum      -1    86.79    0.05    0.09      0    85.75    0.05    0.09      0
        8192          2048     float     sum      -1    88.97    0.09    0.18      0    86.98    0.09    0.18      0
       16384          4096     float     sum      -1    89.15    0.18    0.36      0    87.26    0.19    0.36      0
       32768          8192     float     sum      -1    90.53    0.36    0.70      0    89.22    0.37    0.71      0
       65536         16384     float     sum      -1    103.4    0.63    1.23      0    102.2    0.64    1.24      0
      131072         32768     float     sum      -1    128.5    1.02    1.98      0    125.6    1.04    2.02      0
      262144         65536     float     sum      -1    183.2    1.43    2.77      0    178.5    1.47    2.84      0
      524288        131072     float     sum      -1    273.2    1.92    3.72      0    273.4    1.92    3.71      0
     1048576        262144     float     sum      -1    272.1    3.85    7.47      0    272.0    3.86    7.47      0
     2097152        524288     float     sum      -1    415.3    5.05    9.78      0    415.6    5.05    9.78      0
     4194304       1048576     float     sum      -1    698.9    6.00   11.63      0    696.2    6.02   11.67      0
     8388608       2097152     float     sum      -1    763.8   10.98   21.28      0    760.4   11.03   21.37      0
    16777216       4194304     float     sum      -1    953.1   17.60   34.11      0    950.9   17.64   34.18      0
    33554432       8388608     float     sum      -1   1036.1   32.38   62.74      0   1034.9   32.42   62.82      0
    67108864      16777216     float     sum      -1   1468.6   45.70   88.54      0   1467.1   45.74   88.62      0
   134217728      33554432     float     sum      -1   2853.9   47.03   91.12      0   2854.2   47.03   91.11      0
   268435456      67108864     float     sum      -1   5667.6   47.36   91.77      0   5658.8   47.44   91.91      0
   536870912     134217728     float     sum      -1    11306   47.48   92.00      0    11321   47.42   91.88      0
  1073741824     268435456     float     sum      -1    22505   47.71   92.44      0    22474   47.78   92.57      0
  2147483648     536870912     float     sum      -1    44857   47.87   92.76      0    44844   47.89   92.78      0
  4294967296    1073741824     float     sum      -1    89631   47.92   92.84      0    89550   47.96   92.93      0
           8             2     float     sum      -1    39.86    0.00    0.00      0    38.82    0.00    0.00      0
          16             4     float     sum      -1    38.71    0.00    0.00      0    38.47    0.00    0.00      0
          32             8     float     sum      -1    38.44    0.00    0.00      0    38.56    0.00    0.00      0
          64            16     float     sum      -1    42.58    0.00    0.00      0    42.12    0.00    0.00      0
         128            32     float     sum      -1    44.02    0.00    0.01      0    42.82    0.00    0.01      0
         256            64     float     sum      -1    44.78    0.01    0.01      0    43.95    0.01    0.01      0
         512           128     float     sum      -1    45.71    0.01    0.02      0    45.66    0.01    0.02      0
        1024           256     float     sum      -1    51.95    0.02    0.04      0    51.58    0.02    0.04      0
        2048           512     float     sum      -1    56.12    0.04    0.07      0    55.53    0.04    0.07      0
        4096          1024     float     sum      -1    86.48    0.05    0.09      0    85.27    0.05    0.09      0
        8192          2048     float     sum      -1    88.61    0.09    0.18      0    86.64    0.09    0.18      0
       16384          4096     float     sum      -1    88.55    0.19    0.36      0    87.69    0.19    0.36      0
       32768          8192     float     sum      -1    90.62    0.36    0.70      0    89.09    0.37    0.71      0
       65536         16384     float     sum      -1    103.7    0.63    1.22      0    102.3    0.64    1.24      0
      131072         32768     float     sum      -1    128.3    1.02    1.98      0    126.0    1.04    2.02      0
      262144         65536     float     sum      -1    182.8    1.43    2.78      0    177.4    1.48    2.86      0
      524288        131072     float     sum      -1    278.3    1.88    3.65      0    275.8    1.90    3.68      0
     1048576        262144     float     sum      -1    271.6    3.86    7.48      0    270.9    3.87    7.50      0
     2097152        524288     float     sum      -1    416.2    5.04    9.76      0    415.9    5.04    9.77      0
     4194304       1048576     float     sum      -1    697.8    6.01   11.65      0    698.0    6.01   11.64      0
     8388608       2097152     float     sum      -1    762.7   11.00   21.31      0    762.6   11.00   21.31      0
    16777216       4194304     float     sum      -1    960.9   17.46   33.83      0    953.4   17.60   34.10      0
    33554432       8388608     float     sum      -1   1034.8   32.43   62.83      0   1034.1   32.45   62.87      0
    67108864      16777216     float     sum      -1   1468.3   45.71   88.55      0   1468.3   45.71   88.56      0
   134217728      33554432     float     sum      -1   2853.8   47.03   91.12      0   2854.5   47.02   91.10      0
   268435456      67108864     float     sum      -1   5660.2   47.43   91.89      0   5662.0   47.41   91.86      0
   536870912     134217728     float     sum      -1    11306   47.48   92.00      0    11302   47.50   92.03      0
  1073741824     268435456     float     sum      -1    22487   47.75   92.51      0    22485   47.75   92.52      0
  2147483648     536870912     float     sum      -1    44840   47.89   92.79      0    44892   47.84   92.68      0
  4294967296    1073741824     float     sum      -1    89575   47.95   92.90      0    89593   47.94   92.88      0
           8             2     float     sum      -1    39.33    0.00    0.00      0    38.88    0.00    0.00      0
          16             4     float     sum      -1    38.88    0.00    0.00      0    38.76    0.00    0.00      0
          32             8     float     sum      -1    38.25    0.00    0.00      0    38.64    0.00    0.00      0
          64            16     float     sum      -1    42.39    0.00    0.00      0    42.50    0.00    0.00      0
         128            32     float     sum      -1    43.62    0.00    0.01      0    43.21    0.00    0.01      0
         256            64     float     sum      -1    44.65    0.01    0.01      0    43.66    0.01    0.01      0
         512           128     float     sum      -1    46.35    0.01    0.02      0    45.71    0.01    0.02      0
        1024           256     float     sum      -1    52.01    0.02    0.04      0    51.12    0.02    0.04      0
        2048           512     float     sum      -1    56.33    0.04    0.07      0    55.96    0.04    0.07      0
        4096          1024     float     sum      -1    86.91    0.05    0.09      0    85.36    0.05    0.09      0
        8192          2048     float     sum      -1    87.31    0.09    0.18      0    87.22    0.09    0.18      0
       16384          4096     float     sum      -1    89.13    0.18    0.36      0    87.70    0.19    0.36      0
       32768          8192     float     sum      -1    90.94    0.36    0.70      0    89.66    0.37    0.71      0
       65536         16384     float     sum      -1    104.2    0.63    1.22      0    103.1    0.64    1.23      0
      131072         32768     float     sum      -1    128.7    1.02    1.97      0    125.5    1.04    2.02      0
      262144         65536     float     sum      -1    182.2    1.44    2.79      0    178.5    1.47    2.84      0
      524288        131072     float     sum      -1    277.5    1.89    3.66      0    278.8    1.88    3.64      0
     1048576        262144     float     sum      -1    272.2    3.85    7.46      0    271.1    3.87    7.49      0
     2097152        524288     float     sum      -1    416.1    5.04    9.76      0    416.3    5.04    9.76      0
     4194304       1048576     float     sum      -1    698.9    6.00   11.63      0    698.5    6.00   11.63      0
     8388608       2097152     float     sum      -1    762.4   11.00   21.32      0    759.4   11.05   21.40      0
    16777216       4194304     float     sum      -1    957.3   17.53   33.96      0    954.1   17.58   34.07      0
    33554432       8388608     float     sum      -1   1035.3   32.41   62.80      0   1033.8   32.46   62.89      0
    67108864      16777216     float     sum      -1   1467.0   45.74   88.63      0   1466.5   45.76   88.66      0
   134217728      33554432     float     sum      -1   2855.2   47.01   91.08      0   2855.0   47.01   91.08      0
   268435456      67108864     float     sum      -1   5656.0   47.46   91.95      0   5657.0   47.45   91.94      0
   536870912     134217728     float     sum      -1    11301   47.51   92.04      0    11306   47.49   92.00      0
  1073741824     268435456     float     sum      -1    22485   47.75   92.52      0    22495   47.73   92.48      0
  2147483648     536870912     float     sum      -1    44859   47.87   92.75      0    44825   47.91   92.82      0
  4294967296    1073741824     float     sum      -1    89574   47.95   92.90      0    89594   47.94   92.88      0
           8             2     float     sum      -1    39.92    0.00    0.00      0    38.64    0.00    0.00      0
          16             4     float     sum      -1    38.79    0.00    0.00      0    38.44    0.00    0.00      0
          32             8     float     sum      -1    38.49    0.00    0.00      0    38.50    0.00    0.00      0
          64            16     float     sum      -1    42.89    0.00    0.00      0    42.63    0.00    0.00      0
         128            32     float     sum      -1    43.68    0.00    0.01      0    42.82    0.00    0.01      0
         256            64     float     sum      -1    44.45    0.01    0.01      0    44.46    0.01    0.01      0
         512           128     float     sum      -1    45.22    0.01    0.02      0    45.99    0.01    0.02      0
        1024           256     float     sum      -1    51.76    0.02    0.04      0    51.10    0.02    0.04      0
        2048           512     float     sum      -1    55.77    0.04    0.07      0    55.37    0.04    0.07      0
        4096          1024     float     sum      -1    86.67    0.05    0.09      0    86.00    0.05    0.09      0
        8192          2048     float     sum      -1    87.65    0.09    0.18      0    86.46    0.09    0.18      0
       16384          4096     float     sum      -1    88.26    0.19    0.36      0    87.56    0.19    0.36      0
       32768          8192     float     sum      -1    90.06    0.36    0.70      0    89.39    0.37    0.71      0
       65536         16384     float     sum      -1    103.8    0.63    1.22      0    101.9    0.64    1.25      0
      131072         32768     float     sum      -1    128.4    1.02    1.98      0    126.4    1.04    2.01      0
      262144         65536     float     sum      -1    182.2    1.44    2.79      0    178.1    1.47    2.85      0
      524288        131072     float     sum      -1    278.5    1.88    3.65      0    278.6    1.88    3.65      0
     1048576        262144     float     sum      -1    271.5    3.86    7.48      0    270.6    3.88    7.51      0
     2097152        524288     float     sum      -1    415.5    5.05    9.78      0    416.5    5.03    9.75      0
     4194304       1048576     float     sum      -1    698.6    6.00   11.63      0    698.1    6.01   11.64      0
     8388608       2097152     float     sum      -1    760.3   11.03   21.38      0    763.8   10.98   21.28      0
    16777216       4194304     float     sum      -1    953.6   17.59   34.09      0    954.5   17.58   34.06      0
    33554432       8388608     float     sum      -1   1037.8   32.33   62.64      0   1034.6   32.43   62.84      0
    67108864      16777216     float     sum      -1   1466.7   45.76   88.65      0   1466.8   45.75   88.65      0
   134217728      33554432     float     sum      -1   2856.0   47.00   91.05      0   2855.4   47.00   91.07      0
   268435456      67108864     float     sum      -1   5660.1   47.43   91.89      0   5664.2   47.39   91.82      0
   536870912     134217728     float     sum      -1    11308   47.48   91.99      0    11307   47.48   91.99      0
  1073741824     268435456     float     sum      -1    22506   47.71   92.44      0    22479   47.77   92.55      0
  2147483648     536870912     float     sum      -1    44865   47.87   92.74      0    44832   47.90   92.81      0
  4294967296    1073741824     float     sum      -1    89622   47.92   92.85      0    89564   47.95   92.91      0
           8             2     float     sum      -1    39.89    0.00    0.00      0    38.51    0.00    0.00      0
          16             4     float     sum      -1    38.42    0.00    0.00      0    38.35    0.00    0.00      0
          32             8     float     sum      -1    38.33    0.00    0.00      0    38.90    0.00    0.00      0
          64            16     float     sum      -1    42.49    0.00    0.00      0    42.45    0.00    0.00      0
         128            32     float     sum      -1    43.73    0.00    0.01      0    42.98    0.00    0.01      0
         256            64     float     sum      -1    44.70    0.01    0.01      0    44.26    0.01    0.01      0
         512           128     float     sum      -1    46.62    0.01    0.02      0    45.73    0.01    0.02      0
        1024           256     float     sum      -1    52.06    0.02    0.04      0    51.16    0.02    0.04      0
        2048           512     float     sum      -1    56.22    0.04    0.07      0    55.24    0.04    0.07      0
        4096          1024     float     sum      -1    86.90    0.05    0.09      0    85.71    0.05    0.09      0
        8192          2048     float     sum      -1    87.96    0.09    0.18      0    86.55    0.09    0.18      0
       16384          4096     float     sum      -1    88.67    0.18    0.36      0    87.76    0.19    0.36      0
       32768          8192     float     sum      -1    90.28    0.36    0.70      0    89.59    0.37    0.71      0
       65536         16384     float     sum      -1    104.6    0.63    1.21      0    102.3    0.64    1.24      0
      131072         32768     float     sum      -1    129.5    1.01    1.96      0    125.9    1.04    2.02      0
      262144         65536     float     sum      -1    181.9    1.44    2.79      0    178.6    1.47    2.84      0
      524288        131072     float     sum      -1    278.5    1.88    3.65      0    286.9    1.83    3.54      0
     1048576        262144     float     sum      -1    271.9    3.86    7.47      0    270.5    3.88    7.51      0
     2097152        524288     float     sum      -1    416.4    5.04    9.76      0    416.5    5.04    9.76      0
     4194304       1048576     float     sum      -1    697.5    6.01   11.65      0    697.2    6.02   11.66      0
     8388608       2097152     float     sum      -1    763.0   10.99   21.30      0    761.1   11.02   21.35      0
    16777216       4194304     float     sum      -1    953.4   17.60   34.09      0    953.6   17.59   34.09      0
    33554432       8388608     float     sum      -1   1038.1   32.32   62.63      0   1033.6   32.46   62.90      0
    67108864      16777216     float     sum      -1   1467.0   45.75   88.63      0   1469.5   45.67   88.48      0
   134217728      33554432     float     sum      -1   2853.3   47.04   91.14      0   2854.9   47.01   91.09      0
   268435456      67108864     float     sum      -1   5658.4   47.44   91.91      0   5666.7   47.37   91.78      0
   536870912     134217728     float     sum      -1    11311   47.46   91.96      0    11320   47.43   91.89      0
  1073741824     268435456     float     sum      -1    22481   47.76   92.54      0    22487   47.75   92.52      0
  2147483648     536870912     float     sum      -1    44859   47.87   92.75      0    44842   47.89   92.79      0
  4294967296    1073741824     float     sum      -1    89556   47.96   92.92      0    89590   47.94   92.88      0
           8             2     float     sum      -1    39.70    0.00    0.00      0    39.43    0.00    0.00      0
          16             4     float     sum      -1    38.77    0.00    0.00      0    39.08    0.00    0.00      0
          32             8     float     sum      -1    39.34    0.00    0.00      0    38.83    0.00    0.00      0
          64            16     float     sum      -1    42.99    0.00    0.00      0    42.07    0.00    0.00      0
         128            32     float     sum      -1    44.28    0.00    0.01      0    43.02    0.00    0.01      0
         256            64     float     sum      -1    44.37    0.01    0.01      0    44.01    0.01    0.01      0
         512           128     float     sum      -1    46.64    0.01    0.02      0    45.46    0.01    0.02      0
        1024           256     float     sum      -1    51.78    0.02    0.04      0    51.95    0.02    0.04      0
        2048           512     float     sum      -1    56.56    0.04    0.07      0    55.23    0.04    0.07      0
        4096          1024     float     sum      -1    86.68    0.05    0.09      0    85.07    0.05    0.09      0
        8192          2048     float     sum      -1    87.93    0.09    0.18      0    87.04    0.09    0.18      0
       16384          4096     float     sum      -1    89.35    0.18    0.36      0    87.58    0.19    0.36      0
       32768          8192     float     sum      -1    90.35    0.36    0.70      0    89.56    0.37    0.71      0
       65536         16384     float     sum      -1    104.0    0.63    1.22      0    101.7    0.64    1.25      0
      131072         32768     float     sum      -1    128.2    1.02    1.98      0    125.8    1.04    2.02      0
      262144         65536     float     sum      -1    182.7    1.43    2.78      0    177.8    1.47    2.86      0
      524288        131072     float     sum      -1    279.6    1.88    3.63      0    290.1    1.81    3.50      0
     1048576        262144     float     sum      -1    271.6    3.86    7.48      0    271.4    3.86    7.49      0
     2097152        524288     float     sum      -1    415.8    5.04    9.77      0    416.3    5.04    9.76      0
     4194304       1048576     float     sum      -1    698.1    6.01   11.64      0    698.3    6.01   11.64      0
     8388608       2097152     float     sum      -1    764.9   10.97   21.25      0    759.8   11.04   21.39      0
    16777216       4194304     float     sum      -1    957.2   17.53   33.96      0    954.0   17.59   34.07      0
    33554432       8388608     float     sum      -1   1035.9   32.39   62.76      0   1034.0   32.45   62.88      0
    67108864      16777216     float     sum      -1   1469.0   45.68   88.51      0   1467.2   45.74   88.62      0
   134217728      33554432     float     sum      -1   2854.9   47.01   91.09      0   2854.8   47.01   91.09      0
   268435456      67108864     float     sum      -1   5657.6   47.45   91.93      0   5660.6   47.42   91.88      0
   536870912     134217728     float     sum      -1    11309   47.47   91.98      0    11326   47.40   91.84      0
  1073741824     268435456     float     sum      -1    22492   47.74   92.49      0    22494   47.74   92.49      0
  2147483648     536870912     float     sum      -1    44851   47.88   92.77      0    44847   47.89   92.78      0
  4294967296    1073741824     float     sum      -1    89565   47.95   92.91      0    89575   47.95   92.90      0
