        size         count      type   redop    root     time   algbw   busbw #wrong     time   algbw   busbw #wrong
         (B)    (elements)                               (us)  (GB/s)  (GB/s)            (us)  (GB/s)  (GB/s)       
           8             2     float     sum      -1    138.5    0.00    0.00      0    166.3    0.00    0.00      0
          16             4     float     sum      -1    95.94    0.00    0.00      0    94.24    0.00    0.00      0
          32             8     float     sum      -1    232.7    0.00    0.00      0    94.58    0.00    0.00      0
          64            16     float     sum      -1    121.7    0.00    0.00      0    108.3    0.00    0.00      0
         128            32     float     sum      -1    107.0    0.00    0.00      0    104.4    0.00    0.00      0
         256            64     float     sum      -1    159.9    0.00    0.00      0    107.2    0.00    0.00      0
         512           128     float     sum      -1    114.2    0.00    0.01      0    109.7    0.00    0.01      0
        1024           256     float     sum      -1    139.1    0.01    0.01      0    123.2    0.01    0.02      0
        2048           512     float     sum      -1    133.5    0.02    0.03      0    133.7    0.02    0.03      0
        4096          1024     float     sum      -1    232.4    0.02    0.04      0    233.2    0.02    0.04      0
        8192          2048     float     sum      -1    237.9    0.03    0.07      0    231.8    0.04    0.07      0
       16384          4096     float     sum      -1    251.7    0.07    0.13      0    252.0    0.07    0.13      0
       32768          8192     float     sum      -1    279.3    0.12    0.23      0    284.5    0.12    0.23      0
       65536         16384     float     sum      -1    379.9    0.17    0.34      0    406.5    0.16    0.32      0
      131072         32768     float     sum      -1    521.0    0.25    0.50      0    510.2    0.26    0.51      0
      262144         65536     float     sum      -1    646.7    0.41    0.81      0    631.1    0.42    0.83      0
      524288        131072     float     sum      -1    746.0    0.70    1.40      0    742.9    0.71    1.41      0
     1048576        262144     float     sum      -1    880.5    1.19    2.38      0    821.0    1.28    2.55      0
     2097152        524288     float     sum      -1   1349.0    1.55    3.10      0   1348.6    1.56    3.10      0
     4194304       1048576     float     sum      -1   2053.8    2.04    4.08      0   2146.1    1.95    3.90      0
     8388608       2097152     float     sum      -1   2476.0    3.39    6.76      0   2332.4    3.60    7.18      0
    16777216       4194304     float     sum      -1   2431.6    6.90   13.77      0   2617.2    6.41   12.80      0
    33554432       8388608     float     sum      -1   2841.7   11.81   23.57      0   3296.7   10.18   20.32      0
    67108864      16777216     float     sum      -1   4564.3   14.70   29.35      0   4305.8   15.59   31.11      0
   134217728      33554432     float     sum      -1   6100.1   22.00   43.92      0   7069.9   18.98   37.89      0
   268435456      67108864     float     sum      -1    11219   23.93   47.76      0    11524   23.29   46.50      0
   536870912     134217728     float     sum      -1    22241   24.14   48.18      0    21788   24.64   49.18      0
  1073741824     268435456     float     sum      -1    46835   22.93   45.76      0    46826   22.93   45.77      0
  2147483648     536870912     float     sum      -1    65692   32.69   65.25      0    63257   33.95   67.76      0
  4294967296    1073741824     float     sum      -1   135283   31.75   63.37      0   129284   33.22   66.31      0
           8             2     float     sum      -1    95.15    0.00    0.00      0    94.18    0.00    0.00      0
          16             4     float     sum      -1    93.54    0.00    0.00      0    93.31    0.00    0.00      0
          32             8     float     sum      -1    93.02    0.00    0.00      0    94.29    0.00    0.00      0
          64            16     float     sum      -1    102.8    0.00    0.00      0    101.6    0.00    0.00      0
         128            32     float     sum      -1    105.0    0.00    0.00      0    104.6    0.00    0.00      0
         256            64     float     sum      -1    114.3    0.00    0.00      0    105.2    0.00    0.00      0
         512           128     float     sum      -1    111.1    0.00    0.01      0    115.0    0.00    0.01      0
        1024           256     float     sum      -1    124.0    0.01    0.02      0    121.9    0.01    0.02      0
        2048           512     float     sum      -1    133.6    0.02    0.03      0    133.2    0.02    0.03      0
        4096          1024     float     sum      -1    233.2    0.02    0.04      0    230.8    0.02    0.04      0
        8192          2048     float     sum      -1    235.1    0.03    0.07      0    234.7    0.03    0.07      0
       16384          4096     float     sum      -1    251.4    0.07    0.13      0    242.5    0.07    0.13      0
       32768          8192     float     sum      -1    272.2    0.12    0.24      0    268.9    0.12    0.24      0
       65536         16384     float     sum      -1    355.7    0.18    0.37      0    397.4    0.16    0.33      0
      131072         32768     float     sum      -1    530.6    0.25    0.49      0    513.8    0.26    0.51      0
      262144         65536     float     sum      -1    669.0    0.39    0.78      0    631.8    0.41    0.83      0
      524288        131072     float     sum      -1    801.2    0.65    1.31      0    782.1    0.67    1.34      0
     1048576        262144     float     sum      -1    893.4    1.17    2.34      0    981.4    1.07    2.13      0
     2097152        524288     float     sum      -1   1511.2    1.39    2.77      0   1429.6    1.47    2.93      0
     4194304       1048576     float     sum      -1   2443.0    1.72    3.43      0   2551.9    1.64    3.28      0
     8388608       2097152     float     sum      -1   2883.2    2.91    5.81      0   2627.1    3.19    6.37      0
    16777216       4194304     float     sum      -1   3279.0    5.12   10.21      0   3097.2    5.42   10.81      0
    33554432       8388608     float     sum      -1   3834.8    8.75   17.47      0   3382.2    9.92   19.80      0
    67108864      16777216     float     sum      -1   5289.7   12.69   25.32      0   5541.4   12.11   24.17      0
   134217728      33554432     float     sum      -1   7946.4   16.89   33.71      0   7902.5   16.98   33.90      0
   268435456      67108864     float     sum      -1    12911   20.79   41.50      0    12747   21.06   42.04      0
   536870912     134217728     float     sum      -1    26006   20.64   41.21      0    25784   20.82   41.56      0
  1073741824     268435456     float     sum      -1   135956    7.90   15.76      0    52565   20.43   40.77      0
  2147483648     536870912     float     sum      -1    60964   35.23   70.31      0    61336   35.01   69.89      0
  4294967296    1073741824     float     sum      -1   121890   35.24   70.34      0   134953   31.83   63.53      0
           8             2     float     sum      -1    96.40    0.00    0.00      0    94.18    0.00    0.00      0
          16             4     float     sum      -1    93.62    0.00    0.00      0    93.62    0.00    0.00      0
          32             8     float     sum      -1    93.25    0.00    0.00      0    93.15    0.00    0.00      0
          64            16     float     sum      -1    101.9    0.00    0.00      0    102.0    0.00    0.00      0
         128            32     float     sum      -1    104.5    0.00    0.00      0    103.2    0.00    0.00      0
         256            64     float     sum      -1    115.9    0.00    0.00      0    105.0    0.00    0.00      0
         512           128     float     sum      -1    113.1    0.00    0.01      0    109.0    0.00    0.01      0
        1024           256     float     sum      -1    124.6    0.01    0.02      0    121.8    0.01    0.02      0
        2048           512     float     sum      -1    133.8    0.02    0.03      0    131.9    0.02    0.03      0
        4096          1024     float     sum      -1    230.3    0.02    0.04      0    230.0    0.02    0.04      0
        8192          2048     float     sum      -1    234.4    0.03    0.07      0    232.3    0.04    0.07      0
       16384          4096     float     sum      -1    250.0    0.07    0.13      0    247.8    0.07    0.13      0
       32768          8192     float     sum      -1    261.6    0.13    0.25      0    271.5    0.12    0.24      0
       65536         16384     float     sum      -1    395.2    0.17    0.33      0    382.8    0.17    0.34      0
      131072         32768     float     sum      -1    501.5    0.26    0.52      0    489.6    0.27    0.53      0
      262144         65536     float     sum      -1    609.4    0.43    0.86      0    625.3    0.42    0.84      0
      524288        131072     float     sum      -1    736.0    0.71    1.42      0    746.9    0.70    1.40      0
     1048576        262144     float     sum      -1    763.2    1.37    2.74      0    785.6    1.33    2.66      0
     2097152        524288     float     sum      -1   1242.0    1.69    3.37      0   1249.5    1.68    3.35      0
     4194304       1048576     float     sum      -1   2226.8    1.88    3.76      0   2224.8    1.89    3.76      0
     8388608       2097152     float     sum      -1   2392.9    3.51    7.00      0   2394.1    3.50    6.99      0
    16777216       4194304     float     sum      -1   2650.8    6.33   12.63      0   2742.2    6.12   12.21      0
    33554432       8388608     float     sum      -1   3098.8   10.83   21.61      0   3012.9   11.14   22.23      0
    67108864      16777216     float     sum      -1   4250.3   15.79   31.52      0   4429.0   15.15   30.25      0
   134217728      33554432     float     sum      -1   6964.7   19.27   38.47      0   7060.0   19.01   37.95      0
   268435456      67108864     float     sum      -1    11280   23.80   47.50      0    10950   24.51   48.93      0
   536870912     134217728     float     sum      -1    21962   24.44   48.79      0    21498   24.97   49.85      0
  1073741824     268435456     float     sum      -1    48650   22.07   44.05      0    32316   33.23   66.32      0
  2147483648     536870912     float     sum      -1    50660   42.39   84.62      0    51495   41.70   83.24      0
  4294967296    1073741824     float     sum      -1    97564   44.02   87.87      0    97664   43.98   87.78      0
           8             2     float     sum      -1    95.77    0.00    0.00      0    93.59    0.00    0.00      0
          16             4     float     sum      -1    94.67    0.00    0.00      0    95.33    0.00    0.00      0
          32             8     float     sum      -1    94.05    0.00    0.00      0    93.78    0.00    0.00      0
          64            16     float     sum      -1    101.9    0.00    0.00      0    102.0    0.00    0.00      0
         128            32     float     sum      -1    104.8    0.00    0.00      0    104.2    0.00    0.00      0
         256            64     float     sum      -1    112.1    0.00    0.00      0    105.2    0.00    0.00      0
         512           128     float     sum      -1    112.5    0.00    0.01      0    108.5    0.00    0.01      0
        1024           256     float     sum      -1    123.3    0.01    0.02      0    122.5    0.01    0.02      0
        2048           512     float     sum      -1    134.3    0.02    0.03      0    132.6    0.02    0.03      0
        4096          1024     float     sum      -1    232.0    0.02    0.04      0    231.0    0.02    0.04      0
        8192          2048     float     sum      -1    232.9    0.04    0.07      0    231.9    0.04    0.07      0
       16384          4096     float     sum      -1    248.0    0.07    0.13      0    244.5    0.07    0.13      0
       32768          8192     float     sum      -1    256.4    0.13    0.26      0    257.1    0.13    0.25      0
       65536         16384     float     sum      -1    330.6    0.20    0.40      0    335.3    0.20    0.39      0
      131072         32768     float     sum      -1    499.7    0.26    0.52      0    485.4    0.27    0.54      0
      262144         65536     float     sum      -1    599.3    0.44    0.87      0    601.3    0.44    0.87      0
      524288        131072     float     sum      -1    680.3    0.77    1.54      0    687.2    0.76    1.52      0
     1048576        262144     float     sum      -1    723.2    1.45    2.89      0    719.8    1.46    2.91      0
     2097152        524288     float     sum      -1   1073.8    1.95    3.90      0    999.7    2.10    4.19      0
     4194304       1048576     float     sum      -1   1694.3    2.48    4.94      0   1764.1    2.38    4.75      0
     8388608       2097152     float     sum      -1   1688.6    4.97    9.92      0   1745.6    4.81    9.59      0
    16777216       4194304     float     sum      -1   2012.9    8.33   16.64      0   2046.7    8.20   16.36      0
    33554432       8388608     float     sum      -1   2373.6   14.14   28.22      0   2499.5   13.42   26.80      0
    67108864      16777216     float     sum      -1   3415.3   19.65   39.22      0   3454.0   19.43   38.78      0
   134217728      33554432     float     sum      -1   5079.2   26.43   52.75      0   5443.8   24.65   49.21      0
   268435456      67108864     float     sum      -1   8769.6   30.61   61.10      0   8874.0   30.25   60.38      0
   536870912     134217728     float     sum      -1    15697   34.20   68.27      0    15581   34.46   68.78      0
  1073741824     268435456     float     sum      -1    36831   29.15   58.19      0    42488   25.27   50.44      0
  2147483648     536870912     float     sum      -1    55674   38.57   76.99      0    56106   38.28   76.40      0
  4294967296    1073741824     float     sum      -1   116139   36.98   73.82      0   132682   32.37   64.61      0
           8             2     float     sum      -1    95.84    0.00    0.00      0    94.41    0.00    0.00      0
          16             4     float     sum      -1    94.47    0.00    0.00      0    98.28    0.00    0.00      0
          32             8     float     sum      -1    93.54    0.00    0.00      0    94.50    0.00    0.00      0
          64            16     float     sum      -1    102.2    0.00    0.00      0    102.1    0.00    0.00      0
         128            32     float     sum      -1    105.4    0.00    0.00      0    104.2    0.00    0.00      0
         256            64     float     sum      -1    113.1    0.00    0.00      0    106.0    0.00    0.00      0
         512           128     float     sum      -1    112.1    0.00    0.01      0    144.3    0.00    0.01      0
        1024           256     float     sum      -1    125.2    0.01    0.02      0    122.1    0.01    0.02      0
        2048           512     float     sum      -1    133.5    0.02    0.03      0    131.0    0.02    0.03      0
        4096          1024     float     sum      -1    231.3    0.02    0.04      0    230.9    0.02    0.04      0
        8192          2048     float     sum      -1    232.5    0.04    0.07      0    232.3    0.04    0.07      0
       16384          4096     float     sum      -1    241.3    0.07    0.14      0    236.9    0.07    0.14      0
       32768          8192     float     sum      -1    252.8    0.13    0.26      0    252.1    0.13    0.26      0
       65536         16384     float     sum      -1    314.9    0.21    0.42      0    314.3    0.21    0.42      0
      131072         32768     float     sum      -1    512.3    0.26    0.51      0    513.1    0.26    0.51      0
      262144         65536     float     sum      -1    631.5    0.42    0.83      0    624.9    0.42    0.84      0
      524288        131072     float     sum      -1    764.7    0.69    1.37      0    764.1    0.69    1.37      0
     1048576        262144     float     sum      -1    836.1    1.25    2.50      0    886.2    1.18    2.36      0
     2097152        524288     float     sum      -1   1338.4    1.57    3.13      0   1377.3    1.52    3.04      0
     4194304       1048576     float     sum      -1   2114.8    1.98    3.96      0   2332.8    1.80    3.59      0
     8388608       2097152     float     sum      -1   2250.7    3.73    7.44      0   2468.6    3.40    6.78      0
    16777216       4194304     float     sum      -1   2652.5    6.33   12.63      0   2745.5    6.11   12.20      0
    33554432       8388608     float     sum      -1   3022.2   11.10   22.16      0   3591.5    9.34   18.65      0
    67108864      16777216     float     sum      -1   4866.1   13.79   27.53      0   4457.8   15.05   30.05      0
   134217728      33554432     float     sum      -1   7009.9   19.15   38.22      0   7112.5   18.87   37.67      0
   268435456      67108864     float     sum      -1    11611   23.12   46.15      0    11881   22.59   45.10      0
   536870912     134217728     float     sum      -1    24689   21.75   43.41      0    24188   22.20   44.30      0
  1073741824     268435456     float     sum      -1    52556   20.43   40.78      0    52736   20.36   40.64      0
  2147483648     536870912     float     sum      -1    56411   38.07   75.99      0    58410   36.77   73.39      0
  4294967296    1073741824     float     sum      -1   116244   36.95   73.75      0   119208   36.03   71.92      0
           8             2     float     sum      -1    95.82    0.00    0.00      0    93.27    0.00    0.00      0
          16             4     float     sum      -1    93.97    0.00    0.00      0    94.03    0.00    0.00      0
          32             8     float     sum      -1    93.58    0.00    0.00      0    93.26    0.00    0.00      0
          64            16     float     sum      -1    102.8    0.00    0.00      0    101.8    0.00    0.00      0
         128            32     float     sum      -1    105.8    0.00    0.00      0    104.0    0.00    0.00      0
         256            64     float     sum      -1    114.0    0.00    0.00      0    105.1    0.00    0.00      0
         512           128     float     sum      -1    111.3    0.00    0.01      0    109.2    0.00    0.01      0
        1024           256     float     sum      -1    124.2    0.01    0.02      0    121.4    0.01    0.02      0
        2048           512     float     sum      -1    133.3    0.02    0.03      0    132.0    0.02    0.03      0
        4096          1024     float     sum      -1    232.1    0.02    0.04      0    230.9    0.02    0.04      0
        8192          2048     float     sum      -1    237.4    0.03    0.07      0    235.8    0.03    0.07      0
       16384          4096     float     sum      -1    241.0    0.07    0.14      0    237.0    0.07    0.14      0
       32768          8192     float     sum      -1    250.8    0.13    0.26      0    249.3    0.13    0.26      0
       65536         16384     float     sum      -1    326.8    0.20    0.40      0    314.9    0.21    0.42      0
      131072         32768     float     sum      -1    501.3    0.26    0.52      0    495.3    0.26    0.53      0
      262144         65536     float     sum      -1    627.6    0.42    0.83      0    631.6    0.42    0.83      0
      524288        131072     float     sum      -1    733.5    0.71    1.43      0    778.6    0.67    1.34      0
     1048576        262144     float     sum      -1    708.1    1.48    2.96      0    821.1    1.28    2.55      0
     2097152        524288     float     sum      -1   1089.3    1.93    3.84      0   1101.6    1.90    3.80      0
     4194304       1048576     float     sum      -1   1772.7    2.37    4.72      0   1874.0    2.24    4.47      0
     8388608       2097152     float     sum      -1   2370.3    3.54    7.06      0   2161.3    3.88    7.75      0
    16777216       4194304     float     sum      -1   2630.1    6.38   12.73      0   2503.8    6.70   13.38      0
    33554432       8388608     float     sum      -1   3359.0    9.99   19.94      0   3018.6   11.12   22.19      0
    67108864      16777216     float     sum      -1   3810.8   17.61   35.15      0   4010.0   16.74   33.41      0
   134217728      33554432     float     sum      -1   6308.0   21.28   42.47      0   6527.1   20.56   41.05      0
   268435456      67108864     float     sum      -1    10728   25.02   49.95      0    10359   25.91   51.72      0
   536870912     134217728     float     sum      -1    22029   24.37   48.65      0    21842   24.58   49.06      0
  1073741824     268435456     float     sum      -1    45670   23.51   46.93      0    29618   36.25   72.36      0
  2147483648     536870912     float     sum      -1    54311   39.54   78.93      0    57554   37.31   74.48      0
  4294967296    1073741824     float     sum      -1   122588   35.04   69.93      0   122205   35.15   70.15      0
           8             2     float     sum      -1    96.09    0.00    0.00      0    94.08    0.00    0.00      0
          16             4     float     sum      -1    93.86    0.00    0.00      0    94.01    0.00    0.00      0
          32             8     float     sum      -1    93.17    0.00    0.00      0    94.03    0.00    0.00      0
          64            16     float     sum      -1    103.4    0.00    0.00      0    102.0    0.00    0.00      0
         128            32     float     sum      -1    110.4    0.00    0.00      0    103.8    0.00    0.00      0
         256            64     float     sum      -1    119.8    0.00    0.00      0    105.8    0.00    0.00      0
         512           128     float     sum      -1    113.5    0.00    0.01      0    109.8    0.00    0.01      0
        1024           256     float     sum      -1    124.2    0.01    0.02      0    122.2    0.01    0.02      0
        2048           512     float     sum      -1    134.5    0.02    0.03      0    133.1    0.02    0.03      0
        4096          1024     float     sum      -1    230.8    0.02    0.04      0    227.6    0.02    0.04      0
        8192          2048     float     sum      -1    234.3    0.03    0.07      0    232.0    0.04    0.07      0
       16384          4096     float     sum      -1    239.9    0.07    0.14      0    237.9    0.07    0.14      0
       32768          8192     float     sum      -1    252.3    0.13    0.26      0    264.8    0.12    0.25      0
       65536         16384     float     sum      -1    326.6    0.20    0.40      0    325.7    0.20    0.40      0
      131072         32768     float     sum      -1    519.6    0.25    0.50      0    521.3    0.25    0.50      0
      262144         65536     float     sum      -1    614.7    0.43    0.85      0    623.2    0.42    0.84      0
      524288        131072     float     sum      -1    706.6    0.74    1.48      0    806.4    0.65    1.30      0
     1048576        262144     float     sum      -1    848.1    1.24    2.47      0    766.1    1.37    2.73      0
     2097152        524288     float     sum      -1   1369.8    1.53    3.06      0   1440.5    1.46    2.91      0
     4194304       1048576     float     sum      -1   2438.6    1.72    3.43      0   2206.4    1.90    3.79      0
     8388608       2097152     float     sum      -1   2434.3    3.45    6.88      0   2548.4    3.29    6.57      0
    16777216       4194304     float     sum      -1   2784.4    6.03   12.03      0   2699.9    6.21   12.40      0
    33554432       8388608     float     sum      -1   3584.4    9.36   18.69      0   3499.3    9.59   19.14      0
    67108864      16777216     float     sum      -1   5074.5   13.22   26.40      0   4642.1   14.46   28.86      0
   134217728      33554432     float     sum      -1   7251.2   18.51   36.95      0   7007.2   19.15   38.23      0
   268435456      67108864     float     sum      -1   8851.4   30.33   60.54      0   8977.2   29.90   59.69      0
   536870912     134217728     float     sum      -1    15712   34.17   68.21      0    24078   22.30   44.51      0
  1073741824     268435456     float     sum      -1    50280   21.36   42.63      0    50001   21.47   42.87      0
  2147483648     536870912     float     sum      -1    57341   37.45   74.76      0    56158   38.24   76.33      0
  4294967296    1073741824     float     sum      -1   121530   35.34   70.54      0   118868   36.13   72.12      0
           8             2     float     sum      -1    96.68    0.00    0.00      0    94.43    0.00    0.00      0
          16             4     float     sum      -1    93.43    0.00    0.00      0    97.68    0.00    0.00      0
          32             8     float     sum      -1    93.33    0.00    0.00      0    93.34    0.00    0.00      0
          64            16     float     sum      -1    102.0    0.00    0.00      0    102.8    0.00    0.00      0
         128            32     float     sum      -1    105.0    0.00    0.00      0    104.0    0.00    0.00      0
         256            64     float     sum      -1    115.1    0.00    0.00      0    105.8    0.00    0.00      0
         512           128     float     sum      -1    112.2    0.00    0.01      0    108.5    0.00    0.01      0
        1024           256     float     sum      -1    124.6    0.01    0.02      0    123.0    0.01    0.02      0
        2048           512     float     sum      -1    135.4    0.02    0.03      0    134.3    0.02    0.03      0
        4096          1024     float     sum      -1    237.4    0.02    0.03      0    234.8    0.02    0.03      0
        8192          2048     float     sum      -1    233.4    0.04    0.07      0    232.0    0.04    0.07      0
       16384          4096     float     sum      -1    249.3    0.07    0.13      0    248.0    0.07    0.13      0
       32768          8192     float     sum      -1    255.9    0.13    0.26      0    257.4    0.13    0.25      0
       65536         16384     float     sum      -1    343.0    0.19    0.38      0    340.3    0.19    0.38      0
      131072         32768     float     sum      -1    520.0    0.25    0.50      0    522.4    0.25    0.50      0
      262144         65536     float     sum      -1    624.6    0.42    0.84      0    611.2    0.43    0.86      0
      524288        131072     float     sum      -1    827.1    0.63    1.27      0    772.1    0.68    1.36      0
     1048576        262144     float     sum      -1    871.3    1.20    2.40      0    894.6    1.17    2.34      0
     2097152        524288     float     sum      -1   1511.3    1.39    2.77      0   1297.7    1.62    3.23      0
     4194304       1048576     float     sum      -1   2465.5    1.70    3.40      0   2321.7    1.81    3.61      0
     8388608       2097152     float     sum      -1   2527.4    3.32    6.63      0   2656.5    3.16    6.30      0
    16777216       4194304     float     sum      -1   2873.0    5.84   11.66      0   2914.2    5.76   11.49      0
    33554432       8388608     float     sum      -1   3701.7    9.06   18.09      0   3539.6    9.48   18.92      0
    67108864      16777216     float     sum      -1   4952.2   13.55   27.05      0   4289.2   15.65   31.23      0
   134217728      33554432     float     sum      -1   7559.3   17.76   35.44      0   7719.3   17.39   34.71      0
   268435456      67108864     float     sum      -1    11446   23.45   46.81      0    10816   24.82   49.54      0
   536870912     134217728     float     sum      -1    22056   24.34   48.59      0    24734   21.71   43.33      0
  1073741824     268435456     float     sum      -1    50511   21.26   42.43      0    50230   21.38   42.67      0
  2147483648     536870912     float     sum      -1    58242   36.87   73.60      0    56796   37.81   75.47      0
  4294967296    1073741824     float     sum      -1   123133   34.88   69.63      0   110115   39.00   77.86      0
           8             2     float     sum      -1    95.41    0.00    0.00      0    94.25    0.00    0.00      0
          16             4     float     sum      -1    94.47    0.00    0.00      0    93.78    0.00    0.00      0
          32             8     float     sum      -1    93.46    0.00    0.00      0    92.93    0.00    0.00      0
          64            16     float     sum      -1    102.7    0.00    0.00      0    101.5    0.00    0.00      0
         128            32     float     sum      -1    106.0    0.00    0.00      0    104.4    0.00    0.00      0
         256            64     float     sum      -1    115.0    0.00    0.00      0    105.2    0.00    0.00      0
         512           128     float     sum      -1    113.0    0.00    0.01      0    110.0    0.00    0.01      0
        1024           256     float     sum      -1    125.0    0.01    0.02      0    124.1    0.01    0.02      0
        2048           512     float     sum      -1    137.0    0.01    0.03      0    134.1    0.02    0.03      0
        4096          1024     float     sum      -1    234.4    0.02    0.03      0    230.8    0.02    0.04      0
        8192          2048     float     sum      -1    235.0    0.03    0.07      0    232.3    0.04    0.07      0
       16384          4096     float     sum      -1    239.1    0.07    0.14      0    237.8    0.07    0.14      0
       32768          8192     float     sum      -1    249.7    0.13    0.26      0    256.0    0.13    0.26      0
       65536         16384     float     sum      -1    339.2    0.19    0.39      0    341.7    0.19    0.38      0
      131072         32768     float     sum      -1    491.1    0.27    0.53      0    492.6    0.27    0.53      0
      262144         65536     float     sum      -1    574.0    0.46    0.91      0    561.3    0.47    0.93      0
      524288        131072     float     sum      -1    685.0    0.77    1.53      0    627.7    0.84    1.67      0
     1048576        262144     float     sum      -1    687.9    1.52    3.04      0    785.1    1.34    2.67      0
     2097152        524288     float     sum      -1   1008.2    2.08    4.15      0   1093.5    1.92    3.83      0
     4194304       1048576     float     sum      -1   1797.0    2.33    4.66      0   1696.4    2.47    4.94      0
     8388608       2097152     float     sum      -1   1861.4    4.51    9.00      0   1843.2    4.55    9.08      0
    16777216       4194304     float     sum      -1   2076.5    8.08   16.13      0   2112.3    7.94   15.85      0
    33554432       8388608     float     sum      -1   2539.3   13.21   26.38      0   2452.7   13.68   27.31      0
    67108864      16777216     float     sum      -1   3386.8   19.81   39.55      0   3327.7   20.17   40.25      0
   134217728      33554432     float     sum      -1   5493.1   24.43   48.77      0   5103.5   26.30   52.50      0
   268435456      67108864     float     sum      -1   8572.7   31.31   62.50      0   8835.7   30.38   60.64      0
   536870912     134217728     float     sum      -1    15562   34.50   68.86      0    15967   33.62   67.12      0
  1073741824     268435456     float     sum      -1    38813   27.66   55.22      0    50771   21.15   42.21      0
  2147483648     536870912     float     sum      -1    53773   39.94   79.72      0    52807   40.67   81.17      0
  4294967296    1073741824     float     sum      -1   124785   34.42   68.70      0   124607   34.47   68.80      0
           8             2     float     sum      -1    97.78    0.00    0.00      0    93.84    0.00    0.00      0
          16             4     float     sum      -1    93.91    0.00    0.00      0    93.55    0.00    0.00      0
          32             8     float     sum      -1    94.03    0.00    0.00      0    94.36    0.00    0.00      0
          64            16     float     sum      -1    102.4    0.00    0.00      0    101.9    0.00    0.00      0
         128            32     float     sum      -1    105.8    0.00    0.00      0    103.7    0.00    0.00      0
         256            64     float     sum      -1    107.6    0.00    0.00      0    105.4    0.00    0.00      0
         512           128     float     sum      -1    110.2    0.00    0.01      0    110.5    0.00    0.01      0
        1024           256     float     sum      -1    124.7    0.01    0.02      0    124.1    0.01    0.02      0
        2048           512     float     sum      -1    136.0    0.02    0.03      0    134.1    0.02    0.03      0
        4096          1024     float     sum      -1    231.4    0.02    0.04      0    229.4    0.02    0.04      0
        8192          2048     float     sum      -1    234.4    0.03    0.07      0    232.3    0.04    0.07      0
       16384          4096     float     sum      -1    241.5    0.07    0.14      0    239.3    0.07    0.14      0
       32768          8192     float     sum      -1    248.9    0.13    0.26      0    250.7    0.13    0.26      0
       65536         16384     float     sum      -1    329.3    0.20    0.40      0    330.6    0.20    0.40      0
      131072         32768     float     sum      -1    517.4    0.25    0.51      0    504.0    0.26    0.52      0
      262144         65536     float     sum      -1    604.1    0.43    0.87      0    621.4    0.42    0.84      0
      524288        131072     float     sum      -1    773.3    0.68    1.35      0    780.8    0.67    1.34      0
     1048576        262144     float     sum      -1    864.5    1.21    2.42      0    816.8    1.28    2.56      0
     2097152        524288     float     sum      -1   1420.8    1.48    2.95      0   1244.7    1.68    3.36      0
     4194304       1048576     float     sum      -1   2360.6    1.78    3.55      0   2283.7    1.84    3.67      0
     8388608       2097152     float     sum      -1   2516.8    3.33    6.65      0   2383.7    3.52    7.02      0
    16777216       4194304     float     sum      -1   2815.7    5.96   11.89      0   2679.0    6.26   12.50      0
    33554432       8388608     float     sum      -1   3283.1   10.22   20.40      0   3451.6    9.72   19.41      0
    67108864      16777216     float     sum      -1   4334.8   15.48   30.90      0   4231.1   15.86   31.66      0
   134217728      33554432     float     sum      -1   6773.3   19.82   39.55      0   7002.8   19.17   38.26      0
   268435456      67108864     float     sum      -1    12007   22.36   44.63      0    11949   22.47   44.84      0
   536870912     134217728     float     sum      -1    24646   21.78   43.48      0    24061   22.31   44.54      0
  1073741824     268435456     float     sum      -1    49395   21.74   43.39      0    50845   21.12   42.15      0
  2147483648     536870912     float     sum      -1    56478   38.02   75.90      0    52935   40.57   80.98      0
  4294967296    1073741824     float     sum      -1    98675   43.53   86.88      0    97624   44.00   87.82      0
