        size         count      type   redop    root     time   algbw   busbw #wrong     time   algbw   busbw #wrong
         (B)    (elements)                               (us)  (GB/s)  (GB/s)            (us)  (GB/s)  (GB/s)       
           8             2     float     sum      -1    107.8    0.00    0.00      0    419.4    0.00    0.00      0
          16             4     float     sum      -1    205.7    0.00    0.00      0    105.7    0.00    0.00      0
          32             8     float     sum      -1    144.4    0.00    0.00      0    104.7    0.00    0.00      0
          64            16     float     sum      -1    120.2    0.00    0.00      0    115.7    0.00    0.00      0
         128            32     float     sum      -1    118.6    0.00    0.00      0    116.7    0.00    0.00      0
         256            64     float     sum      -1    143.7    0.00    0.00      0    120.3    0.00    0.00      0
         512           128     float     sum      -1    128.2    0.00    0.01      0    155.5    0.00    0.01      0
        1024           256     float     sum      -1    139.3    0.01    0.01      0    137.0    0.01    0.01      0
        2048           512     float     sum      -1    150.4    0.01    0.03      0    150.8    0.01    0.03      0
        4096          1024     float     sum      -1    258.6    0.02    0.03      0    255.6    0.02    0.03      0
        8192          2048     float     sum      -1    262.3    0.03    0.06      0    280.6    0.03    0.06      0
       16384          4096     float     sum      -1    319.4    0.05    0.10      0    305.4    0.05    0.11      0
       32768          8192     float     sum      -1    332.5    0.10    0.20      0    319.3    0.10    0.21      0
       65536         16384     float     sum      -1    453.1    0.14    0.29      0    416.9    0.16    0.31      0
      131072         32768     float     sum      -1    581.9    0.23    0.45      0    600.9    0.22    0.44      0
      262144         65536     float     sum      -1    735.5    0.36    0.71      0    789.9    0.33    0.66      0
      524288        131072     float     sum      -1    879.4    0.60    1.19      0    881.4    0.59    1.19      0
     1048576        262144     float     sum      -1   1274.4    0.82    1.64      0   1320.6    0.79    1.59      0
     2097152        524288     float     sum      -1   1831.3    1.15    2.29      0   1892.0    1.11    2.21      0
     4194304       1048576     float     sum      -1   3205.9    1.31    2.61      0   3270.9    1.28    2.56      0
     8388608       2097152     float     sum      -1   3273.7    2.56    5.12      0   3220.4    2.60    5.20      0
    16777216       4194304     float     sum      -1   4068.8    4.12    8.24      0   3798.8    4.42    8.82      0
    33554432       8388608     float     sum      -1   4369.4    7.68   15.34      0   4653.1    7.21   14.41      0
    67108864      16777216     float     sum      -1   5961.3   11.26   22.49      0   6475.4   10.36   20.71      0
   134217728      33554432     float     sum      -1   9025.4   14.87   29.71      0   9020.9   14.88   29.73      0
   268435456      67108864     float     sum      -1    15536   17.28   34.52      0    15321   17.52   35.01      0
   536870912     134217728     float     sum      -1    31555   17.01   33.99      0    32384   16.58   33.12      0
  1073741824     268435456     float     sum      -1    60206   17.83   35.63      0    54536   19.69   39.34      0
  2147483648     536870912     float     sum      -1   268526    8.00   15.98      0   194469   11.04   22.06      0
  4294967296    1073741824     float     sum      -1   128868   33.33   66.59      0   126867   33.85   67.64      0
           8             2     float     sum      -1    107.8    0.00    0.00      0    104.2    0.00    0.00      0
          16             4     float     sum      -1    105.4    0.00    0.00      0    103.9    0.00    0.00      0
          32             8     float     sum      -1    109.6    0.00    0.00      0    104.0    0.00    0.00      0
          64            16     float     sum      -1    113.5    0.00    0.00      0    112.3    0.00    0.00      0
         128            32     float     sum      -1    118.1    0.00    0.00      0    115.5    0.00    0.00      0
         256            64     float     sum      -1    125.4    0.00    0.00      0    116.7    0.00    0.00      0
         512           128     float     sum      -1    134.1    0.00    0.01      0    121.2    0.00    0.01      0
        1024           256     float     sum      -1    137.1    0.01    0.01      0    135.3    0.01    0.02      0
        2048           512     float     sum      -1    146.8    0.01    0.03      0    145.3    0.01    0.03      0
        4096          1024     float     sum      -1    256.2    0.02    0.03      0    258.9    0.02    0.03      0
        8192          2048     float     sum      -1    260.4    0.03    0.06      0    256.7    0.03    0.06      0
       16384          4096     float     sum      -1    314.1    0.05    0.10      0    307.6    0.05    0.11      0
       32768          8192     float     sum      -1    308.4    0.11    0.21      0    314.0    0.10    0.21      0
       65536         16384     float     sum      -1    421.4    0.16    0.31      0    416.1    0.16    0.31      0
      131072         32768     float     sum      -1    579.7    0.23    0.45      0    574.9    0.23    0.46      0
      262144         65536     float     sum      -1    720.1    0.36    0.73      0    725.8    0.36    0.72      0
      524288        131072     float     sum      -1    853.8    0.61    1.23      0    860.1    0.61    1.22      0
     1048576        262144     float     sum      -1   1209.5    0.87    1.73      0   1254.6    0.84    1.67      0
     2097152        524288     float     sum      -1   1921.9    1.09    2.18      0   1850.6    1.13    2.26      0
     4194304       1048576     float     sum      -1   3263.7    1.29    2.57      0   3154.4    1.33    2.66      0
     8388608       2097152     float     sum      -1   3082.3    2.72    5.44      0   3020.1    2.78    5.55      0
    16777216       4194304     float     sum      -1   3461.4    4.85    9.68      0   3571.6    4.70    9.39      0
    33554432       8388608     float     sum      -1   4069.0    8.25   16.48      0   4001.0    8.39   16.76      0
    67108864      16777216     float     sum      -1   5391.1   12.45   24.87      0   5489.4   12.23   24.43      0
   134217728      33554432     float     sum      -1   8378.9   16.02   32.01      0   8136.6   16.50   32.96      0
   268435456      67108864     float     sum      -1    13078   20.53   41.01      0    12900   20.81   41.58      0
   536870912     134217728     float     sum      -1    24424   21.98   43.92      0    25403   21.13   42.23      0
  1073741824     268435456     float     sum      -1   131783    8.15   16.28      0    50253   21.37   42.69      0
  2147483648     536870912     float     sum      -1    96000   22.37   44.70      0   159325   13.48   26.93      0
  4294967296    1073741824     float     sum      -1   103041   41.68   83.28      0   110357   38.92   77.76      0
           8             2     float     sum      -1    106.0    0.00    0.00      0    109.1    0.00    0.00      0
          16             4     float     sum      -1    106.0    0.00    0.00      0    104.3    0.00    0.00      0
          32             8     float     sum      -1    104.5    0.00    0.00      0    104.4    0.00    0.00      0
          64            16     float     sum      -1    112.8    0.00    0.00      0    113.3    0.00    0.00      0
         128            32     float     sum      -1    117.0    0.00    0.00      0    116.0    0.00    0.00      0
         256            64     float     sum      -1    125.6    0.00    0.00      0    116.6    0.00    0.00      0
         512           128     float     sum      -1    127.9    0.00    0.01      0    128.1    0.00    0.01      0
        1024           256     float     sum      -1    136.8    0.01    0.01      0    134.9    0.01    0.02      0
        2048           512     float     sum      -1    146.9    0.01    0.03      0    146.0    0.01    0.03      0
        4096          1024     float     sum      -1    256.0    0.02    0.03      0    255.5    0.02    0.03      0
        8192          2048     float     sum      -1    258.2    0.03    0.06      0    258.4    0.03    0.06      0
       16384          4096     float     sum      -1    286.7    0.06    0.11      0    281.3    0.06    0.12      0
       32768          8192     float     sum      -1    304.7    0.11    0.21      0    309.5    0.11    0.21      0
       65536         16384     float     sum      -1    419.8    0.16    0.31      0    403.0    0.16    0.32      0
      131072         32768     float     sum      -1    553.4    0.24    0.47      0    509.4    0.26    0.51      0
      262144         65536     float     sum      -1    742.6    0.35    0.71      0    705.9    0.37    0.74      0
      524288        131072     float     sum      -1    794.7    0.66    1.32      0    785.8    0.67    1.33      0
     1048576        262144     float     sum      -1    943.2    1.11    2.22      0    909.4    1.15    2.30      0
     2097152        524288     float     sum      -1   1337.1    1.57    3.13      0   1332.0    1.57    3.15      0
     4194304       1048576     float     sum      -1   2063.6    2.03    4.06      0   2101.7    2.00    3.99      0
     8388608       2097152     float     sum      -1   2194.2    3.82    7.64      0   2206.7    3.80    7.60      0
    16777216       4194304     float     sum      -1   2471.2    6.79   13.56      0   2384.9    7.03   14.06      0
    33554432       8388608     float     sum      -1   3127.5   10.73   21.44      0   3233.8   10.38   20.73      0
    67108864      16777216     float     sum      -1   3844.1   17.46   34.88      0   4185.1   16.04   32.04      0
   134217728      33554432     float     sum      -1   5759.8   23.30   46.56      0   6499.4   20.65   41.26      0
   268435456      67108864     float     sum      -1   9624.5   27.89   55.73      0   9627.2   27.88   55.71      0
   536870912     134217728     float     sum      -1    16248   33.04   66.02      0    16096   33.35   66.64      0
  1073741824     268435456     float     sum      -1    41013   26.18   52.31      0    45410   23.65   47.24      0
  2147483648     536870912     float     sum      -1    95446   22.50   44.96      0    96668   22.21   44.39      0
  4294967296    1073741824     float     sum      -1   105539   40.70   81.31      0   103768   41.39   82.70      0
           8             2     float     sum      -1    106.5    0.00    0.00      0    103.8    0.00    0.00      0
          16             4     float     sum      -1    104.6    0.00    0.00      0    104.7    0.00    0.00      0
          32             8     float     sum      -1    103.9    0.00    0.00      0    103.6    0.00    0.00      0
          64            16     float     sum      -1    113.4    0.00    0.00      0    113.1    0.00    0.00      0
         128            32     float     sum      -1    116.4    0.00    0.00      0    115.1    0.00    0.00      0
         256            64     float     sum      -1    126.5    0.00    0.00      0    117.0    0.00    0.00      0
         512           128     float     sum      -1    124.2    0.00    0.01      0    121.3    0.00    0.01      0
        1024           256     float     sum      -1    136.8    0.01    0.01      0    135.6    0.01    0.02      0
        2048           512     float     sum      -1    146.7    0.01    0.03      0    145.5    0.01    0.03      0
        4096          1024     float     sum      -1    255.3    0.02    0.03      0    253.1    0.02    0.03      0
        8192          2048     float     sum      -1    258.3    0.03    0.06      0    258.0    0.03    0.06      0
       16384          4096     float     sum      -1    277.1    0.06    0.12      0    270.0    0.06    0.12      0
       32768          8192     float     sum      -1    320.9    0.10    0.20      0    302.5    0.11    0.22      0
       65536         16384     float     sum      -1    421.6    0.16    0.31      0    405.3    0.16    0.32      0
      131072         32768     float     sum      -1    560.4    0.23    0.47      0    549.6    0.24    0.48      0
      262144         65536     float     sum      -1    737.0    0.36    0.71      0    746.3    0.35    0.70      0
      524288        131072     float     sum      -1    821.5    0.64    1.28      0    779.8    0.67    1.34      0
     1048576        262144     float     sum      -1    960.4    1.09    2.18      0   1786.3    0.59    1.17      0
     2097152        524288     float     sum      -1   1351.1    1.55    3.10      0   1398.6    1.50    3.00      0
     4194304       1048576     float     sum      -1   2331.3    1.80    3.59      0   2480.8    1.69    3.38      0
     8388608       2097152     float     sum      -1   2689.6    3.12    6.23      0   2299.2    3.65    7.29      0
    16777216       4194304     float     sum      -1   2669.0    6.29   12.56      0   2953.2    5.68   11.35      0
    33554432       8388608     float     sum      -1   3069.7   10.93   21.84      0   3567.8    9.40   18.79      0
    67108864      16777216     float     sum      -1   4892.2   13.72   27.41      0   4236.5   15.84   31.65      0
   134217728      33554432     float     sum      -1   7493.7   17.91   35.79      0   7371.1   18.21   36.38      0
   268435456      67108864     float     sum      -1    12904   20.80   41.57      0    12261   21.89   43.74      0
   536870912     134217728     float     sum      -1    21345   25.15   50.25      0    22428   23.94   47.83      0
  1073741824     268435456     float     sum      -1    46910   22.89   45.73      0    45460   23.62   47.19      0
  2147483648     536870912     float     sum      -1   144753   14.84   29.64      0   199786   10.75   21.48      0
  4294967296    1073741824     float     sum      -1   106155   40.46   80.84      0   102843   41.76   83.44      0
           8             2     float     sum      -1    106.4    0.00    0.00      0    104.4    0.00    0.00      0
          16             4     float     sum      -1    110.3    0.00    0.00      0    105.1    0.00    0.00      0
          32             8     float     sum      -1    104.2    0.00    0.00      0    103.8    0.00    0.00      0
          64            16     float     sum      -1    113.3    0.00    0.00      0    113.8    0.00    0.00      0
         128            32     float     sum      -1    117.4    0.00    0.00      0    116.8    0.00    0.00      0
         256            64     float     sum      -1    125.6    0.00    0.00      0    117.0    0.00    0.00      0
         512           128     float     sum      -1    124.3    0.00    0.01      0    121.8    0.00    0.01      0
        1024           256     float     sum      -1    137.4    0.01    0.01      0    134.7    0.01    0.02      0
        2048           512     float     sum      -1    147.8    0.01    0.03      0    145.1    0.01    0.03      0
        4096          1024     float     sum      -1    256.4    0.02    0.03      0    252.2    0.02    0.03      0
        8192          2048     float     sum      -1    283.9    0.03    0.06      0    257.9    0.03    0.06      0
       16384          4096     float     sum      -1    278.6    0.06    0.12      0    278.0    0.06    0.12      0
       32768          8192     float     sum      -1    284.9    0.12    0.23      0    309.5    0.11    0.21      0
       65536         16384     float     sum      -1    368.0    0.18    0.36      0    380.5    0.17    0.34      0
      131072         32768     float     sum      -1    506.7    0.26    0.52      0    510.6    0.26    0.51      0
      262144         65536     float     sum      -1    668.8    0.39    0.78      0    685.7    0.38    0.76      0
      524288        131072     float     sum      -1    744.0    0.70    1.41      0    747.3    0.70    1.40      0
     1048576        262144     float     sum      -1    809.6    1.30    2.59      0    870.3    1.20    2.41      0
     2097152        524288     float     sum      -1   1300.8    1.61    3.22      0   1299.5    1.61    3.22      0
     4194304       1048576     float     sum      -1   2055.7    2.04    4.08      0   1955.2    2.15    4.29      0
     8388608       2097152     float     sum      -1   2196.2    3.82    7.63      0   2774.5    3.02    6.04      0
    16777216       4194304     float     sum      -1   2542.0    6.60   13.19      0   2223.6    7.54   15.08      0
    33554432       8388608     float     sum      -1   2917.1   11.50   22.98      0   2842.9   11.80   23.58      0
    67108864      16777216     float     sum      -1   3874.8   17.32   34.60      0   3721.3   18.03   36.03      0
   134217728      33554432     float     sum      -1   5896.0   22.76   45.48      0   5902.5   22.74   45.43      0
   268435456      67108864     float     sum      -1   9121.4   29.43   58.80      0   9773.7   27.47   54.88      0
   536870912     134217728     float     sum      -1    15866   33.84   67.61      0    15885   33.80   67.53      0
  1073741824     268435456     float     sum      -1    29523   36.37   72.67      0    82177   13.07   26.11      0
  2147483648     536870912     float     sum      -1   219695    9.77   19.53      0    57876   37.10   74.14      0
  4294967296    1073741824     float     sum      -1   101192   42.44   84.80      0    99725   43.07   86.05      0
           8             2     float     sum      -1    106.2    0.00    0.00      0    103.8    0.00    0.00      0
          16             4     float     sum      -1    104.0    0.00    0.00      0    105.8    0.00    0.00      0
          32             8     float     sum      -1    105.7    0.00    0.00      0    104.4    0.00    0.00      0
          64            16     float     sum      -1    114.0    0.00    0.00      0    113.4    0.00    0.00      0
         128            32     float     sum      -1    117.0    0.00    0.00      0    115.6    0.00    0.00      0
         256            64     float     sum      -1    125.8    0.00    0.00      0    126.2    0.00    0.00      0
         512           128     float     sum      -1    126.1    0.00    0.01      0    126.9    0.00    0.01      0
        1024           256     float     sum      -1    137.7    0.01    0.01      0    136.5    0.01    0.01      0
        2048           512     float     sum      -1    147.0    0.01    0.03      0    145.5    0.01    0.03      0
        4096          1024     float     sum      -1    256.3    0.02    0.03      0    255.1    0.02    0.03      0
        8192          2048     float     sum      -1    259.2    0.03    0.06      0    257.6    0.03    0.06      0
       16384          4096     float     sum      -1    266.7    0.06    0.12      0    266.5    0.06    0.12      0
       32768          8192     float     sum      -1    285.7    0.11    0.23      0    283.9    0.12    0.23      0
       65536         16384     float     sum      -1    348.4    0.19    0.38      0    339.1    0.19    0.39      0
      131072         32768     float     sum      -1    509.2    0.26    0.51      0    484.0    0.27    0.54      0
      262144         65536     float     sum      -1    656.5    0.40    0.80      0    604.2    0.43    0.87      0
      524288        131072     float     sum      -1    714.9    0.73    1.47      0    721.9    0.73    1.45      0
     1048576        262144     float     sum      -1    706.4    1.48    2.97      0    707.2    1.48    2.96      0
     2097152        524288     float     sum      -1   1152.7    1.82    3.64      0   1169.4    1.79    3.58      0
     4194304       1048576     float     sum      -1   1803.8    2.33    4.65      0   1910.5    2.20    4.39      0
     8388608       2097152     float     sum      -1   1890.0    4.44    8.87      0   1881.0    4.46    8.91      0
    16777216       4194304     float     sum      -1   2106.5    7.96   15.91      0   2182.5    7.69   15.36      0
    33554432       8388608     float     sum      -1   2859.6   11.73   23.44      0   2790.7   12.02   24.02      0
    67108864      16777216     float     sum      -1   4241.7   15.82   31.61      0   3699.5   18.14   36.24      0
   134217728      33554432     float     sum      -1   5779.6   23.22   46.40      0   5702.9   23.53   47.02      0
   268435456      67108864     float     sum      -1   9175.5   29.26   58.45      0   9069.2   29.60   59.14      0
   536870912     134217728     float     sum      -1    15912   33.74   67.41      0    15873   33.82   67.58      0
  1073741824     268435456     float     sum      -1    29720   36.13   72.19      0    28973   37.06   74.05      0
  2147483648     536870912     float     sum      -1   131921   16.28   32.53      0    57528   37.33   74.59      0
  4294967296    1073741824     float     sum      -1    99949   42.97   85.86      0   100227   42.85   85.62      0
           8             2     float     sum      -1    106.7    0.00    0.00      0    105.8    0.00    0.00      0
          16             4     float     sum      -1    104.7    0.00    0.00      0    104.9    0.00    0.00      0
          32             8     float     sum      -1    104.6    0.00    0.00      0    108.7    0.00    0.00      0
          64            16     float     sum      -1    114.1    0.00    0.00      0    119.4    0.00    0.00      0
         128            32     float     sum      -1    117.8    0.00    0.00      0    115.8    0.00    0.00      0
         256            64     float     sum      -1    126.5    0.00    0.00      0    117.3    0.00    0.00      0
         512           128     float     sum      -1    126.2    0.00    0.01      0    121.5    0.00    0.01      0
        1024           256     float     sum      -1    137.2    0.01    0.01      0    135.4    0.01    0.02      0
        2048           512     float     sum      -1    147.2    0.01    0.03      0    145.7    0.01    0.03      0
        4096          1024     float     sum      -1    256.2    0.02    0.03      0    262.9    0.02    0.03      0
        8192          2048     float     sum      -1    260.1    0.03    0.06      0    255.6    0.03    0.06      0
       16384          4096     float     sum      -1    261.7    0.06    0.13      0    260.6    0.06    0.13      0
       32768          8192     float     sum      -1    273.9    0.12    0.24      0    271.9    0.12    0.24      0
       65536         16384     float     sum      -1    349.9    0.19    0.37      0    340.5    0.19    0.38      0
      131072         32768     float     sum      -1    482.3    0.27    0.54      0    466.4    0.28    0.56      0
      262144         65536     float     sum      -1    683.1    0.38    0.77      0    656.7    0.40    0.80      0
      524288        131072     float     sum      -1    682.4    0.77    1.54      0    735.3    0.71    1.42      0
     1048576        262144     float     sum      -1    747.9    1.40    2.80      0    723.2    1.45    2.90      0
     2097152        524288     float     sum      -1   1110.9    1.89    3.77      0   1091.2    1.92    3.84      0
     4194304       1048576     float     sum      -1   1819.0    2.31    4.61      0   1898.4    2.21    4.41      0
     8388608       2097152     float     sum      -1   2053.9    4.08    8.16      0   1870.4    4.48    8.96      0
    16777216       4194304     float     sum      -1   2207.2    7.60   15.19      0   2296.6    7.31   14.60      0
    33554432       8388608     float     sum      -1   2685.1   12.50   24.97      0   2588.7   12.96   25.90      0
    67108864      16777216     float     sum      -1   3700.9   18.13   36.23      0   3706.0   18.11   36.18      0
   134217728      33554432     float     sum      -1   5325.9   25.20   50.35      0   5724.2   23.45   46.85      0
   268435456      67108864     float     sum      -1   9235.1   29.07   58.08      0   9027.8   29.73   59.41      0
   536870912     134217728     float     sum      -1    15897   33.77   67.48      0    15948   33.66   67.26      0
  1073741824     268435456     float     sum      -1    29434   36.48   72.89      0    29507   36.39   72.71      0
  2147483648     536870912     float     sum      -1   123060   17.45   34.87      0    57468   37.37   74.66      0
  4294967296    1073741824     float     sum      -1    99426   43.20   86.31      0   100074   42.92   85.75      0
           8             2     float     sum      -1    106.5    0.00    0.00      0    108.4    0.00    0.00      0
          16             4     float     sum      -1    103.4    0.00    0.00      0    103.4    0.00    0.00      0
          32             8     float     sum      -1    104.7    0.00    0.00      0    103.5    0.00    0.00      0
          64            16     float     sum      -1    113.3    0.00    0.00      0    112.3    0.00    0.00      0
         128            32     float     sum      -1    116.1    0.00    0.00      0    115.0    0.00    0.00      0
         256            64     float     sum      -1    125.0    0.00    0.00      0    117.4    0.00    0.00      0
         512           128     float     sum      -1    124.0    0.00    0.01      0    120.9    0.00    0.01      0
        1024           256     float     sum      -1    137.3    0.01    0.01      0    135.3    0.01    0.02      0
        2048           512     float     sum      -1    147.3    0.01    0.03      0    149.1    0.01    0.03      0
        4096          1024     float     sum      -1    256.3    0.02    0.03      0    255.0    0.02    0.03      0
        8192          2048     float     sum      -1    258.0    0.03    0.06      0    255.2    0.03    0.06      0
       16384          4096     float     sum      -1    260.3    0.06    0.13      0    267.7    0.06    0.12      0
       32768          8192     float     sum      -1    281.3    0.12    0.23      0    276.7    0.12    0.24      0
       65536         16384     float     sum      -1    323.8    0.20    0.40      0    321.2    0.20    0.41      0
      131072         32768     float     sum      -1    468.8    0.28    0.56      0    470.6    0.28    0.56      0
      262144         65536     float     sum      -1    671.4    0.39    0.78      0    653.9    0.40    0.80      0
      524288        131072     float     sum      -1    742.7    0.71    1.41      0    764.7    0.69    1.37      0
     1048576        262144     float     sum      -1    717.8    1.46    2.92      0    689.9    1.52    3.04      0
     2097152        524288     float     sum      -1   1181.9    1.77    3.55      0   1094.1    1.92    3.83      0
     4194304       1048576     float     sum      -1   1880.6    2.23    4.46      0   1843.5    2.28    4.55      0
     8388608       2097152     float     sum      -1   2088.3    4.02    8.03      0   1954.9    4.29    8.57      0
    16777216       4194304     float     sum      -1   2317.0    7.24   14.47      0   2376.2    7.06   14.11      0
    33554432       8388608     float     sum      -1   2712.9   12.37   24.71      0   2918.9   11.50   22.97      0
    67108864      16777216     float     sum      -1   3935.2   17.05   34.07      0   4352.1   15.42   30.81      0
   134217728      33554432     float     sum      -1   7102.6   18.90   37.76      0   7283.4   18.43   36.82      0
   268435456      67108864     float     sum      -1    11743   22.86   45.67      0    11949   22.46   44.89      0
   536870912     134217728     float     sum      -1    21209   25.31   50.58      0    21527   24.94   49.83      0
  1073741824     268435456     float     sum      -1    44589   24.08   48.11      0    45671   23.51   46.97      0
  2147483648     536870912     float     sum      -1    90185   23.81   47.58      0    87257   24.61   49.17      0
  4294967296    1073741824     float     sum      -1   101614   42.27   84.45      0   105864   40.57   81.06      0
           8             2     float     sum      -1    106.4    0.00    0.00      0    103.9    0.00    0.00      0
          16             4     float     sum      -1    105.3    0.00    0.00      0    103.7    0.00    0.00      0
          32             8     float     sum      -1    104.5    0.00    0.00      0    104.2    0.00    0.00      0
          64            16     float     sum      -1    113.4    0.00    0.00      0    113.1    0.00    0.00      0
         128            32     float     sum      -1    117.6    0.00    0.00      0    115.9    0.00    0.00      0
         256            64     float     sum      -1    125.5    0.00    0.00      0    117.0    0.00    0.00      0
         512           128     float     sum      -1    124.7    0.00    0.01      0    120.4    0.00    0.01      0
        1024           256     float     sum      -1    136.1    0.01    0.02      0    143.1    0.01    0.01      0
        2048           512     float     sum      -1    146.4    0.01    0.03      0    145.4    0.01    0.03      0
        4096          1024     float     sum      -1    257.0    0.02    0.03      0    253.4    0.02    0.03      0
        8192          2048     float     sum      -1    259.3    0.03    0.06      0    258.7    0.03    0.06      0
       16384          4096     float     sum      -1    261.6    0.06    0.13      0    261.4    0.06    0.13      0
       32768          8192     float     sum      -1    277.3    0.12    0.24      0    272.9    0.12    0.24      0
       65536         16384     float     sum      -1    328.0    0.20    0.40      0    331.3    0.20    0.40      0
      131072         32768     float     sum      -1    486.3    0.27    0.54      0    483.8    0.27    0.54      0
      262144         65536     float     sum      -1    602.6    0.44    0.87      0    631.3    0.42    0.83      0
      524288        131072     float     sum      -1    804.0    0.65    1.30      0    838.5    0.63    1.25      0
     1048576        262144     float     sum      -1    802.6    1.31    2.61      0    825.9    1.27    2.54      0
     2097152        524288     float     sum      -1   1482.2    1.41    2.83      0   1364.9    1.54    3.07      0
     4194304       1048576     float     sum      -1   2266.0    1.85    3.70      0   2020.4    2.08    4.15      0
     8388608       2097152     float     sum      -1   2402.3    3.49    6.98      0   2557.5    3.28    6.55      0
    16777216       4194304     float     sum      -1   2780.3    6.03   12.06      0   2731.6    6.14   12.27      0
    33554432       8388608     float     sum      -1   3013.0   11.14   22.25      0   3132.9   10.71   21.40      0
    67108864      16777216     float     sum      -1   4584.2   14.64   29.25      0   4879.0   13.75   27.48      0
   134217728      33554432     float     sum      -1   7220.1   18.59   37.14      0   6886.2   19.49   38.94      0
   268435456      67108864     float     sum      -1    11406   23.53   47.02      0    11647   23.05   46.05      0
   536870912     134217728     float     sum      -1    21691   24.75   49.45      0    22368   24.00   47.96      0
  1073741824     268435456     float     sum      -1    44947   23.89   47.73      0    45801   23.44   46.84      0
  2147483648     536870912     float     sum      -1    93277   23.02   46.00      0    90389   23.76   47.47      0
  4294967296    1073741824     float     sum      -1   109656   39.17   78.26      0   106452   40.35   80.61      0
           8             2     float     sum      -1    106.4    0.00    0.00      0    103.6    0.00    0.00      0
          16             4     float     sum      -1    104.1    0.00    0.00      0    104.3    0.00    0.00      0
          32             8     float     sum      -1    103.4    0.00    0.00      0    152.2    0.00    0.00      0
          64            16     float     sum      -1    114.9    0.00    0.00      0    113.2    0.00    0.00      0
         128            32     float     sum      -1    117.5    0.00    0.00      0    116.2    0.00    0.00      0
         256            64     float     sum      -1    126.0    0.00    0.00      0    116.7    0.00    0.00      0
         512           128     float     sum      -1    123.4    0.00    0.01      0    122.7    0.00    0.01      0
        1024           256     float     sum      -1    169.6    0.01    0.01      0    135.5    0.01    0.02      0
        2048           512     float     sum      -1    147.4    0.01    0.03      0    144.5    0.01    0.03      0
        4096          1024     float     sum      -1    256.3    0.02    0.03      0    257.7    0.02    0.03      0
        8192          2048     float     sum      -1    260.0    0.03    0.06      0    256.1    0.03    0.06      0
       16384          4096     float     sum      -1    261.9    0.06    0.12      0    260.2    0.06    0.13      0
       32768          8192     float     sum      -1    274.5    0.12    0.24      0    295.2    0.11    0.22      0
       65536         16384     float     sum      -1    336.9    0.19    0.39      0    360.6    0.18    0.36      0
      131072         32768     float     sum      -1    468.6    0.28    0.56      0    473.4    0.28    0.55      0
      262144         65536     float     sum      -1    624.6    0.42    0.84      0    601.9    0.44    0.87      0
      524288        131072     float     sum      -1    811.1    0.65    1.29      0    777.3    0.67    1.35      0
     1048576        262144     float     sum      -1    867.1    1.21    2.42      0    978.6    1.07    2.14      0
     2097152        524288     float     sum      -1   1563.1    1.34    2.68      0   1376.2    1.52    3.04      0
     4194304       1048576     float     sum      -1   2538.2    1.65    3.30      0   2722.5    1.54    3.08      0
     8388608       2097152     float     sum      -1   2660.5    3.15    6.30      0   2512.2    3.34    6.67      0
    16777216       4194304     float     sum      -1   2760.4    6.08   12.14      0   2822.4    5.94   11.88      0
    33554432       8388608     float     sum      -1   3610.3    9.29   18.57      0   3324.4   10.09   20.17      0
    67108864      16777216     float     sum      -1   4940.1   13.58   27.14      0   4538.8   14.79   29.54      0
   134217728      33554432     float     sum      -1   7186.8   18.68   37.31      0   7086.3   18.94   37.84      0
   268435456      67108864     float     sum      -1    11083   24.22   48.39      0    11433   23.48   46.91      0
   536870912     134217728     float     sum      -1    22165   24.22   48.40      0    22484   23.88   47.71      0
  1073741824     268435456     float     sum      -1    46406   23.14   46.23      0    46341   23.17   46.30      0
  2147483648     536870912     float     sum      -1   166313   12.91   25.80      0    57809   37.15   74.22      0
  4294967296    1073741824     float     sum      -1    92579   46.39   92.69      0    92585   46.39   92.69      0
