        size         count      type   redop    root     time   algbw   busbw #wrong     time   algbw   busbw #wrong
         (B)    (elements)                               (us)  (GB/s)  (GB/s)            (us)  (GB/s)  (GB/s)       
           8             2     float     sum      -1    51.05    0.00    0.00      0    50.64    0.00    0.00      0
          16             4     float     sum      -1    122.3    0.00    0.00      0    50.14    0.00    0.00      0
          32             8     float     sum      -1    50.34    0.00    0.00      0    51.04    0.00    0.00      0
          64            16     float     sum      -1    56.76    0.00    0.00      0    123.9    0.00    0.00      0
         128            32     float     sum      -1    58.66    0.00    0.00      0    57.05    0.00    0.00      0
         256            64     float     sum      -1    66.49    0.00    0.01      0    58.20    0.00    0.01      0
         512           128     float     sum      -1    64.09    0.01    0.02      0    61.36    0.01    0.02      0
        1024           256     float     sum      -1    65.71    0.02    0.03      0    65.62    0.02    0.03      0
        2048           512     float     sum      -1    72.45    0.03    0.06      0    81.27    0.03    0.05      0
        4096          1024     float     sum      -1    153.2    0.03    0.05      0    151.6    0.03    0.05      0
        8192          2048     float     sum      -1    157.1    0.05    0.10      0    155.8    0.05    0.10      0
       16384          4096     float     sum      -1    186.5    0.09    0.17      0    172.2    0.10    0.19      0
       32768          8192     float     sum      -1    200.4    0.16    0.32      0    196.4    0.17    0.33      0
       65536         16384     float     sum      -1    263.7    0.25    0.49      0    267.1    0.25    0.49      0
      131072         32768     float     sum      -1    533.0    0.25    0.49      0    465.9    0.28    0.56      0
      262144         65536     float     sum      -1    486.7    0.54    1.07      0    557.7    0.47    0.93      0
      524288        131072     float     sum      -1    516.4    1.02    2.01      0    615.2    0.85    1.69      0
     1048576        262144     float     sum      -1    802.1    1.31    2.59      0    858.7    1.22    2.42      0
     2097152        524288     float     sum      -1   1112.0    1.89    3.74      0   1042.2    2.01    3.99      0
     4194304       1048576     float     sum      -1   1902.6    2.20    4.37      0   1831.0    2.29    4.55      0
     8388608       2097152     float     sum      -1   1982.6    4.23    8.40      0   1938.0    4.33    8.59      0
    16777216       4194304     float     sum      -1   2441.4    6.87   13.64      0   2445.1    6.86   13.62      0
    33554432       8388608     float     sum      -1   3298.9   10.17   20.18      0   3289.8   10.20   20.24      0
    67108864      16777216     float     sum      -1   4802.8   13.97   27.73      0   4962.4   13.52   26.84      0
   134217728      33554432     float     sum      -1   7394.3   18.15   36.02      0   7230.5   18.56   36.84      0
   268435456      67108864     float     sum      -1    10300   26.06   51.72      0    10039   26.74   53.06      0
   536870912     134217728     float     sum      -1    15921   33.72   66.92      0    15752   34.08   67.63      0
  1073741824     268435456     float     sum      -1    28239   38.02   75.45      0    27902   38.48   76.36      0
  2147483648     536870912     float     sum      -1    52347   41.02   81.41      0    51813   41.45   82.25      0
  4294967296    1073741824     float     sum      -1   103155   41.64   82.62      0   103873   41.35   82.05      0
           8             2     float     sum      -1    51.28    0.00    0.00      0    50.81    0.00    0.00      0
          16             4     float     sum      -1    50.28    0.00    0.00      0    50.67    0.00    0.00      0
          32             8     float     sum      -1    50.10    0.00    0.00      0    50.53    0.00    0.00      0
          64            16     float     sum      -1    55.72    0.00    0.00      0    61.86    0.00    0.00      0
         128            32     float     sum      -1    58.61    0.00    0.00      0    57.35    0.00    0.00      0
         256            64     float     sum      -1    60.23    0.00    0.01      0    58.13    0.00    0.01      0
         512           128     float     sum      -1    61.40    0.01    0.02      0    59.67    0.01    0.02      0
        1024           256     float     sum      -1    66.75    0.02    0.03      0    64.51    0.02    0.03      0
        2048           512     float     sum      -1    72.54    0.03    0.06      0    72.15    0.03    0.06      0
        4096          1024     float     sum      -1    158.6    0.03    0.05      0    152.9    0.03    0.05      0
        8192          2048     float     sum      -1    156.4    0.05    0.10      0    170.7    0.05    0.10      0
       16384          4096     float     sum      -1    168.1    0.10    0.19      0    166.8    0.10    0.19      0
       32768          8192     float     sum      -1    194.1    0.17    0.33      0    189.1    0.17    0.34      0
       65536         16384     float     sum      -1    246.5    0.27    0.53      0    260.7    0.25    0.50      0
      131072         32768     float     sum      -1    480.0    0.27    0.54      0    445.3    0.29    0.58      0
      262144         65536     float     sum      -1    462.9    0.57    1.12      0    492.1    0.53    1.06      0
      524288        131072     float     sum      -1    537.1    0.98    1.94      0    596.3    0.88    1.74      0
     1048576        262144     float     sum      -1    642.6    1.63    3.24      0    669.6    1.57    3.11      0
     2097152        524288     float     sum      -1   1036.9    2.02    4.01      0    997.2    2.10    4.17      0
     4194304       1048576     float     sum      -1   1783.7    2.35    4.67      0   1725.5    2.43    4.82      0
     8388608       2097152     float     sum      -1   1993.9    4.21    8.35      0   1693.3    4.95    9.83      0
    16777216       4194304     float     sum      -1   2258.4    7.43   14.74      0   2150.8    7.80   15.48      0
    33554432       8388608     float     sum      -1   3125.5   10.74   21.30      0   3171.7   10.58   20.99      0
    67108864      16777216     float     sum      -1   4668.2   14.38   28.53      0   4634.9   14.48   28.73      0
   134217728      33554432     float     sum      -1   7299.3   18.39   36.49      0   6925.4   19.38   38.46      0
   268435456      67108864     float     sum      -1   9974.9   26.91   53.40      0    10438   25.72   51.03      0
   536870912     134217728     float     sum      -1    15798   33.98   67.44      0    15570   34.48   68.42      0
  1073741824     268435456     float     sum      -1    27535   39.00   77.38      0    27232   39.43   78.24      0
  2147483648     536870912     float     sum      -1    53237   40.34   80.05      0    52269   41.09   81.53      0
  4294967296    1073741824     float     sum      -1    99005   43.38   86.08      0   103186   41.62   82.60      0
           8             2     float     sum      -1    50.42    0.00    0.00      0    49.89    0.00    0.00      0
          16             4     float     sum      -1    50.42    0.00    0.00      0    51.11    0.00    0.00      0
          32             8     float     sum      -1    50.15    0.00    0.00      0    50.31    0.00    0.00      0
          64            16     float     sum      -1    55.55    0.00    0.00      0    55.60    0.00    0.00      0
         128            32     float     sum      -1    60.08    0.00    0.00      0    57.81    0.00    0.00      0
         256            64     float     sum      -1    61.05    0.00    0.01      0    57.98    0.00    0.01      0
         512           128     float     sum      -1    62.17    0.01    0.02      0    59.62    0.01    0.02      0
        1024           256     float     sum      -1    66.90    0.02    0.03      0    64.92    0.02    0.03      0
        2048           512     float     sum      -1    73.85    0.03    0.06      0    72.54    0.03    0.06      0
        4096          1024     float     sum      -1    153.9    0.03    0.05      0    152.5    0.03    0.05      0
        8192          2048     float     sum      -1    158.1    0.05    0.10      0    156.9    0.05    0.10      0
       16384          4096     float     sum      -1    166.0    0.10    0.20      0    166.1    0.10    0.20      0
       32768          8192     float     sum      -1    187.1    0.18    0.35      0    186.8    0.18    0.35      0
       65536         16384     float     sum      -1    268.8    0.24    0.48      0    281.5    0.23    0.46      0
      131072         32768     float     sum      -1    488.4    0.27    0.53      0    495.0    0.26    0.53      0
      262144         65536     float     sum      -1    500.5    0.52    1.04      0    485.8    0.54    1.07      0
      524288        131072     float     sum      -1    542.7    0.97    1.92      0    499.4    1.05    2.08      0
     1048576        262144     float     sum      -1    686.4    1.53    3.03      0    644.0    1.63    3.23      0
     2097152        524288     float     sum      -1   1078.2    1.95    3.86      0   1011.8    2.07    4.11      0
     4194304       1048576     float     sum      -1   1664.5    2.52    5.00      0   1794.0    2.34    4.64      0
     8388608       2097152     float     sum      -1   1892.4    4.43    8.80      0   1953.2    4.29    8.52      0
    16777216       4194304     float     sum      -1   2283.0    7.35   14.58      0   2432.8    6.90   13.68      0
    33554432       8388608     float     sum      -1   3260.4   10.29   20.42      0   3543.4    9.47   18.79      0
    67108864      16777216     float     sum      -1   4568.2   14.69   29.15      0   4717.0   14.23   28.23      0
   134217728      33554432     float     sum      -1   7515.8   17.86   35.44      0   7032.9   19.08   37.87      0
   268435456      67108864     float     sum      -1    10325   26.00   51.59      0    10134   26.49   52.56      0
   536870912     134217728     float     sum      -1    16113   33.32   66.12      0    16046   33.46   66.39      0
  1073741824     268435456     float     sum      -1    27207   39.47   78.32      0    27390   39.20   77.79      0
  2147483648     536870912     float     sum      -1    52728   40.73   80.82      0    52894   40.60   80.57      0
  4294967296    1073741824     float     sum      -1   104343   41.16   81.68      0   103805   41.38   82.10      0
           8             2     float     sum      -1    50.88    0.00    0.00      0    50.17    0.00    0.00      0
          16             4     float     sum      -1    50.40    0.00    0.00      0    50.54    0.00    0.00      0
          32             8     float     sum      -1    50.20    0.00    0.00      0    50.03    0.00    0.00      0
          64            16     float     sum      -1    55.47    0.00    0.00      0    55.64    0.00    0.00      0
         128            32     float     sum      -1    59.77    0.00    0.00      0    58.47    0.00    0.00      0
         256            64     float     sum      -1    60.00    0.00    0.01      0    59.66    0.00    0.01      0
         512           128     float     sum      -1    61.81    0.01    0.02      0    61.43    0.01    0.02      0
        1024           256     float     sum      -1    66.93    0.02    0.03      0    65.04    0.02    0.03      0
        2048           512     float     sum      -1    73.39    0.03    0.06      0    70.88    0.03    0.06      0
        4096          1024     float     sum      -1    154.7    0.03    0.05      0    151.8    0.03    0.05      0
        8192          2048     float     sum      -1    157.3    0.05    0.10      0    156.8    0.05    0.10      0
       16384          4096     float     sum      -1    175.3    0.09    0.19      0    172.0    0.10    0.19      0
       32768          8192     float     sum      -1    186.4    0.18    0.35      0    187.4    0.17    0.35      0
       65536         16384     float     sum      -1    255.6    0.26    0.51      0    268.9    0.24    0.48      0
      131072         32768     float     sum      -1    475.2    0.28    0.55      0    495.5    0.26    0.52      0
      262144         65536     float     sum      -1    546.9    0.48    0.95      0    520.2    0.50    1.00      0
      524288        131072     float     sum      -1    613.4    0.85    1.70      0    565.9    0.93    1.84      0
     1048576        262144     float     sum      -1    784.6    1.34    2.65      0    724.2    1.45    2.87      0
     2097152        524288     float     sum      -1   1124.8    1.86    3.70      0   1020.0    2.06    4.08      0
     4194304       1048576     float     sum      -1   1883.2    2.23    4.42      0   1840.6    2.28    4.52      0
     8388608       2097152     float     sum      -1   2102.4    3.99    7.92      0   1949.8    4.30    8.54      0
    16777216       4194304     float     sum      -1   2627.8    6.38   12.67      0   2432.4    6.90   13.69      0
    33554432       8388608     float     sum      -1   3636.8    9.23   18.31      0   3496.0    9.60   19.05      0
    67108864      16777216     float     sum      -1   5064.9   13.25   26.29      0   5163.9   13.00   25.79      0
   134217728      33554432     float     sum      -1   7522.3   17.84   35.41      0   7702.2   17.43   34.58      0
   268435456      67108864     float     sum      -1    10444   25.70   51.00      0    10481   25.61   50.82      0
   536870912     134217728     float     sum      -1    15991   33.57   66.62      0    15993   33.57   66.61      0
  1073741824     268435456     float     sum      -1    27398   39.19   77.77      0    27641   38.85   77.09      0
  2147483648     536870912     float     sum      -1    53851   39.88   79.13      0    53244   40.33   80.04      0
  4294967296    1073741824     float     sum      -1   103770   41.39   82.13      0   103198   41.62   82.59      0
           8             2     float     sum      -1    51.87    0.00    0.00      0    50.51    0.00    0.00      0
          16             4     float     sum      -1    51.31    0.00    0.00      0    49.47    0.00    0.00      0
          32             8     float     sum      -1    50.27    0.00    0.00      0    49.65    0.00    0.00      0
          64            16     float     sum      -1    56.14    0.00    0.00      0    55.40    0.00    0.00      0
         128            32     float     sum      -1    58.71    0.00    0.00      0    57.13    0.00    0.00      0
         256            64     float     sum      -1    60.41    0.00    0.01      0    58.12    0.00    0.01      0
         512           128     float     sum      -1    60.87    0.01    0.02      0    61.05    0.01    0.02      0
        1024           256     float     sum      -1    68.04    0.02    0.03      0    64.64    0.02    0.03      0
        2048           512     float     sum      -1    72.45    0.03    0.06      0    71.70    0.03    0.06      0
        4096          1024     float     sum      -1    152.8    0.03    0.05      0    152.2    0.03    0.05      0
        8192          2048     float     sum      -1    158.8    0.05    0.10      0    156.4    0.05    0.10      0
       16384          4096     float     sum      -1    170.5    0.10    0.19      0    166.1    0.10    0.20      0
       32768          8192     float     sum      -1    194.0    0.17    0.34      0    195.5    0.17    0.33      0
       65536         16384     float     sum      -1    271.9    0.24    0.48      0    265.5    0.25    0.49      0
      131072         32768     float     sum      -1    498.0    0.26    0.52      0    497.8    0.26    0.52      0
      262144         65536     float     sum      -1    505.3    0.52    1.03      0    525.2    0.50    0.99      0
      524288        131072     float     sum      -1    604.1    0.87    1.72      0    565.9    0.93    1.84      0
     1048576        262144     float     sum      -1    798.1    1.31    2.61      0    722.1    1.45    2.88      0
     2097152        524288     float     sum      -1   1098.7    1.91    3.79      0   1113.1    1.88    3.74      0
     4194304       1048576     float     sum      -1   1874.2    2.24    4.44      0   1875.7    2.24    4.44      0
     8388608       2097152     float     sum      -1   1991.2    4.21    8.36      0   2010.6    4.17    8.28      0
    16777216       4194304     float     sum      -1   2599.0    6.46   12.81      0   2620.1    6.40   12.71      0
    33554432       8388608     float     sum      -1   3704.7    9.06   17.97      0   3698.0    9.07   18.01      0
    67108864      16777216     float     sum      -1   5140.9   13.05   25.90      0   4963.5   13.52   26.83      0
   134217728      33554432     float     sum      -1   7616.2   17.62   34.97      0   7761.6   17.29   34.31      0
   268435456      67108864     float     sum      -1    10553   25.44   50.48      0    10456   25.67   50.95      0
   536870912     134217728     float     sum      -1    15992   33.57   66.62      0    15649   34.31   68.08      0
  1073741824     268435456     float     sum      -1    27472   39.09   77.56      0    27270   39.37   78.13      0
  2147483648     536870912     float     sum      -1    52975   40.54   80.44      0    52376   41.00   81.36      0
  4294967296    1073741824     float     sum      -1   102596   41.86   83.07      0   102322   41.97   83.29      0
           8             2     float     sum      -1    51.62    0.00    0.00      0    50.24    0.00    0.00      0
          16             4     float     sum      -1    51.07    0.00    0.00      0    50.02    0.00    0.00      0
          32             8     float     sum      -1    50.28    0.00    0.00      0    50.38    0.00    0.00      0
          64            16     float     sum      -1    56.06    0.00    0.00      0    55.04    0.00    0.00      0
         128            32     float     sum      -1    58.75    0.00    0.00      0    58.08    0.00    0.00      0
         256            64     float     sum      -1    59.49    0.00    0.01      0    57.41    0.00    0.01      0
         512           128     float     sum      -1    60.91    0.01    0.02      0    61.64    0.01    0.02      0
        1024           256     float     sum      -1    65.55    0.02    0.03      0    65.19    0.02    0.03      0
        2048           512     float     sum      -1    72.91    0.03    0.06      0    72.23    0.03    0.06      0
        4096          1024     float     sum      -1    153.1    0.03    0.05      0    150.7    0.03    0.05      0
        8192          2048     float     sum      -1    156.9    0.05    0.10      0    155.2    0.05    0.10      0
       16384          4096     float     sum      -1    179.8    0.09    0.18      0    173.9    0.09    0.19      0
       32768          8192     float     sum      -1    188.2    0.17    0.35      0    181.6    0.18    0.36      0
       65536         16384     float     sum      -1    266.7    0.25    0.49      0    262.4    0.25    0.50      0
      131072         32768     float     sum      -1    447.3    0.29    0.58      0    489.2    0.27    0.53      0
      262144         65536     float     sum      -1    494.5    0.53    1.05      0    504.0    0.52    1.03      0
      524288        131072     float     sum      -1    521.6    1.01    1.99      0    513.9    1.02    2.02      0
     1048576        262144     float     sum      -1    735.8    1.43    2.83      0    671.5    1.56    3.10      0
     2097152        524288     float     sum      -1   1051.3    1.99    3.96      0   1097.8    1.91    3.79      0
     4194304       1048576     float     sum      -1   1717.1    2.44    4.85      0   1645.4    2.55    5.06      0
     8388608       2097152     float     sum      -1   2027.6    4.14    8.21      0   1803.3    4.65    9.23      0
    16777216       4194304     float     sum      -1   2459.5    6.82   13.54      0   1983.1    8.46   16.79      0
    33554432       8388608     float     sum      -1   2987.6   11.23   22.29      0   3476.7    9.65   19.15      0
    67108864      16777216     float     sum      -1   4557.3   14.73   29.22      0   4892.0   13.72   27.22      0
   134217728      33554432     float     sum      -1   7124.4   18.84   37.38      0   7347.6   18.27   36.25      0
   268435456      67108864     float     sum      -1    10139   26.47   52.54      0    10104   26.57   52.72      0
   536870912     134217728     float     sum      -1    15592   34.43   68.32      0    15865   33.84   67.15      0
  1073741824     268435456     float     sum      -1    27669   38.81   77.01      0    27895   38.49   76.38      0
  2147483648     536870912     float     sum      -1    53994   39.77   78.92      0    53374   40.23   79.84      0
  4294967296    1073741824     float     sum      -1   103010   41.69   82.74      0   103335   41.56   82.48      0
           8             2     float     sum      -1    52.67    0.00    0.00      0    51.28    0.00    0.00      0
          16             4     float     sum      -1    50.11    0.00    0.00      0    51.18    0.00    0.00      0
          32             8     float     sum      -1    50.28    0.00    0.00      0    49.98    0.00    0.00      0
          64            16     float     sum      -1    57.14    0.00    0.00      0    56.23    0.00    0.00      0
         128            32     float     sum      -1    59.06    0.00    0.00      0    59.05    0.00    0.00      0
         256            64     float     sum      -1    60.06    0.00    0.01      0    57.95    0.00    0.01      0
         512           128     float     sum      -1    62.55    0.01    0.02      0    61.88    0.01    0.02      0
        1024           256     float     sum      -1    67.43    0.02    0.03      0    64.05    0.02    0.03      0
        2048           512     float     sum      -1    71.30    0.03    0.06      0    72.15    0.03    0.06      0
        4096          1024     float     sum      -1    155.0    0.03    0.05      0    153.1    0.03    0.05      0
        8192          2048     float     sum      -1    160.4    0.05    0.10      0    158.7    0.05    0.10      0
       16384          4096     float     sum      -1    175.9    0.09    0.18      0    170.4    0.10    0.19      0
       32768          8192     float     sum      -1    189.3    0.17    0.34      0    182.7    0.18    0.36      0
       65536         16384     float     sum      -1    259.3    0.25    0.50      0    264.0    0.25    0.49      0
      131072         32768     float     sum      -1    470.0    0.28    0.55      0    459.6    0.29    0.57      0
      262144         65536     float     sum      -1    483.6    0.54    1.08      0    489.5    0.54    1.06      0
      524288        131072     float     sum      -1    547.0    0.96    1.90      0    555.9    0.94    1.87      0
     1048576        262144     float     sum      -1    624.0    1.68    3.33      0    744.2    1.41    2.80      0
     2097152        524288     float     sum      -1   1174.9    1.79    3.54      0   1043.6    2.01    3.99      0
     4194304       1048576     float     sum      -1   1605.2    2.61    5.19      0   1874.1    2.24    4.44      0
     8388608       2097152     float     sum      -1   1930.2    4.35    8.62      0   1875.1    4.47    8.88      0
    16777216       4194304     float     sum      -1   2274.2    7.38   14.64      0   2369.7    7.08   14.05      0
    33554432       8388608     float     sum      -1   3235.4   10.37   20.58      0   3208.6   10.46   20.75      0
    67108864      16777216     float     sum      -1   4742.6   14.15   28.08      0   4639.7   14.46   28.70      0
   134217728      33554432     float     sum      -1   7285.1   18.42   36.56      0   7261.1   18.48   36.68      0
   268435456      67108864     float     sum      -1   9990.1   26.87   53.32      0   9950.2   26.98   53.53      0
   536870912     134217728     float     sum      -1    15814   33.95   67.37      0    15717   34.16   67.78      0
  1073741824     268435456     float     sum      -1    27437   39.13   77.66      0    27372   39.23   77.84      0
  2147483648     536870912     float     sum      -1    52027   41.28   81.91      0    52221   41.12   81.60      0
  4294967296    1073741824     float     sum      -1   100230   42.85   85.03      0    99375   43.22   85.76      0
           8             2     float     sum      -1    53.08    0.00    0.00      0    49.90    0.00    0.00      0
          16             4     float     sum      -1    50.15    0.00    0.00      0    50.63    0.00    0.00      0
          32             8     float     sum      -1    50.06    0.00    0.00      0    50.20    0.00    0.00      0
          64            16     float     sum      -1    56.78    0.00    0.00      0    55.34    0.00    0.00      0
         128            32     float     sum      -1    59.07    0.00    0.00      0    57.87    0.00    0.00      0
         256            64     float     sum      -1    60.78    0.00    0.01      0    58.66    0.00    0.01      0
         512           128     float     sum      -1    62.57    0.01    0.02      0    60.89    0.01    0.02      0
        1024           256     float     sum      -1    67.39    0.02    0.03      0    65.30    0.02    0.03      0
        2048           512     float     sum      -1    72.61    0.03    0.06      0    72.62    0.03    0.06      0
        4096          1024     float     sum      -1    155.6    0.03    0.05      0    151.9    0.03    0.05      0
        8192          2048     float     sum      -1    154.9    0.05    0.10      0    155.0    0.05    0.10      0
       16384          4096     float     sum      -1    165.5    0.10    0.20      0    167.0    0.10    0.19      0
       32768          8192     float     sum      -1    184.6    0.18    0.35      0    188.4    0.17    0.35      0
       65536         16384     float     sum      -1    270.6    0.24    0.48      0    245.9    0.27    0.53      0
      131072         32768     float     sum      -1    400.0    0.33    0.65      0    403.9    0.32    0.64      0
      262144         65536     float     sum      -1    442.7    0.59    1.17      0    440.1    0.60    1.18      0
      524288        131072     float     sum      -1    508.0    1.03    2.05      0    445.0    1.18    2.34      0
     1048576        262144     float     sum      -1    627.3    1.67    3.32      0    596.6    1.76    3.49      0
     2097152        524288     float     sum      -1    842.2    2.49    4.94      0    957.9    2.19    4.34      0
     4194304       1048576     float     sum      -1   1247.1    3.36    6.67      0   1409.0    2.98    5.91      0
     8388608       2097152     float     sum      -1   1533.4    5.47   10.86      0   1520.0    5.52   10.95      0
    16777216       4194304     float     sum      -1   1980.7    8.47   16.81      0   2037.7    8.23   16.34      0
    33554432       8388608     float     sum      -1   2473.8   13.56   26.92      0   2628.2   12.77   25.34      0
    67108864      16777216     float     sum      -1   3542.1   18.95   37.60      0   3542.5   18.94   37.59      0
   134217728      33554432     float     sum      -1   5417.6   24.77   49.16      0   5711.9   23.50   46.63      0
   268435456      67108864     float     sum      -1    10079   26.63   52.85      0   9845.8   27.26   54.10      0
   536870912     134217728     float     sum      -1    15330   35.02   69.49      0    15400   34.86   69.18      0
  1073741824     268435456     float     sum      -1    27301   39.33   78.04      0    26835   40.01   79.40      0
  2147483648     536870912     float     sum      -1    51707   41.53   82.42      0    51971   41.32   82.00      0
  4294967296    1073741824     float     sum      -1   101451   42.34   84.01      0   102914   41.73   82.82      0
           8             2     float     sum      -1    51.35    0.00    0.00      0    50.67    0.00    0.00      0
          16             4     float     sum      -1    49.80    0.00    0.00      0    49.62    0.00    0.00      0
          32             8     float     sum      -1    50.47    0.00    0.00      0    50.22    0.00    0.00      0
          64            16     float     sum      -1    55.34    0.00    0.00      0    56.34    0.00    0.00      0
         128            32     float     sum      -1    58.55    0.00    0.00      0    57.47    0.00    0.00      0
         256            64     float     sum      -1    60.28    0.00    0.01      0    58.19    0.00    0.01      0
         512           128     float     sum      -1    62.38    0.01    0.02      0    61.71    0.01    0.02      0
        1024           256     float     sum      -1    66.40    0.02    0.03      0    65.94    0.02    0.03      0
        2048           512     float     sum      -1    73.57    0.03    0.06      0    71.89    0.03    0.06      0
        4096          1024     float     sum      -1    155.1    0.03    0.05      0    152.7    0.03    0.05      0
        8192          2048     float     sum      -1    161.5    0.05    0.10      0    156.5    0.05    0.10      0
       16384          4096     float     sum      -1    169.0    0.10    0.19      0    169.2    0.10    0.19      0
       32768          8192     float     sum      -1    195.2    0.17    0.33      0    193.8    0.17    0.34      0
       65536         16384     float     sum      -1    269.6    0.24    0.48      0    285.0    0.23    0.46      0
      131072         32768     float     sum      -1    514.6    0.25    0.51      0    477.6    0.27    0.54      0
      262144         65536     float     sum      -1    454.8    0.58    1.14      0    474.9    0.55    1.10      0
      524288        131072     float     sum      -1    583.9    0.90    1.78      0    540.9    0.97    1.92      0
     1048576        262144     float     sum      -1    697.5    1.50    2.98      0    774.2    1.35    2.69      0
     2097152        524288     float     sum      -1   1057.1    1.98    3.94      0   1035.3    2.03    4.02      0
     4194304       1048576     float     sum      -1   1860.0    2.26    4.47      0   1734.4    2.42    4.80      0
     8388608       2097152     float     sum      -1   1860.9    4.51    8.95      0   2036.6    4.12    8.17      0
    16777216       4194304     float     sum      -1   2434.6    6.89   13.67      0   2226.9    7.53   14.95      0
    33554432       8388608     float     sum      -1   3301.9   10.16   20.17      0   2963.4   11.32   22.47      0
    67108864      16777216     float     sum      -1   4636.0   14.48   28.73      0   4700.3   14.28   28.33      0
   134217728      33554432     float     sum      -1   7239.0   18.54   36.79      0   7346.0   18.27   36.26      0
   268435456      67108864     float     sum      -1    10027   26.77   53.12      0    10127   26.51   52.60      0
   536870912     134217728     float     sum      -1    15553   34.52   68.50      0    15727   34.14   67.74      0
  1073741824     268435456     float     sum      -1    27835   38.57   76.55      0    27290   39.34   78.08      0
  2147483648     536870912     float     sum      -1    52202   41.14   81.63      0    51142   41.99   83.32      0
  4294967296    1073741824     float     sum      -1   102131   42.05   83.45      0   101737   42.22   83.77      0
           8             2     float     sum      -1    51.83    0.00    0.00      0    50.22    0.00    0.00      0
          16             4     float     sum      -1    50.29    0.00    0.00      0    49.99    0.00    0.00      0
          32             8     float     sum      -1    50.25    0.00    0.00      0    49.46    0.00    0.00      0
          64            16     float     sum      -1    55.55    0.00    0.00      0    54.64    0.00    0.00      0
         128            32     float     sum      -1    58.12    0.00    0.00      0    58.33    0.00    0.00      0
         256            64     float     sum      -1    59.71    0.00    0.01      0    58.70    0.00    0.01      0
         512           128     float     sum      -1    62.53    0.01    0.02      0    59.16    0.01    0.02      0
        1024           256     float     sum      -1    65.84    0.02    0.03      0    65.98    0.02    0.03      0
        2048           512     float     sum      -1    72.60    0.03    0.06      0    71.15    0.03    0.06      0
        4096          1024     float     sum      -1    154.3    0.03    0.05      0    152.1    0.03    0.05      0
        8192          2048     float     sum      -1    158.9    0.05    0.10      0    158.1    0.05    0.10      0
       16384          4096     float     sum      -1    168.7    0.10    0.19      0    172.2    0.10    0.19      0
       32768          8192     float     sum      -1    197.7    0.17    0.33      0    196.2    0.17    0.33      0
       65536         16384     float     sum      -1    272.9    0.24    0.48      0    263.9    0.25    0.49      0
      131072         32768     float     sum      -1    462.1    0.28    0.56      0    480.3    0.27    0.54      0
      262144         65536     float     sum      -1    467.1    0.56    1.11      0    484.9    0.54    1.07      0
      524288        131072     float     sum      -1    613.1    0.86    1.70      0    558.0    0.94    1.86      0
     1048576        262144     float     sum      -1    629.8    1.66    3.30      0    754.6    1.39    2.76      0
     2097152        524288     float     sum      -1    944.8    2.22    4.40      0   1132.1    1.85    3.68      0
     4194304       1048576     float     sum      -1   1585.2    2.65    5.25      0   1784.1    2.35    4.67      0
     8388608       2097152     float     sum      -1   1924.7    4.36    8.65      0   1849.7    4.54    9.00      0
    16777216       4194304     float     sum      -1   2081.7    8.06   15.99      0   2192.0    7.65   15.19      0
    33554432       8388608     float     sum      -1   3067.9   10.94   21.70      0   3357.8    9.99   19.83      0
    67108864      16777216     float     sum      -1   4552.9   14.74   29.25      0   4441.6   15.11   29.98      0
   134217728      33554432     float     sum      -1   7372.7   18.20   36.12      0   7472.6   17.96   35.64      0
   268435456      67108864     float     sum      -1    10116   26.54   52.66      0    10417   25.77   51.14      0
   536870912     134217728     float     sum      -1    15785   34.01   67.49      0    15683   34.23   67.93      0
  1073741824     268435456     float     sum      -1    27278   39.36   78.11      0    27613   38.88   77.16      0
  2147483648     536870912     float     sum      -1    51832   41.43   82.22      0    52219   41.12   81.61      0
  4294967296    1073741824     float     sum      -1   102949   41.72   82.79      0   103005   41.70   82.74      0
