        size         count      type   redop    root     time   algbw   busbw #wrong     time   algbw   busbw #wrong
         (B)    (elements)                               (us)  (GB/s)  (GB/s)            (us)  (GB/s)  (GB/s)       
           8             2     float     sum      -1    70.59    0.00    0.00      0    65.22    0.00    0.00      0
          16             4     float     sum      -1    64.69    0.00    0.00      0    65.17    0.00    0.00      0
          32             8     float     sum      -1    62.19    0.00    0.00      0    62.69    0.00    0.00      0
          64            16     float     sum      -1    119.6    0.00    0.00      0    89.99    0.00    0.00      0
         128            32     float     sum      -1    71.25    0.00    0.00      0    70.13    0.00    0.00      0
         256            64     float     sum      -1    108.9    0.00    0.00      0    71.06    0.00    0.01      0
         512           128     float     sum      -1    76.43    0.01    0.01      0    72.99    0.01    0.01      0
        1024           256     float     sum      -1    77.00    0.01    0.03      0    76.02    0.01    0.03      0
        2048           512     float     sum      -1    86.63    0.02    0.05      0    78.28    0.03    0.05      0
        4096          1024     float     sum      -1    175.4    0.02    0.05      0    173.5    0.02    0.05      0
        8192          2048     float     sum      -1    178.3    0.05    0.09      0    175.6    0.05    0.09      0
       16384          4096     float     sum      -1    209.1    0.08    0.16      0    205.7    0.08    0.16      0
       32768          8192     float     sum      -1    217.9    0.15    0.30      0    225.3    0.15    0.29      0
       65536         16384     float     sum      -1    283.4    0.23    0.46      0    281.8    0.23    0.46      0
      131072         32768     float     sum      -1    416.3    0.31    0.63      0    467.8    0.28    0.56      0
      262144         65536     float     sum      -1    518.2    0.51    1.01      0    539.2    0.49    0.97      0
      524288        131072     float     sum      -1    626.8    0.84    1.67      0    612.9    0.86    1.70      0
     1048576        262144     float     sum      -1    751.2    1.40    2.78      0    656.7    1.60    3.18      0
     2097152        524288     float     sum      -1   1031.1    2.03    4.05      0   1129.0    1.86    3.70      0
     4194304       1048576     float     sum      -1   1623.2    2.58    5.15      0   1655.6    2.53    5.05      0
     8388608       2097152     float     sum      -1   1974.6    4.25    8.46      0   1952.0    4.30    8.56      0
    16777216       4194304     float     sum      -1   2255.4    7.44   14.82      0   2813.7    5.96   11.88      0
    33554432       8388608     float     sum      -1   3553.4    9.44   18.81      0   3174.8   10.57   21.06      0
    67108864      16777216     float     sum      -1   4851.3   13.83   27.56      0   5520.8   12.16   24.22      0
   134217728      33554432     float     sum      -1   8524.3   15.75   31.37      0   7188.5   18.67   37.20      0
   268435456      67108864     float     sum      -1    10836   24.77   49.35      0    10599   25.33   50.46      0
   536870912     134217728     float     sum      -1    19465   27.58   54.95      0    20315   26.43   52.65      0
  1073741824     268435456     float     sum      -1    31812   33.75   67.24      0    32142   33.41   66.55      0
  2147483648     536870912     float     sum      -1    55296   38.84   77.37      0    55189   38.91   77.52      0
  4294967296    1073741824     float     sum      -1   103804   41.38   82.43      0   103379   41.55   82.77      0
           8             2     float     sum      -1    63.95    0.00    0.00      0    62.65    0.00    0.00      0
          16             4     float     sum      -1    60.95    0.00    0.00      0    61.55    0.00    0.00      0
          32             8     float     sum      -1    60.70    0.00    0.00      0    61.30    0.00    0.00      0
          64            16     float     sum      -1    67.17    0.00    0.00      0    67.58    0.00    0.00      0
         128            32     float     sum      -1    71.07    0.00    0.00      0    69.89    0.00    0.00      0
         256            64     float     sum      -1    72.16    0.00    0.01      0    70.42    0.00    0.01      0
         512           128     float     sum      -1    74.11    0.01    0.01      0    73.34    0.01    0.01      0
        1024           256     float     sum      -1    76.20    0.01    0.03      0    74.95    0.01    0.03      0
        2048           512     float     sum      -1    80.00    0.03    0.05      0    78.21    0.03    0.05      0
        4096          1024     float     sum      -1    175.2    0.02    0.05      0    171.0    0.02    0.05      0
        8192          2048     float     sum      -1    176.5    0.05    0.09      0    175.2    0.05    0.09      0
       16384          4096     float     sum      -1    201.0    0.08    0.16      0    198.6    0.08    0.16      0
       32768          8192     float     sum      -1    222.8    0.15    0.29      0    213.9    0.15    0.31      0
       65536         16384     float     sum      -1    291.8    0.22    0.45      0    279.1    0.23    0.47      0
      131072         32768     float     sum      -1    427.1    0.31    0.61      0    415.2    0.32    0.63      0
      262144         65536     float     sum      -1    543.4    0.48    0.96      0    512.4    0.51    1.02      0
      524288        131072     float     sum      -1    569.7    0.92    1.83      0    590.0    0.89    1.77      0
     1048576        262144     float     sum      -1    724.6    1.45    2.88      0    720.6    1.46    2.90      0
     2097152        524288     float     sum      -1    997.9    2.10    4.19      0   1087.1    1.93    3.84      0
     4194304       1048576     float     sum      -1   1681.0    2.50    4.97      0   1864.3    2.25    4.48      0
     8388608       2097152     float     sum      -1   1793.4    4.68    9.32      0   1862.3    4.50    8.97      0
    16777216       4194304     float     sum      -1   2254.6    7.44   14.82      0   2307.2    7.27   14.49      0
    33554432       8388608     float     sum      -1   3062.9   10.96   21.82      0   2838.1   11.82   23.55      0
    67108864      16777216     float     sum      -1   4266.6   15.73   31.34      0   4000.6   16.77   33.42      0
   134217728      33554432     float     sum      -1   6189.9   21.68   43.20      0   6297.1   21.31   42.46      0
   268435456      67108864     float     sum      -1    10237   26.22   52.24      0    10484   25.60   51.01      0
   536870912     134217728     float     sum      -1    19773   27.15   54.09      0    19356   27.74   55.26      0
  1073741824     268435456     float     sum      -1    31798   33.77   67.27      0    31712   33.86   67.45      0
  2147483648     536870912     float     sum      -1    54722   39.24   78.18      0    55318   38.82   77.34      0
  4294967296    1073741824     float     sum      -1   102916   41.73   83.14      0   102920   41.73   83.14      0
           8             2     float     sum      -1    65.97    0.00    0.00      0    62.87    0.00    0.00      0
          16             4     float     sum      -1    62.07    0.00    0.00      0    63.96    0.00    0.00      0
          32             8     float     sum      -1    63.28    0.00    0.00      0    61.40    0.00    0.00      0
          64            16     float     sum      -1    67.66    0.00    0.00      0    66.93    0.00    0.00      0
         128            32     float     sum      -1    71.33    0.00    0.00      0    69.42    0.00    0.00      0
         256            64     float     sum      -1    71.63    0.00    0.01      0    69.83    0.00    0.01      0
         512           128     float     sum      -1    73.89    0.01    0.01      0    71.79    0.01    0.01      0
        1024           256     float     sum      -1    75.84    0.01    0.03      0    74.61    0.01    0.03      0
        2048           512     float     sum      -1    78.93    0.03    0.05      0    77.50    0.03    0.05      0
        4096          1024     float     sum      -1    173.5    0.02    0.05      0    171.8    0.02    0.05      0
        8192          2048     float     sum      -1    176.3    0.05    0.09      0    174.9    0.05    0.09      0
       16384          4096     float     sum      -1    197.5    0.08    0.17      0    188.8    0.09    0.17      0
       32768          8192     float     sum      -1    218.2    0.15    0.30      0    217.6    0.15    0.30      0
       65536         16384     float     sum      -1    277.6    0.24    0.47      0    277.4    0.24    0.47      0
      131072         32768     float     sum      -1    410.1    0.32    0.64      0    424.6    0.31    0.61      0
      262144         65536     float     sum      -1    512.4    0.51    1.02      0    511.9    0.51    1.02      0
      524288        131072     float     sum      -1    617.2    0.85    1.69      0    605.5    0.87    1.72      0
     1048576        262144     float     sum      -1    762.1    1.38    2.74      0    747.2    1.40    2.80      0
     2097152        524288     float     sum      -1    985.4    2.13    4.24      0    993.4    2.11    4.21      0
     4194304       1048576     float     sum      -1   1577.3    2.66    5.30      0   1673.8    2.51    4.99      0
     8388608       2097152     float     sum      -1   1921.8    4.37    8.70      0   1722.4    4.87    9.70      0
    16777216       4194304     float     sum      -1   2105.4    7.97   15.88      0   2158.0    7.77   15.49      0
    33554432       8388608     float     sum      -1   3081.7   10.89   21.69      0   2934.6   11.43   22.78      0
    67108864      16777216     float     sum      -1   4073.1   16.48   32.82      0   4036.1   16.63   33.12      0
   134217728      33554432     float     sum      -1   6178.6   21.72   43.28      0   6256.8   21.45   42.74      0
   268435456      67108864     float     sum      -1    10982   24.44   48.70      0    10982   24.44   48.70      0
   536870912     134217728     float     sum      -1    18783   28.58   56.94      0    19159   28.02   55.83      0
  1073741824     268435456     float     sum      -1    31646   33.93   67.60      0    32026   33.53   66.79      0
  2147483648     536870912     float     sum      -1    54511   39.40   78.48      0    55400   38.76   77.22      0
  4294967296    1073741824     float     sum      -1   103111   41.65   82.98      0   102862   41.75   83.18      0
           8             2     float     sum      -1    64.51    0.00    0.00      0    61.94    0.00    0.00      0
          16             4     float     sum      -1    61.77    0.00    0.00      0    65.21    0.00    0.00      0
          32             8     float     sum      -1    63.49    0.00    0.00      0    60.93    0.00    0.00      0
          64            16     float     sum      -1    67.00    0.00    0.00      0    67.48    0.00    0.00      0
         128            32     float     sum      -1    71.69    0.00    0.00      0    70.61    0.00    0.00      0
         256            64     float     sum      -1    72.06    0.00    0.01      0    70.22    0.00    0.01      0
         512           128     float     sum      -1    74.26    0.01    0.01      0    72.89    0.01    0.01      0
        1024           256     float     sum      -1    77.13    0.01    0.03      0    74.90    0.01    0.03      0
        2048           512     float     sum      -1    79.64    0.03    0.05      0    77.75    0.03    0.05      0
        4096          1024     float     sum      -1    174.1    0.02    0.05      0    171.4    0.02    0.05      0
        8192          2048     float     sum      -1    177.5    0.05    0.09      0    174.0    0.05    0.09      0
       16384          4096     float     sum      -1    199.2    0.08    0.16      0    192.0    0.09    0.17      0
       32768          8192     float     sum      -1    218.7    0.15    0.30      0    215.0    0.15    0.30      0
       65536         16384     float     sum      -1    293.6    0.22    0.44      0    283.5    0.23    0.46      0
      131072         32768     float     sum      -1    412.9    0.32    0.63      0    418.4    0.31    0.62      0
      262144         65536     float     sum      -1    500.9    0.52    1.04      0    523.4    0.50    1.00      0
      524288        131072     float     sum      -1    592.7    0.88    1.76      0    584.9    0.90    1.79      0
     1048576        262144     float     sum      -1    705.3    1.49    2.96      0    700.9    1.50    2.98      0
     2097152        524288     float     sum      -1    928.5    2.26    4.50      0    969.1    2.16    4.31      0
     4194304       1048576     float     sum      -1   1561.7    2.69    5.35      0   1758.3    2.39    4.75      0
     8388608       2097152     float     sum      -1   1849.9    4.53    9.03      0   1908.6    4.40    8.76      0
    16777216       4194304     float     sum      -1   2201.2    7.62   15.18      0   2114.2    7.94   15.81      0
    33554432       8388608     float     sum      -1   2820.1   11.90   23.70      0   2733.1   12.28   24.46      0
    67108864      16777216     float     sum      -1   4152.9   16.16   32.19      0   4072.5   16.48   32.83      0
   134217728      33554432     float     sum      -1   6076.0   22.09   44.01      0   6345.3   21.15   42.14      0
   268435456      67108864     float     sum      -1    10086   26.61   53.02      0    10534   25.48   50.77      0
   536870912     134217728     float     sum      -1    22102   24.29   48.39      0    24891   21.57   42.97      0
  1073741824     268435456     float     sum      -1    35122   30.57   60.91      0    34767   30.88   61.53      0
  2147483648     536870912     float     sum      -1    58512   36.70   73.12      0    59024   36.38   72.48      0
  4294967296    1073741824     float     sum      -1   108320   39.65   78.99      0   115297   37.25   74.21      0
           8             2     float     sum      -1    65.39    0.00    0.00      0    63.57    0.00    0.00      0
          16             4     float     sum      -1    64.38    0.00    0.00      0    63.62    0.00    0.00      0
          32             8     float     sum      -1    61.71    0.00    0.00      0    61.47    0.00    0.00      0
          64            16     float     sum      -1    67.07    0.00    0.00      0    67.09    0.00    0.00      0
         128            32     float     sum      -1    70.76    0.00    0.00      0    70.87    0.00    0.00      0
         256            64     float     sum      -1    71.85    0.00    0.01      0    70.34    0.00    0.01      0
         512           128     float     sum      -1    75.59    0.01    0.01      0    72.01    0.01    0.01      0
        1024           256     float     sum      -1    76.93    0.01    0.03      0    75.66    0.01    0.03      0
        2048           512     float     sum      -1    79.83    0.03    0.05      0    137.3    0.01    0.03      0
        4096          1024     float     sum      -1    173.3    0.02    0.05      0    172.7    0.02    0.05      0
        8192          2048     float     sum      -1    177.6    0.05    0.09      0    174.2    0.05    0.09      0
       16384          4096     float     sum      -1    208.0    0.08    0.16      0    202.7    0.08    0.16      0
       32768          8192     float     sum      -1    211.0    0.16    0.31      0    208.2    0.16    0.31      0
       65536         16384     float     sum      -1    282.4    0.23    0.46      0    322.5    0.20    0.40      0
      131072         32768     float     sum      -1    451.6    0.29    0.58      0    445.9    0.29    0.59      0
      262144         65536     float     sum      -1    560.3    0.47    0.93      0    559.2    0.47    0.93      0
      524288        131072     float     sum      -1    640.3    0.82    1.63      0    646.6    0.81    1.62      0
     1048576        262144     float     sum      -1    789.4    1.33    2.65      0    812.2    1.29    2.57      0
     2097152        524288     float     sum      -1   1096.1    1.91    3.81      0   1022.0    2.05    4.09      0
     4194304       1048576     float     sum      -1   1923.2    2.18    4.34      0   2175.5    1.93    3.84      0
     8388608       2097152     float     sum      -1   2243.8    3.74    7.45      0   2527.5    3.32    6.61      0
    16777216       4194304     float     sum      -1   3099.4    5.41   10.78      0   2923.7    5.74   11.43      0
    33554432       8388608     float     sum      -1   3579.4    9.37   18.68      0   3930.3    8.54   17.01      0
    67108864      16777216     float     sum      -1   5442.6   12.33   24.56      0   5442.5   12.33   24.56      0
   134217728      33554432     float     sum      -1   7970.1   16.84   33.55      0   8131.0   16.51   32.88      0
   268435456      67108864     float     sum      -1    13411   20.02   39.88      0    14215   18.88   37.62      0
   536870912     134217728     float     sum      -1    25898   20.73   41.30      0    26097   20.57   40.98      0
  1073741824     268435456     float     sum      -1    34601   31.03   61.82      0    34924   30.75   61.25      0
  2147483648     536870912     float     sum      -1    58564   36.67   73.05      0    56787   37.82   75.34      0
  4294967296    1073741824     float     sum      -1   105094   40.87   81.42      0   106265   40.42   80.52      0
           8             2     float     sum      -1    66.93    0.00    0.00      0    62.95    0.00    0.00      0
          16             4     float     sum      -1    61.65    0.00    0.00      0    61.69    0.00    0.00      0
          32             8     float     sum      -1    63.81    0.00    0.00      0    62.65    0.00    0.00      0
          64            16     float     sum      -1    67.87    0.00    0.00      0    66.96    0.00    0.00      0
         128            32     float     sum      -1    70.96    0.00    0.00      0    70.13    0.00    0.00      0
         256            64     float     sum      -1    74.29    0.00    0.01      0    71.19    0.00    0.01      0
         512           128     float     sum      -1    76.28    0.01    0.01      0    71.99    0.01    0.01      0
        1024           256     float     sum      -1    76.70    0.01    0.03      0    74.06    0.01    0.03      0
        2048           512     float     sum      -1    80.14    0.03    0.05      0    77.53    0.03    0.05      0
        4096          1024     float     sum      -1    173.5    0.02    0.05      0    172.0    0.02    0.05      0
        8192          2048     float     sum      -1    176.5    0.05    0.09      0    173.9    0.05    0.09      0
       16384          4096     float     sum      -1    195.3    0.08    0.17      0    194.2    0.08    0.17      0
       32768          8192     float     sum      -1    228.6    0.14    0.29      0    237.0    0.14    0.28      0
       65536         16384     float     sum      -1    312.5    0.21    0.42      0    301.7    0.22    0.43      0
      131072         32768     float     sum      -1    429.9    0.30    0.61      0    437.8    0.30    0.60      0
      262144         65536     float     sum      -1    573.7    0.46    0.91      0    562.5    0.47    0.93      0
      524288        131072     float     sum      -1    641.3    0.82    1.63      0    619.5    0.85    1.69      0
     1048576        262144     float     sum      -1    820.7    1.28    2.55      0    785.9    1.33    2.66      0
     2097152        524288     float     sum      -1   1174.8    1.79    3.56      0   1322.4    1.59    3.16      0
     4194304       1048576     float     sum      -1   2012.6    2.08    4.15      0   1957.3    2.14    4.27      0
     8388608       2097152     float     sum      -1   2326.4    3.61    7.18      0   2141.3    3.92    7.80      0
    16777216       4194304     float     sum      -1   2746.4    6.11   12.17      0   2826.2    5.94   11.83      0
    33554432       8388608     float     sum      -1   3448.5    9.73   19.38      0   3557.4    9.43   18.79      0
    67108864      16777216     float     sum      -1   5345.1   12.56   25.01      0   4759.1   14.10   28.09      0
   134217728      33554432     float     sum      -1   8022.0   16.73   33.33      0   7805.2   17.20   34.26      0
   268435456      67108864     float     sum      -1    13482   19.91   39.67      0    13448   19.96   39.77      0
   536870912     134217728     float     sum      -1    25026   21.45   42.74      0    25674   20.91   41.66      0
  1073741824     268435456     float     sum      -1    34759   30.89   61.54      0    34803   30.85   61.46      0
  2147483648     536870912     float     sum      -1    59035   36.38   72.47      0    59302   36.21   72.14      0
  4294967296    1073741824     float     sum      -1   115981   37.03   73.77      0   102462   41.92   83.51      0
           8             2     float     sum      -1    64.10    0.00    0.00      0    61.54    0.00    0.00      0
          16             4     float     sum      -1    61.38    0.00    0.00      0    62.97    0.00    0.00      0
          32             8     float     sum      -1    61.79    0.00    0.00      0    60.83    0.00    0.00      0
          64            16     float     sum      -1    67.65    0.00    0.00      0    67.85    0.00    0.00      0
         128            32     float     sum      -1    71.20    0.00    0.00      0    70.41    0.00    0.00      0
         256            64     float     sum      -1    71.96    0.00    0.01      0    70.23    0.00    0.01      0
         512           128     float     sum      -1    75.32    0.01    0.01      0    73.02    0.01    0.01      0
        1024           256     float     sum      -1    76.11    0.01    0.03      0    74.65    0.01    0.03      0
        2048           512     float     sum      -1    80.16    0.03    0.05      0    78.10    0.03    0.05      0
        4096          1024     float     sum      -1    173.6    0.02    0.05      0    172.2    0.02    0.05      0
        8192          2048     float     sum      -1    176.3    0.05    0.09      0    174.0    0.05    0.09      0
       16384          4096     float     sum      -1    202.0    0.08    0.16      0    196.1    0.08    0.17      0
       32768          8192     float     sum      -1    210.4    0.16    0.31      0    211.1    0.16    0.31      0
       65536         16384     float     sum      -1    307.3    0.21    0.42      0    314.9    0.21    0.41      0
      131072         32768     float     sum      -1    434.7    0.30    0.60      0    429.8    0.30    0.61      0
      262144         65536     float     sum      -1    567.1    0.46    0.92      0    595.3    0.44    0.88      0
      524288        131072     float     sum      -1    642.5    0.82    1.63      0    627.2    0.84    1.67      0
     1048576        262144     float     sum      -1    688.2    1.52    3.04      0    770.1    1.36    2.71      0
     2097152        524288     float     sum      -1   1129.6    1.86    3.70      0   1182.5    1.77    3.53      0
     4194304       1048576     float     sum      -1   1901.8    2.21    4.39      0   1958.9    2.14    4.27      0
     8388608       2097152     float     sum      -1   2285.2    3.67    7.31      0   2123.5    3.95    7.87      0
    16777216       4194304     float     sum      -1   2709.4    6.19   12.34      0   2553.9    6.57   13.09      0
    33554432       8388608     float     sum      -1   3365.2    9.97   19.86      0   3722.7    9.01   17.96      0
    67108864      16777216     float     sum      -1   5234.1   12.82   25.54      0   5162.8   13.00   25.90      0
   134217728      33554432     float     sum      -1   7648.0   17.55   34.96      0   7597.3   17.67   35.20      0
   268435456      67108864     float     sum      -1    12663   21.20   42.23      0    12364   21.71   43.25      0
   536870912     134217728     float     sum      -1    24176   22.21   44.24      0    20856   25.74   51.28      0
  1073741824     268435456     float     sum      -1    32124   33.42   66.59      0    31901   33.66   67.05      0
  2147483648     536870912     float     sum      -1    55473   38.71   77.12      0    55700   38.55   76.81      0
  4294967296    1073741824     float     sum      -1   109929   39.07   77.84      0   109121   39.36   78.41      0
           8             2     float     sum      -1    70.08    0.00    0.00      0    61.25    0.00    0.00      0
          16             4     float     sum      -1    61.68    0.00    0.00      0    64.15    0.00    0.00      0
          32             8     float     sum      -1    63.25    0.00    0.00      0    62.37    0.00    0.00      0
          64            16     float     sum      -1    67.21    0.00    0.00      0    67.13    0.00    0.00      0
         128            32     float     sum      -1    71.04    0.00    0.00      0    70.51    0.00    0.00      0
         256            64     float     sum      -1    71.99    0.00    0.01      0    71.41    0.00    0.01      0
         512           128     float     sum      -1    74.88    0.01    0.01      0    72.67    0.01    0.01      0
        1024           256     float     sum      -1    76.06    0.01    0.03      0    74.45    0.01    0.03      0
        2048           512     float     sum      -1    79.18    0.03    0.05      0    77.77    0.03    0.05      0
        4096          1024     float     sum      -1    174.0    0.02    0.05      0    172.5    0.02    0.05      0
        8192          2048     float     sum      -1    175.8    0.05    0.09      0    174.9    0.05    0.09      0
       16384          4096     float     sum      -1    199.3    0.08    0.16      0    200.5    0.08    0.16      0
       32768          8192     float     sum      -1    212.7    0.15    0.31      0    208.0    0.16    0.31      0
       65536         16384     float     sum      -1    270.5    0.24    0.48      0    267.4    0.25    0.49      0
      131072         32768     float     sum      -1    425.6    0.31    0.61      0    421.7    0.31    0.62      0
      262144         65536     float     sum      -1    550.9    0.48    0.95      0    532.5    0.49    0.98      0
      524288        131072     float     sum      -1    594.1    0.88    1.76      0    541.1    0.97    1.93      0
     1048576        262144     float     sum      -1    680.4    1.54    3.07      0    683.8    1.53    3.06      0
     2097152        524288     float     sum      -1    965.5    2.17    4.33      0   1019.3    2.06    4.10      0
     4194304       1048576     float     sum      -1   1762.4    2.38    4.74      0   1833.1    2.29    4.56      0
     8388608       2097152     float     sum      -1   1772.1    4.73    9.43      0   1940.2    4.32    8.61      0
    16777216       4194304     float     sum      -1   1995.0    8.41   16.75      0   2309.3    7.27   14.47      0
    33554432       8388608     float     sum      -1   3099.4   10.83   21.57      0   3071.0   10.93   21.77      0
    67108864      16777216     float     sum      -1   4326.7   15.51   30.90      0   3991.8   16.81   33.49      0
   134217728      33554432     float     sum      -1   5946.9   22.57   44.96      0   6169.2   21.76   43.34      0
   268435456      67108864     float     sum      -1    10277   26.12   52.03      0    10274   26.13   52.05      0
   536870912     134217728     float     sum      -1    19242   27.90   55.58      0    19944   26.92   53.63      0
  1073741824     268435456     float     sum      -1    31708   33.86   67.46      0    31759   33.81   67.35      0
  2147483648     536870912     float     sum      -1    55690   38.56   76.82      0    55445   38.73   77.16      0
  4294967296    1073741824     float     sum      -1   103193   41.62   82.92      0   102922   41.73   83.13      0
           8             2     float     sum      -1    65.91    0.00    0.00      0    64.81    0.00    0.00      0
          16             4     float     sum      -1    63.06    0.00    0.00      0    61.98    0.00    0.00      0
          32             8     float     sum      -1    65.29    0.00    0.00      0    65.55    0.00    0.00      0
          64            16     float     sum      -1    68.31    0.00    0.00      0    67.98    0.00    0.00      0
         128            32     float     sum      -1    71.14    0.00    0.00      0    71.60    0.00    0.00      0
         256            64     float     sum      -1    72.11    0.00    0.01      0    71.25    0.00    0.01      0
         512           128     float     sum      -1    74.38    0.01    0.01      0    73.88    0.01    0.01      0
        1024           256     float     sum      -1    76.56    0.01    0.03      0    75.69    0.01    0.03      0
        2048           512     float     sum      -1    79.62    0.03    0.05      0    77.50    0.03    0.05      0
        4096          1024     float     sum      -1    177.3    0.02    0.05      0    172.8    0.02    0.05      0
        8192          2048     float     sum      -1    176.6    0.05    0.09      0    176.2    0.05    0.09      0
       16384          4096     float     sum      -1    197.6    0.08    0.17      0    195.4    0.08    0.17      0
       32768          8192     float     sum      -1    210.6    0.16    0.31      0    201.3    0.16    0.32      0
       65536         16384     float     sum      -1    284.5    0.23    0.46      0    280.7    0.23    0.47      0
      131072         32768     float     sum      -1    414.7    0.32    0.63      0    404.1    0.32    0.65      0
      262144         65536     float     sum      -1    560.9    0.47    0.93      0    540.4    0.49    0.97      0
      524288        131072     float     sum      -1    595.6    0.88    1.75      0    632.6    0.83    1.65      0
     1048576        262144     float     sum      -1    646.7    1.62    3.23      0    770.8    1.36    2.71      0
     2097152        524288     float     sum      -1   1122.4    1.87    3.72      0   1074.3    1.95    3.89      0
     4194304       1048576     float     sum      -1   1771.1    2.37    4.72      0   1775.2    2.36    4.71      0
     8388608       2097152     float     sum      -1   1782.4    4.71    9.38      0   1825.9    4.59    9.15      0
    16777216       4194304     float     sum      -1   2124.6    7.90   15.73      0   2231.2    7.52   14.98      0
    33554432       8388608     float     sum      -1   2863.1   11.72   23.35      0   3313.6   10.13   20.17      0
    67108864      16777216     float     sum      -1   4156.9   16.14   32.16      0   3999.0   16.78   33.43      0
   134217728      33554432     float     sum      -1   5886.3   22.80   45.43      0   6024.1   22.28   44.39      0
   268435456      67108864     float     sum      -1    10365   25.90   51.59      0    10774   24.92   49.64      0
   536870912     134217728     float     sum      -1    18992   28.27   56.32      0    19238   27.91   55.59      0
  1073741824     268435456     float     sum      -1    31380   34.22   68.17      0    31428   34.16   68.06      0
  2147483648     536870912     float     sum      -1    55183   38.92   77.53      0    58393   36.78   73.27      0
  4294967296    1073741824     float     sum      -1   103226   41.61   82.89      0   103601   41.46   82.59      0
           8             2     float     sum      -1    66.41    0.00    0.00      0    62.45    0.00    0.00      0
          16             4     float     sum      -1    61.79    0.00    0.00      0    61.90    0.00    0.00      0
          32             8     float     sum      -1    62.06    0.00    0.00      0    60.77    0.00    0.00      0
          64            16     float     sum      -1    67.55    0.00    0.00      0    67.54    0.00    0.00      0
         128            32     float     sum      -1    71.07    0.00    0.00      0    69.35    0.00    0.00      0
         256            64     float     sum      -1    71.47    0.00    0.01      0    70.54    0.00    0.01      0
         512           128     float     sum      -1    74.60    0.01    0.01      0    72.77    0.01    0.01      0
        1024           256     float     sum      -1    76.41    0.01    0.03      0    74.63    0.01    0.03      0
        2048           512     float     sum      -1    79.21    0.03    0.05      0    78.97    0.03    0.05      0
        4096          1024     float     sum      -1    174.5    0.02    0.05      0    172.2    0.02    0.05      0
        8192          2048     float     sum      -1    177.7    0.05    0.09      0    174.7    0.05    0.09      0
       16384          4096     float     sum      -1    224.5    0.07    0.15      0    235.3    0.07    0.14      0
       32768          8192     float     sum      -1    224.2    0.15    0.29      0    221.7    0.15    0.29      0
       65536         16384     float     sum      -1    262.7    0.25    0.50      0    263.9    0.25    0.49      0
      131072         32768     float     sum      -1    403.2    0.33    0.65      0    392.2    0.33    0.67      0
      262144         65536     float     sum      -1    556.0    0.47    0.94      0    544.0    0.48    0.96      0
      524288        131072     float     sum      -1    611.7    0.86    1.71      0    605.2    0.87    1.73      0
     1048576        262144     float     sum      -1    676.7    1.55    3.09      0    649.0    1.62    3.22      0
     2097152        524288     float     sum      -1    959.5    2.19    4.35      0    886.8    2.36    4.71      0
     4194304       1048576     float     sum      -1   1446.3    2.90    5.78      0   1566.6    2.68    5.33      0
     8388608       2097152     float     sum      -1   1671.4    5.02   10.00      0   1614.1    5.20   10.35      0
    16777216       4194304     float     sum      -1   1949.3    8.61   17.15      0   2020.0    8.31   16.55      0
    33554432       8388608     float     sum      -1   3649.2    9.20   18.32      0   3944.1    8.51   16.95      0
    67108864      16777216     float     sum      -1   5298.9   12.66   25.23      0   5468.2   12.27   24.45      0
   134217728      33554432     float     sum      -1   7855.1   17.09   34.04      0   8195.8   16.38   32.62      0
   268435456      67108864     float     sum      -1    13098   20.49   40.83      0    12994   20.66   41.16      0
   536870912     134217728     float     sum      -1    25023   21.46   42.74      0    25115   21.38   42.59      0
  1073741824     268435456     float     sum      -1    33353   32.19   64.13      0    32702   32.83   65.41      0
  2147483648     536870912     float     sum      -1    57360   37.44   74.58      0    57433   37.39   74.49      0
  4294967296    1073741824     float     sum      -1   111535   38.51   76.71      0   110118   39.00   77.70      0
