        size         count      type   redop    root     time   algbw   busbw #wrong     time   algbw   busbw #wrong
         (B)    (elements)                               (us)  (GB/s)  (GB/s)            (us)  (GB/s)  (GB/s)       
           8             2     float     sum      -1     9.16    0.00    0.00      0     8.39    0.00    0.00      0
          16             4     float     sum      -1     8.42    0.00    0.00      0     8.37    0.00    0.00      0
          32             8     float     sum      -1     8.81    0.00    0.01      0     8.76    0.00    0.01      0
          64            16     float     sum      -1     9.35    0.01    0.01      0     9.18    0.01    0.01      0
         128            32     float     sum      -1     9.39    0.01    0.02      0     9.24    0.01    0.02      0
         256            64     float     sum      -1     9.73    0.03    0.04      0     9.21    0.03    0.04      0
         512           128     float     sum      -1     9.76    0.05    0.08      0     9.31    0.05    0.08      0
        1024           256     float     sum      -1     9.73    0.11    0.16      0     9.38    0.11    0.16      0
        2048           512     float     sum      -1     9.76    0.21    0.31      0     9.46    0.22    0.32      0
        4096          1024     float     sum      -1     9.99    0.41    0.62      0     9.52    0.43    0.65      0
        8192          2048     float     sum      -1    10.19    0.80    1.21      0     9.92    0.83    1.24      0
       16384          4096     float     sum      -1    11.03    1.49    2.23      0    10.59    1.55    2.32      0
       32768          8192     float     sum      -1    11.15    2.94    4.41      0    10.86    3.02    4.53      0
       65536         16384     float     sum      -1    11.35    5.78    8.66      0    10.90    6.01    9.02      0
      131072         32768     float     sum      -1    11.74   11.17   16.75      0    11.29   11.61   17.41      0
      262144         65536     float     sum      -1    12.07   21.71   32.56      0    11.41   22.98   34.47      0
      524288        131072     float     sum      -1    15.01   34.94   52.41      0    13.97   37.54   56.31      0
     1048576        262144     float     sum      -1    19.02   55.12   82.68      0    18.94   55.35   83.03      0
     2097152        524288     float     sum      -1    30.10   69.66  104.49      0    30.05   69.78  104.67      0
     4194304       1048576     float     sum      -1    42.71   98.20  147.30      0    42.17   99.45  149.18      0
     8388608       2097152     float     sum      -1    61.50  136.39  204.59      0    60.87  137.82  206.73      0
    16777216       4194304     float     sum      -1    102.3  163.93  245.89      0    100.5  166.98  250.47      0
    33554432       8388608     float     sum      -1    179.0  187.50  281.25      0    178.9  187.59  281.39      0
    67108864      16777216     float     sum      -1    334.0  200.92  301.38      0    332.6  201.75  302.62      0
   134217728      33554432     float     sum      -1    632.1  212.33  318.50      0    629.9  213.08  319.63      0
   268435456      67108864     float     sum      -1   1225.7  219.00  328.50      0   1223.0  219.48  329.22      0
   536870912     134217728     float     sum      -1   2400.8  223.62  335.43      0   2400.0  223.70  335.54      0
  1073741824     268435456     float     sum      -1   4744.4  226.32  339.48      0   4739.8  226.54  339.80      0
  2147483648     536870912     float     sum      -1   9477.3  226.59  339.89      0   9475.6  226.63  339.95      0
  4294967296    1073741824     float     sum      -1    18945  226.71  340.06      0    18960  226.53  339.80      0
           8             2     float     sum      -1     8.43    0.00    0.00      0     8.44    0.00    0.00      0
          16             4     float     sum      -1     8.41    0.00    0.00      0     8.41    0.00    0.00      0
          32             8     float     sum      -1     8.70    0.00    0.01      0     8.74    0.00    0.01      0
          64            16     float     sum      -1     9.30    0.01    0.01      0     9.19    0.01    0.01      0
         128            32     float     sum      -1     9.39    0.01    0.02      0     9.27    0.01    0.02      0
         256            64     float     sum      -1     9.76    0.03    0.04      0     9.29    0.03    0.04      0
         512           128     float     sum      -1     9.76    0.05    0.08      0     9.34    0.05    0.08      0
        1024           256     float     sum      -1     9.80    0.10    0.16      0     9.32    0.11    0.16      0
        2048           512     float     sum      -1     9.80    0.21    0.31      0     9.46    0.22    0.32      0
        4096          1024     float     sum      -1    10.01    0.41    0.61      0     9.57    0.43    0.64      0
        8192          2048     float     sum      -1    10.21    0.80    1.20      0     9.93    0.82    1.24      0
       16384          4096     float     sum      -1    10.98    1.49    2.24      0    10.56    1.55    2.33      0
       32768          8192     float     sum      -1    11.22    2.92    4.38      0    10.90    3.01    4.51      0
       65536         16384     float     sum      -1    11.42    5.74    8.61      0    10.91    6.01    9.01      0
      131072         32768     float     sum      -1    11.72   11.19   16.78      0    11.32   11.58   17.36      0
      262144         65536     float     sum      -1    12.06   21.73   32.60      0    11.53   22.74   34.11      0
      524288        131072     float     sum      -1    15.04   34.86   52.29      0    14.04   37.34   56.01      0
     1048576        262144     float     sum      -1    18.99   55.23   82.84      0    18.94   55.36   83.04      0
     2097152        524288     float     sum      -1    30.09   69.69  104.53      0    30.09   69.70  104.55      0
     4194304       1048576     float     sum      -1    42.76   98.09  147.14      0    42.22   99.34  149.00      0
     8388608       2097152     float     sum      -1    61.68  136.00  204.00      0    61.06  137.38  206.07      0
    16777216       4194304     float     sum      -1    103.1  162.74  244.10      0    100.3  167.35  251.02      0
    33554432       8388608     float     sum      -1    178.6  187.85  281.77      0    178.7  187.78  281.67      0
    67108864      16777216     float     sum      -1    336.8  199.23  298.84      0    333.7  201.11  301.66      0
   134217728      33554432     float     sum      -1    631.9  212.40  318.60      0    631.8  212.42  318.63      0
   268435456      67108864     float     sum      -1   1223.8  219.34  329.01      0   1223.1  219.48  329.22      0
   536870912     134217728     float     sum      -1   2405.8  223.16  334.74      0   2401.2  223.58  335.37      0
  1073741824     268435456     float     sum      -1   4744.0  226.33  339.50      0   4741.3  226.47  339.70      0
  2147483648     536870912     float     sum      -1   9467.5  226.83  340.24      0   9474.4  226.66  339.99      0
  4294967296    1073741824     float     sum      -1    18939  226.78  340.17      0    18965  226.47  339.70      0
           8             2     float     sum      -1     8.37    0.00    0.00      0     8.39    0.00    0.00      0
          16             4     float     sum      -1     8.38    0.00    0.00      0     8.40    0.00    0.00      0
          32             8     float     sum      -1     8.77    0.00    0.01      0     8.75    0.00    0.01      0
          64            16     float     sum      -1     9.28    0.01    0.01      0     9.20    0.01    0.01      0
         128            32     float     sum      -1     9.44    0.01    0.02      0     9.26    0.01    0.02      0
         256            64     float     sum      -1     9.79    0.03    0.04      0     9.19    0.03    0.04      0
         512           128     float     sum      -1     9.80    0.05    0.08      0     9.32    0.05    0.08      0
        1024           256     float     sum      -1     9.73    0.11    0.16      0     9.31    0.11    0.16      0
        2048           512     float     sum      -1     9.84    0.21    0.31      0     9.44    0.22    0.33      0
        4096          1024     float     sum      -1    10.00    0.41    0.61      0     9.56    0.43    0.64      0
        8192          2048     float     sum      -1    10.24    0.80    1.20      0     9.90    0.83    1.24      0
       16384          4096     float     sum      -1    11.04    1.48    2.23      0    10.60    1.55    2.32      0
       32768          8192     float     sum      -1    11.19    2.93    4.39      0    10.79    3.04    4.55      0
       65536         16384     float     sum      -1    11.40    5.75    8.62      0    10.90    6.01    9.02      0
      131072         32768     float     sum      -1    11.71   11.19   16.79      0    11.40   11.50   17.25      0
      262144         65536     float     sum      -1    11.95   21.93   32.90      0    11.52   22.75   34.13      0
      524288        131072     float     sum      -1    14.98   35.01   52.51      0    14.03   37.37   56.06      0
     1048576        262144     float     sum      -1    18.94   55.37   83.05      0    19.04   55.06   82.59      0
     2097152        524288     float     sum      -1    30.19   69.47  104.21      0    30.01   69.88  104.82      0
     4194304       1048576     float     sum      -1    42.91   97.75  146.62      0    42.33   99.08  148.62      0
     8388608       2097152     float     sum      -1    61.68  136.00  204.00      0    61.32  136.80  205.20      0
    16777216       4194304     float     sum      -1    102.7  163.31  244.97      0    100.6  166.81  250.21      0
    33554432       8388608     float     sum      -1    178.8  187.69  281.54      0    177.1  189.42  284.13      0
    67108864      16777216     float     sum      -1    335.1  200.24  300.36      0    333.4  201.28  301.92      0
   134217728      33554432     float     sum      -1    631.6  212.52  318.78      0    631.0  212.72  319.08      0
   268435456      67108864     float     sum      -1   1226.4  218.87  328.31      0   1223.5  219.39  329.09      0
   536870912     134217728     float     sum      -1   2406.4  223.10  334.65      0   2401.4  223.56  335.34      0
  1073741824     268435456     float     sum      -1   4751.9  225.96  338.94      0   4731.6  226.93  340.39      0
  2147483648     536870912     float     sum      -1   9468.2  226.81  340.22      0   9472.8  226.70  340.05      0
  4294967296    1073741824     float     sum      -1    18946  226.69  340.04      0    18954  226.60  339.90      0
           8             2     float     sum      -1     8.39    0.00    0.00      0     8.41    0.00    0.00      0
          16             4     float     sum      -1     8.41    0.00    0.00      0     8.41    0.00    0.00      0
          32             8     float     sum      -1     8.82    0.00    0.01      0     8.81    0.00    0.01      0
          64            16     float     sum      -1     9.37    0.01    0.01      0     9.16    0.01    0.01      0
         128            32     float     sum      -1     9.38    0.01    0.02      0     9.27    0.01    0.02      0
         256            64     float     sum      -1     9.74    0.03    0.04      0     9.34    0.03    0.04      0
         512           128     float     sum      -1     9.82    0.05    0.08      0     9.37    0.05    0.08      0
        1024           256     float     sum      -1     9.81    0.10    0.16      0     9.28    0.11    0.17      0
        2048           512     float     sum      -1     9.80    0.21    0.31      0     9.37    0.22    0.33      0
        4096          1024     float     sum      -1    10.00    0.41    0.61      0     9.50    0.43    0.65      0
        8192          2048     float     sum      -1    10.35    0.79    1.19      0     9.90    0.83    1.24      0
       16384          4096     float     sum      -1    11.02    1.49    2.23      0    10.62    1.54    2.31      0
       32768          8192     float     sum      -1    11.23    2.92    4.38      0    10.87    3.02    4.52      0
       65536         16384     float     sum      -1    11.37    5.76    8.65      0    10.95    5.98    8.98      0
      131072         32768     float     sum      -1    11.71   11.20   16.80      0    11.31   11.59   17.39      0
      262144         65536     float     sum      -1    12.04   21.77   32.66      0    11.62   22.56   33.84      0
      524288        131072     float     sum      -1    14.96   35.04   52.56      0    14.03   37.36   56.04      0
     1048576        262144     float     sum      -1    18.92   55.43   83.15      0    18.98   55.25   82.88      0
     2097152        524288     float     sum      -1    30.09   69.69  104.54      0    30.14   69.59  104.38      0
     4194304       1048576     float     sum      -1    42.79   98.02  147.03      0    42.30   99.15  148.72      0
     8388608       2097152     float     sum      -1    61.79  135.76  203.64      0    61.17  137.14  205.71      0
    16777216       4194304     float     sum      -1    102.3  163.95  245.92      0    100.7  166.62  249.93      0
    33554432       8388608     float     sum      -1    180.0  186.44  279.66      0    178.2  188.33  282.50      0
    67108864      16777216     float     sum      -1    334.5  200.60  300.90      0    333.5  201.20  301.81      0
   134217728      33554432     float     sum      -1    632.4  212.24  318.37      0    632.8  212.12  318.18      0
   268435456      67108864     float     sum      -1   1226.6  218.85  328.27      0   1222.4  219.59  329.39      0
   536870912     134217728     float     sum      -1   2406.5  223.09  334.63      0   2398.5  223.84  335.76      0
  1073741824     268435456     float     sum      -1   4743.4  226.36  339.55      0   4749.7  226.07  339.10      0
  2147483648     536870912     float     sum      -1   9467.6  226.82  340.24      0   9479.7  226.54  339.80      0
  4294967296    1073741824     float     sum      -1    18942  226.74  340.11      0    18959  226.54  339.80      0
           8             2     float     sum      -1     8.39    0.00    0.00      0     8.40    0.00    0.00      0
          16             4     float     sum      -1     8.49    0.00    0.00      0     8.37    0.00    0.00      0
          32             8     float     sum      -1     8.84    0.00    0.01      0     8.76    0.00    0.01      0
          64            16     float     sum      -1     9.35    0.01    0.01      0     9.22    0.01    0.01      0
         128            32     float     sum      -1     9.42    0.01    0.02      0     9.22    0.01    0.02      0
         256            64     float     sum      -1     9.73    0.03    0.04      0     9.28    0.03    0.04      0
         512           128     float     sum      -1     9.81    0.05    0.08      0     9.32    0.05    0.08      0
        1024           256     float     sum      -1     9.75    0.11    0.16      0     9.30    0.11    0.17      0
        2048           512     float     sum      -1     9.77    0.21    0.31      0     9.44    0.22    0.33      0
        4096          1024     float     sum      -1    10.01    0.41    0.61      0     9.53    0.43    0.64      0
        8192          2048     float     sum      -1    10.19    0.80    1.21      0     9.87    0.83    1.24      0
       16384          4096     float     sum      -1    11.03    1.48    2.23      0    10.59    1.55    2.32      0
       32768          8192     float     sum      -1    11.20    2.93    4.39      0    10.84    3.02    4.53      0
       65536         16384     float     sum      -1    11.37    5.76    8.64      0    10.91    6.01    9.01      0
      131072         32768     float     sum      -1    11.74   11.17   16.75      0    11.28   11.62   17.44      0
      262144         65536     float     sum      -1    11.95   21.95   32.92      0    11.54   22.71   34.06      0
      524288        131072     float     sum      -1    15.03   34.89   52.34      0    13.99   37.46   56.20      0
     1048576        262144     float     sum      -1    18.94   55.36   83.04      0    18.96   55.30   82.95      0
     2097152        524288     float     sum      -1    30.12   69.63  104.45      0    30.05   69.80  104.69      0
     4194304       1048576     float     sum      -1    42.76   98.09  147.14      0    42.16   99.49  149.24      0
     8388608       2097152     float     sum      -1    61.70  135.97  203.95      0    61.15  137.18  205.77      0
    16777216       4194304     float     sum      -1    102.0  164.55  246.82      0    100.3  167.34  251.00      0
    33554432       8388608     float     sum      -1    178.1  188.36  282.55      0    178.3  188.15  282.23      0
    67108864      16777216     float     sum      -1    335.6  199.98  299.98      0    333.1  201.45  302.18      0
   134217728      33554432     float     sum      -1    633.0  212.02  318.04      0    631.9  212.40  318.60      0
   268435456      67108864     float     sum      -1   1225.4  219.06  328.59      0   1223.2  219.45  329.17      0
   536870912     134217728     float     sum      -1   2404.5  223.28  334.92      0   2402.2  223.49  335.24      0
  1073741824     268435456     float     sum      -1   4754.7  225.83  338.74      0   4745.9  226.25  339.37      0
  2147483648     536870912     float     sum      -1   9473.6  226.68  340.02      0   9471.8  226.72  340.09      0
  4294967296    1073741824     float     sum      -1    18956  226.57  339.86      0    18944  226.72  340.08      0
           8             2     float     sum      -1     8.32    0.00    0.00      0     8.43    0.00    0.00      0
          16             4     float     sum      -1     8.52    0.00    0.00      0     8.37    0.00    0.00      0
          32             8     float     sum      -1     8.79    0.00    0.01      0     8.83    0.00    0.01      0
          64            16     float     sum      -1     9.28    0.01    0.01      0     9.16    0.01    0.01      0
         128            32     float     sum      -1     9.45    0.01    0.02      0     9.32    0.01    0.02      0
         256            64     float     sum      -1     9.73    0.03    0.04      0     9.32    0.03    0.04      0
         512           128     float     sum      -1     9.77    0.05    0.08      0     9.31    0.06    0.08      0
        1024           256     float     sum      -1     9.80    0.10    0.16      0     9.36    0.11    0.16      0
        2048           512     float     sum      -1     9.79    0.21    0.31      0     9.41    0.22    0.33      0
        4096          1024     float     sum      -1     9.99    0.41    0.62      0     9.49    0.43    0.65      0
        8192          2048     float     sum      -1    10.16    0.81    1.21      0     9.86    0.83    1.25      0
       16384          4096     float     sum      -1    10.96    1.49    2.24      0    10.58    1.55    2.32      0
       32768          8192     float     sum      -1    11.18    2.93    4.40      0    10.83    3.03    4.54      0
       65536         16384     float     sum      -1    11.41    5.74    8.61      0    10.99    5.96    8.94      0
      131072         32768     float     sum      -1    11.67   11.23   16.85      0    11.29   11.61   17.42      0
      262144         65536     float     sum      -1    12.03   21.79   32.69      0    11.45   22.90   34.35      0
      524288        131072     float     sum      -1    14.95   35.07   52.60      0    14.43   36.34   54.52      0
     1048576        262144     float     sum      -1    19.00   55.19   82.79      0    18.92   55.43   83.14      0
     2097152        524288     float     sum      -1    30.05   69.79  104.69      0    30.09   69.69  104.54      0
     4194304       1048576     float     sum      -1    42.83   97.93  146.90      0    42.30   99.15  148.72      0
     8388608       2097152     float     sum      -1    61.65  136.07  204.10      0    61.00  137.52  206.28      0
    16777216       4194304     float     sum      -1    102.7  163.31  244.97      0    100.1  167.61  251.41      0
    33554432       8388608     float     sum      -1    178.0  188.55  282.82      0    177.7  188.82  283.22      0
    67108864      16777216     float     sum      -1    334.7  200.50  300.75      0    335.0  200.33  300.50      0
   134217728      33554432     float     sum      -1    631.0  212.72  319.07      0    633.8  211.78  317.67      0
   268435456      67108864     float     sum      -1   1223.8  219.34  329.01      0   1227.1  218.76  328.14      0
   536870912     134217728     float     sum      -1   2403.8  223.34  335.01      0   2401.6  223.54  335.32      0
  1073741824     268435456     float     sum      -1   4750.7  226.02  339.03      0   4751.1  226.00  339.00      0
  2147483648     536870912     float     sum      -1   9473.5  226.68  340.02      0   9467.3  226.83  340.25      0
  4294967296    1073741824     float     sum      -1    18943  226.73  340.10      0    18952  226.63  339.94      0
           8             2     float     sum      -1     8.41    0.00    0.00      0     8.42    0.00    0.00      0
          16             4     float     sum      -1     8.39    0.00    0.00      0     8.42    0.00    0.00      0
          32             8     float     sum      -1     8.73    0.00    0.01      0     8.80    0.00    0.01      0
          64            16     float     sum      -1     9.33    0.01    0.01      0     9.19    0.01    0.01      0
         128            32     float     sum      -1     9.36    0.01    0.02      0     9.27    0.01    0.02      0
         256            64     float     sum      -1     9.67    0.03    0.04      0     9.29    0.03    0.04      0
         512           128     float     sum      -1     9.86    0.05    0.08      0     9.33    0.05    0.08      0
        1024           256     float     sum      -1     9.73    0.11    0.16      0     9.34    0.11    0.16      0
        2048           512     float     sum      -1     9.80    0.21    0.31      0     9.39    0.22    0.33      0
        4096          1024     float     sum      -1     9.98    0.41    0.62      0     9.50    0.43    0.65      0
        8192          2048     float     sum      -1    10.27    0.80    1.20      0     9.88    0.83    1.24      0
       16384          4096     float     sum      -1    10.96    1.49    2.24      0    10.61    1.54    2.32      0
       32768          8192     float     sum      -1    11.15    2.94    4.41      0    10.81    3.03    4.55      0
       65536         16384     float     sum      -1    11.38    5.76    8.64      0    10.91    6.01    9.01      0
      131072         32768     float     sum      -1    11.74   11.17   16.75      0    11.25   11.65   17.48      0
      262144         65536     float     sum      -1    12.00   21.85   32.77      0    11.48   22.83   34.25      0
      524288        131072     float     sum      -1    15.00   34.95   52.43      0    14.05   37.31   55.96      0
     1048576        262144     float     sum      -1    18.97   55.26   82.90      0    19.37   54.13   81.20      0
     2097152        524288     float     sum      -1    30.12   69.62  104.43      0    30.06   69.76  104.64      0
     4194304       1048576     float     sum      -1    42.75   98.11  147.16      0    42.33   99.07  148.61      0
     8388608       2097152     float     sum      -1    61.62  136.14  204.21      0    60.97  137.60  206.39      0
    16777216       4194304     float     sum      -1    102.6  163.45  245.18      0    99.93  167.89  251.83      0
    33554432       8388608     float     sum      -1    178.3  188.22  282.33      0    178.0  188.54  282.81      0
    67108864      16777216     float     sum      -1    336.2  199.60  299.40      0    333.6  201.15  301.72      0
   134217728      33554432     float     sum      -1    631.9  212.42  318.63      0    631.9  212.42  318.63      0
   268435456      67108864     float     sum      -1   1224.9  219.15  328.73      0   1222.9  219.51  329.26      0
   536870912     134217728     float     sum      -1   2404.0  223.33  334.99      0   2402.3  223.48  335.23      0
  1073741824     268435456     float     sum      -1   4745.7  226.25  339.38      0   4755.0  225.81  338.72      0
  2147483648     536870912     float     sum      -1   9474.3  226.66  340.00      0   9467.7  226.82  340.23      0
  4294967296    1073741824     float     sum      -1    18937  226.80  340.20      0    18934  226.84  340.26      0
           8             2     float     sum      -1     8.49    0.00    0.00      0     8.38    0.00    0.00      0
          16             4     float     sum      -1     8.39    0.00    0.00      0     8.34    0.00    0.00      0
          32             8     float     sum      -1     8.76    0.00    0.01      0     8.77    0.00    0.01      0
          64            16     float     sum      -1     9.31    0.01    0.01      0     9.22    0.01    0.01      0
         128            32     float     sum      -1     9.31    0.01    0.02      0     9.25    0.01    0.02      0
         256            64     float     sum      -1     9.77    0.03    0.04      0     9.30    0.03    0.04      0
         512           128     float     sum      -1     9.81    0.05    0.08      0     9.33    0.05    0.08      0
        1024           256     float     sum      -1     9.74    0.11    0.16      0     9.29    0.11    0.17      0
        2048           512     float     sum      -1     9.79    0.21    0.31      0     9.50    0.22    0.32      0
        4096          1024     float     sum      -1    10.03    0.41    0.61      0     9.58    0.43    0.64      0
        8192          2048     float     sum      -1    10.25    0.80    1.20      0     9.93    0.83    1.24      0
       16384          4096     float     sum      -1    11.02    1.49    2.23      0    10.52    1.56    2.34      0
       32768          8192     float     sum      -1    11.20    2.93    4.39      0    10.82    3.03    4.54      0
       65536         16384     float     sum      -1    11.37    5.77    8.65      0    10.96    5.98    8.97      0
      131072         32768     float     sum      -1    11.78   11.13   16.70      0    11.26   11.64   17.47      0
      262144         65536     float     sum      -1    12.23   21.43   32.15      0    11.62   22.56   33.84      0
      524288        131072     float     sum      -1    14.96   35.06   52.58      0    14.05   37.32   55.98      0
     1048576        262144     float     sum      -1    18.95   55.32   82.98      0    18.95   55.33   82.99      0
     2097152        524288     float     sum      -1    30.02   69.86  104.78      0    30.03   69.84  104.76      0
     4194304       1048576     float     sum      -1    42.77   98.06  147.09      0    42.30   99.15  148.72      0
     8388608       2097152     float     sum      -1    61.65  136.06  204.09      0    61.03  137.44  206.16      0
    16777216       4194304     float     sum      -1    102.5  163.65  245.47      0    100.3  167.23  250.84      0
    33554432       8388608     float     sum      -1    181.1  185.25  277.87      0    178.7  187.81  281.72      0
    67108864      16777216     float     sum      -1    334.0  200.93  301.40      0    334.6  200.55  300.83      0
   134217728      33554432     float     sum      -1    632.2  212.31  318.46      0    633.2  211.95  317.93      0
   268435456      67108864     float     sum      -1   1227.3  218.73  328.09      0   1227.8  218.63  327.94      0
   536870912     134217728     float     sum      -1   2399.1  223.78  335.67      0   2400.5  223.65  335.47      0
  1073741824     268435456     float     sum      -1   4748.9  226.10  339.15      0   4753.0  225.91  338.86      0
  2147483648     536870912     float     sum      -1   9471.9  226.72  340.08      0   9482.5  226.47  339.70      0
  4294967296    1073741824     float     sum      -1    18954  226.59  339.89      0    18926  226.94  340.41      0
           8             2     float     sum      -1     8.36    0.00    0.00      0     8.47    0.00    0.00      0
          16             4     float     sum      -1     8.40    0.00    0.00      0     8.36    0.00    0.00      0
          32             8     float     sum      -1     8.74    0.00    0.01      0     8.80    0.00    0.01      0
          64            16     float     sum      -1     9.25    0.01    0.01      0     9.18    0.01    0.01      0
         128            32     float     sum      -1     9.41    0.01    0.02      0     9.29    0.01    0.02      0
         256            64     float     sum      -1     9.76    0.03    0.04      0     9.29    0.03    0.04      0
         512           128     float     sum      -1     9.76    0.05    0.08      0     9.29    0.06    0.08      0
        1024           256     float     sum      -1     9.78    0.10    0.16      0     9.39    0.11    0.16      0
        2048           512     float     sum      -1     9.86    0.21    0.31      0     9.44    0.22    0.33      0
        4096          1024     float     sum      -1     9.97    0.41    0.62      0     9.56    0.43    0.64      0
        8192          2048     float     sum      -1    10.19    0.80    1.21      0     9.89    0.83    1.24      0
       16384          4096     float     sum      -1    11.02    1.49    2.23      0    10.54    1.55    2.33      0
       32768          8192     float     sum      -1    11.23    2.92    4.38      0    10.77    3.04    4.56      0
       65536         16384     float     sum      -1    11.36    5.77    8.65      0    10.95    5.99    8.98      0
      131072         32768     float     sum      -1    11.71   11.19   16.78      0    11.34   11.56   17.34      0
      262144         65536     float     sum      -1    12.00   21.84   32.77      0    11.50   22.79   34.19      0
      524288        131072     float     sum      -1    15.00   34.96   52.44      0    14.04   37.35   56.02      0
     1048576        262144     float     sum      -1    18.97   55.26   82.89      0    19.00   55.18   82.78      0
     2097152        524288     float     sum      -1    30.08   69.72  104.58      0    30.02   69.87  104.80      0
     4194304       1048576     float     sum      -1    42.86   97.86  146.79      0    42.19   99.41  149.12      0
     8388608       2097152     float     sum      -1    61.70  135.96  203.93      0    61.52  136.35  204.52      0
    16777216       4194304     float     sum      -1    102.5  163.66  245.50      0    99.74  168.21  252.32      0
    33554432       8388608     float     sum      -1    179.0  187.43  281.15      0    178.3  188.14  282.21      0
    67108864      16777216     float     sum      -1    334.6  200.57  300.86      0    334.3  200.73  301.09      0
   134217728      33554432     float     sum      -1    631.2  212.64  318.96      0    631.0  212.70  319.05      0
   268435456      67108864     float     sum      -1   1223.6  219.38  329.07      0   1224.4  219.25  328.87      0
   536870912     134217728     float     sum      -1   2404.3  223.30  334.94      0   2403.8  223.35  335.02      0
  1073741824     268435456     float     sum      -1   4749.3  226.08  339.12      0   4742.5  226.41  339.61      0
  2147483648     536870912     float     sum      -1   9473.8  226.68  340.01      0   9480.8  226.51  339.76      0
  4294967296    1073741824     float     sum      -1    18941  226.76  340.13      0    18955  226.59  339.89      0
           8             2     float     sum      -1     8.44    0.00    0.00      0     8.37    0.00    0.00      0
          16             4     float     sum      -1     8.44    0.00    0.00      0     8.32    0.00    0.00      0
          32             8     float     sum      -1     8.72    0.00    0.01      0     8.77    0.00    0.01      0
          64            16     float     sum      -1     9.28    0.01    0.01      0     9.23    0.01    0.01      0
         128            32     float     sum      -1     9.38    0.01    0.02      0     9.31    0.01    0.02      0
         256            64     float     sum      -1     9.78    0.03    0.04      0     9.29    0.03    0.04      0
         512           128     float     sum      -1     9.79    0.05    0.08      0     9.33    0.05    0.08      0
        1024           256     float     sum      -1     9.82    0.10    0.16      0     9.37    0.11    0.16      0
        2048           512     float     sum      -1     9.83    0.21    0.31      0     9.46    0.22    0.32      0
        4096          1024     float     sum      -1    10.04    0.41    0.61      0     9.56    0.43    0.64      0
        8192          2048     float     sum      -1    10.28    0.80    1.20      0     9.86    0.83    1.25      0
       16384          4096     float     sum      -1    11.05    1.48    2.22      0    10.64    1.54    2.31      0
       32768          8192     float     sum      -1    11.25    2.91    4.37      0    10.85    3.02    4.53      0
       65536         16384     float     sum      -1    11.40    5.75    8.62      0    10.92    6.00    9.00      0
      131072         32768     float     sum      -1    11.78   11.13   16.70      0    11.31   11.59   17.39      0
      262144         65536     float     sum      -1    11.98   21.87   32.81      0    11.52   22.75   34.12      0
      524288        131072     float     sum      -1    15.00   34.96   52.44      0    14.06   37.29   55.94      0
     1048576        262144     float     sum      -1    18.89   55.51   83.26      0    18.93   55.38   83.07      0
     2097152        524288     float     sum      -1    30.15   69.57  104.35      0    30.05   69.79  104.69      0
     4194304       1048576     float     sum      -1    42.90   97.76  146.64      0    42.21   99.36  149.04      0
     8388608       2097152     float     sum      -1    61.74  135.88  203.81      0    61.01  137.50  206.25      0
    16777216       4194304     float     sum      -1    102.5  163.64  245.45      0    100.5  166.91  250.37      0
    33554432       8388608     float     sum      -1    178.3  188.19  282.29      0    178.3  188.15  282.22      0
    67108864      16777216     float     sum      -1    335.1  200.26  300.38      0    334.6  200.54  300.81      0
   134217728      33554432     float     sum      -1    633.3  211.94  317.92      0    632.4  212.24  318.37      0
   268435456      67108864     float     sum      -1   1221.5  219.75  329.63      0   1223.0  219.49  329.24      0
   536870912     134217728     float     sum      -1   2401.9  223.52  335.28      0   2402.4  223.47  335.21      0
  1073741824     268435456     float     sum      -1   4745.3  226.28  339.41      0   4751.5  225.98  338.97      0
  2147483648     536870912     float     sum      -1   9470.7  226.75  340.13      0   9479.1  226.55  339.82      0
  4294967296    1073741824     float     sum      -1    18956  226.57  339.86      0    18942  226.74  340.12      0
