        size         count      type   redop    root     time   algbw   busbw #wrong     time   algbw   busbw #wrong
         (B)    (elements)                               (us)  (GB/s)  (GB/s)            (us)  (GB/s)  (GB/s)       
           8             2     float     sum      -1    22.70    0.00    0.00      0    22.79    0.00    0.00      0
          16             4     float     sum      -1    22.84    0.00    0.00      0    22.67    0.00    0.00      0
          32             8     float     sum      -1    22.62    0.00    0.00      0    22.92    0.00    0.00      0
          64            16     float     sum      -1    26.03    0.00    0.00      0    25.82    0.00    0.00      0
         128            32     float     sum      -1    26.19    0.00    0.01      0    25.68    0.00    0.01      0
         256            64     float     sum      -1    37.53    0.01    0.01      0    26.15    0.01    0.02      0
         512           128     float     sum      -1    27.14    0.02    0.04      0    26.68    0.02    0.04      0
        1024           256     float     sum      -1    28.21    0.04    0.07      0    27.90    0.04    0.07      0
        2048           512     float     sum      -1    30.43    0.07    0.13      0    29.40    0.07    0.13      0
        4096          1024     float     sum      -1    55.68    0.07    0.14      0    55.12    0.07    0.14      0
        8192          2048     float     sum      -1    56.68    0.14    0.27      0    55.19    0.15    0.28      0
       16384          4096     float     sum      -1    57.31    0.29    0.54      0    56.68    0.29    0.54      0
       32768          8192     float     sum      -1    58.08    0.56    1.06      0    57.29    0.57    1.07      0
       65536         16384     float     sum      -1    67.96    0.96    1.81      0    66.46    0.99    1.85      0
      131072         32768     float     sum      -1    122.8    1.07    2.00      0    122.3    1.07    2.01      0
      262144         65536     float     sum      -1    123.7    2.12    3.97      0    122.7    2.14    4.01      0
      524288        131072     float     sum      -1    201.7    2.60    4.87      0    198.7    2.64    4.95      0
     1048576        262144     float     sum      -1    218.9    4.79    8.98      0    220.8    4.75    8.90      0
     2097152        524288     float     sum      -1    308.3    6.80   12.75      0    309.0    6.79   12.73      0
     4194304       1048576     float     sum      -1    506.2    8.29   15.54      0    504.8    8.31   15.58      0
     8388608       2097152     float     sum      -1    609.9   13.75   25.79      0    609.8   13.76   25.79      0
    16777216       4194304     float     sum      -1    588.1   28.53   53.49      0    584.5   28.70   53.82      0
    33554432       8388608     float     sum      -1    997.1   33.65   63.10      0   1031.7   32.52   60.98      0
    67108864      16777216     float     sum      -1   1725.9   38.88   72.90      0   1760.8   38.11   71.46      0
   134217728      33554432     float     sum      -1   3641.7   36.86   69.10      0   3369.5   39.83   74.69      0
   268435456      67108864     float     sum      -1   6377.4   42.09   78.92      0   6693.8   40.10   75.19      0
   536870912     134217728     float     sum      -1    11923   45.03   84.43      0    12964   41.41   77.65      0
  1073741824     268435456     float     sum      -1    25485   42.13   79.00      0    33621   31.94   59.88      0
  2147483648     536870912     float     sum      -1    50500   42.52   79.73      0    46554   46.13   86.49      0
  4294967296    1073741824     float     sum      -1    98096   43.78   82.09      0   106547   40.31   75.58      0
           8             2     float     sum      -1    23.41    0.00    0.00      0    22.55    0.00    0.00      0
          16             4     float     sum      -1    22.41    0.00    0.00      0    22.30    0.00    0.00      0
          32             8     float     sum      -1    22.37    0.00    0.00      0    22.37    0.00    0.00      0
          64            16     float     sum      -1    25.05    0.00    0.00      0    25.07    0.00    0.00      0
         128            32     float     sum      -1    25.98    0.00    0.01      0    25.51    0.01    0.01      0
         256            64     float     sum      -1    26.73    0.01    0.02      0    26.01    0.01    0.02      0
         512           128     float     sum      -1    26.88    0.02    0.04      0    26.57    0.02    0.04      0
        1024           256     float     sum      -1    28.08    0.04    0.07      0    27.86    0.04    0.07      0
        2048           512     float     sum      -1    29.80    0.07    0.13      0    29.33    0.07    0.13      0
        4096          1024     float     sum      -1    55.76    0.07    0.14      0    54.38    0.08    0.14      0
        8192          2048     float     sum      -1    56.12    0.15    0.27      0    55.51    0.15    0.28      0
       16384          4096     float     sum      -1    57.31    0.29    0.54      0    56.69    0.29    0.54      0
       32768          8192     float     sum      -1    58.74    0.56    1.05      0    57.71    0.57    1.06      0
       65536         16384     float     sum      -1    68.28    0.96    1.80      0    66.82    0.98    1.84      0
      131072         32768     float     sum      -1    123.3    1.06    1.99      0    122.0    1.07    2.02      0
      262144         65536     float     sum      -1    122.4    2.14    4.01      0    122.5    2.14    4.01      0
      524288        131072     float     sum      -1    200.2    2.62    4.91      0    199.0    2.63    4.94      0
     1048576        262144     float     sum      -1    238.8    4.39    8.23      0    219.2    4.78    8.97      0
     2097152        524288     float     sum      -1    308.4    6.80   12.75      0    307.4    6.82   12.79      0
     4194304       1048576     float     sum      -1    506.1    8.29   15.54      0    506.5    8.28   15.53      0
     8388608       2097152     float     sum      -1    612.2   13.70   25.69      0    609.4   13.77   25.81      0
    16777216       4194304     float     sum      -1    586.9   28.58   53.59      0    585.3   28.67   53.75      0
    33554432       8388608     float     sum      -1   1027.9   32.64   61.21      0   1046.0   32.08   60.15      0
    67108864      16777216     float     sum      -1   1761.3   38.10   71.44      0   1741.0   38.55   72.27      0
   134217728      33554432     float     sum      -1   3546.1   37.85   70.97      0   3706.8   36.21   67.89      0
   268435456      67108864     float     sum      -1   6629.2   40.49   75.92      0   6098.9   44.01   82.53      0
   536870912     134217728     float     sum      -1    12912   41.58   77.96      0    14593   36.79   68.98      0
  1073741824     268435456     float     sum      -1    25484   42.13   79.00      0    24633   43.59   81.73      0
  2147483648     536870912     float     sum      -1    49200   43.65   81.84      0    76584   28.04   52.58      0
  4294967296    1073741824     float     sum      -1    98076   43.79   82.11      0    97942   43.85   82.22      0
           8             2     float     sum      -1    23.18    0.00    0.00      0    22.87    0.00    0.00      0
          16             4     float     sum      -1    22.36    0.00    0.00      0    22.53    0.00    0.00      0
          32             8     float     sum      -1    22.70    0.00    0.00      0    22.67    0.00    0.00      0
          64            16     float     sum      -1    25.44    0.00    0.00      0    24.94    0.00    0.00      0
         128            32     float     sum      -1    25.99    0.00    0.01      0    25.58    0.01    0.01      0
         256            64     float     sum      -1    26.36    0.01    0.02      0    26.17    0.01    0.02      0
         512           128     float     sum      -1    27.23    0.02    0.04      0    26.45    0.02    0.04      0
        1024           256     float     sum      -1    28.86    0.04    0.07      0    27.87    0.04    0.07      0
        2048           512     float     sum      -1    30.10    0.07    0.13      0    29.65    0.07    0.13      0
        4096          1024     float     sum      -1    55.81    0.07    0.14      0    54.74    0.07    0.14      0
        8192          2048     float     sum      -1    56.34    0.15    0.27      0    55.75    0.15    0.28      0
       16384          4096     float     sum      -1    57.71    0.28    0.53      0    56.31    0.29    0.55      0
       32768          8192     float     sum      -1    58.79    0.56    1.05      0    57.96    0.57    1.06      0
       65536         16384     float     sum      -1    68.21    0.96    1.80      0    66.79    0.98    1.84      0
      131072         32768     float     sum      -1    122.9    1.07    2.00      0    122.6    1.07    2.00      0
      262144         65536     float     sum      -1    123.6    2.12    3.98      0    123.0    2.13    4.00      0
      524288        131072     float     sum      -1    201.2    2.61    4.89      0    199.7    2.63    4.92      0
     1048576        262144     float     sum      -1    219.8    4.77    8.94      0    231.1    4.54    8.51      0
     2097152        524288     float     sum      -1    308.6    6.80   12.74      0    307.9    6.81   12.77      0
     4194304       1048576     float     sum      -1    506.9    8.27   15.51      0    514.9    8.15   15.27      0
     8388608       2097152     float     sum      -1    606.7   13.83   25.93      0    605.9   13.84   25.96      0
    16777216       4194304     float     sum      -1    587.2   28.57   53.57      0    585.3   28.66   53.74      0
    33554432       8388608     float     sum      -1   1030.3   32.57   61.06      0   1076.6   31.17   58.44      0
    67108864      16777216     float     sum      -1   1730.6   38.78   72.71      0   1740.6   38.56   72.29      0
   134217728      33554432     float     sum      -1   3466.5   38.72   72.60      0   3633.5   36.94   69.26      0
   268435456      67108864     float     sum      -1   6461.8   41.54   77.89      0   6257.4   42.90   80.44      0
   536870912     134217728     float     sum      -1    12239   43.86   82.24      0    17863   30.05   56.35      0
  1073741824     268435456     float     sum      -1    26000   41.30   77.43      0    23416   45.85   85.98      0
  2147483648     536870912     float     sum      -1    49287   43.57   81.70      0    49213   43.64   81.82      0
  4294967296    1073741824     float     sum      -1   106277   40.41   75.77      0   100682   42.66   79.99      0
           8             2     float     sum      -1    23.37    0.00    0.00      0    22.76    0.00    0.00      0
          16             4     float     sum      -1    22.55    0.00    0.00      0    22.29    0.00    0.00      0
          32             8     float     sum      -1    22.86    0.00    0.00      0    22.45    0.00    0.00      0
          64            16     float     sum      -1    25.02    0.00    0.00      0    24.70    0.00    0.00      0
         128            32     float     sum      -1    25.99    0.00    0.01      0    25.89    0.00    0.01      0
         256            64     float     sum      -1    26.44    0.01    0.02      0    25.87    0.01    0.02      0
         512           128     float     sum      -1    27.28    0.02    0.04      0    26.85    0.02    0.04      0
        1024           256     float     sum      -1    27.97    0.04    0.07      0    27.65    0.04    0.07      0
        2048           512     float     sum      -1    29.86    0.07    0.13      0    29.30    0.07    0.13      0
        4096          1024     float     sum      -1    55.70    0.07    0.14      0    54.91    0.07    0.14      0
        8192          2048     float     sum      -1    56.48    0.15    0.27      0    55.87    0.15    0.27      0
       16384          4096     float     sum      -1    57.65    0.28    0.53      0    56.65    0.29    0.54      0
       32768          8192     float     sum      -1    58.50    0.56    1.05      0    57.63    0.57    1.07      0
       65536         16384     float     sum      -1    67.87    0.97    1.81      0    67.30    0.97    1.83      0
      131072         32768     float     sum      -1    122.5    1.07    2.01      0    121.9    1.08    2.02      0
      262144         65536     float     sum      -1    124.0    2.11    3.96      0    122.4    2.14    4.02      0
      524288        131072     float     sum      -1    200.4    2.62    4.90      0    200.9    2.61    4.89      0
     1048576        262144     float     sum      -1    257.3    4.08    7.64      0    219.7    4.77    8.95      0
     2097152        524288     float     sum      -1    308.0    6.81   12.77      0    309.2    6.78   12.72      0
     4194304       1048576     float     sum      -1    507.1    8.27   15.51      0    505.1    8.30   15.57      0
     8388608       2097152     float     sum      -1    610.9   13.73   25.75      0    607.0   13.82   25.91      0
    16777216       4194304     float     sum      -1    588.7   28.50   53.43      0    585.3   28.66   53.74      0
    33554432       8388608     float     sum      -1   1021.2   32.86   61.61      0   1037.8   32.33   60.63      0
    67108864      16777216     float     sum      -1   1744.8   38.46   72.12      0   1737.4   38.63   72.42      0
   134217728      33554432     float     sum      -1   3547.1   37.84   70.95      0   3558.7   37.72   70.72      0
   268435456      67108864     float     sum      -1   6455.0   41.59   77.97      0   6398.5   41.95   78.66      0
   536870912     134217728     float     sum      -1    12189   44.05   82.59      0    18922   28.37   53.20      0
  1073741824     268435456     float     sum      -1    27892   38.50   72.18      0    26067   41.19   77.23      0
  2147483648     536870912     float     sum      -1    46531   46.15   86.53      0    58696   36.59   68.60      0
  4294967296    1073741824     float     sum      -1   129322   33.21   62.27      0    99817   43.03   80.68      0
           8             2     float     sum      -1    32.62    0.00    0.00      0    22.65    0.00    0.00      0
          16             4     float     sum      -1    22.37    0.00    0.00      0    22.61    0.00    0.00      0
          32             8     float     sum      -1    22.90    0.00    0.00      0    22.41    0.00    0.00      0
          64            16     float     sum      -1    25.33    0.00    0.00      0    27.00    0.00    0.00      0
         128            32     float     sum      -1    26.10    0.00    0.01      0    25.57    0.01    0.01      0
         256            64     float     sum      -1    32.19    0.01    0.01      0    25.73    0.01    0.02      0
         512           128     float     sum      -1    26.89    0.02    0.04      0    26.64    0.02    0.04      0
        1024           256     float     sum      -1    28.29    0.04    0.07      0    27.70    0.04    0.07      0
        2048           512     float     sum      -1    29.99    0.07    0.13      0    29.72    0.07    0.13      0
        4096          1024     float     sum      -1    55.71    0.07    0.14      0    54.69    0.07    0.14      0
        8192          2048     float     sum      -1    56.40    0.15    0.27      0    55.92    0.15    0.27      0
       16384          4096     float     sum      -1    57.39    0.29    0.54      0    56.33    0.29    0.55      0
       32768          8192     float     sum      -1    58.69    0.56    1.05      0    57.87    0.57    1.06      0
       65536         16384     float     sum      -1    67.95    0.96    1.81      0    66.71    0.98    1.84      0
      131072         32768     float     sum      -1    123.2    1.06    2.00      0    122.3    1.07    2.01      0
      262144         65536     float     sum      -1    123.9    2.12    3.97      0    122.6    2.14    4.01      0
      524288        131072     float     sum      -1    199.2    2.63    4.93      0    199.2    2.63    4.94      0
     1048576        262144     float     sum      -1    221.7    4.73    8.87      0    234.7    4.47    8.38      0
     2097152        524288     float     sum      -1    308.8    6.79   12.73      0    308.0    6.81   12.77      0
     4194304       1048576     float     sum      -1    505.7    8.29   15.55      0    504.8    8.31   15.58      0
     8388608       2097152     float     sum      -1    608.4   13.79   25.85      0    609.2   13.77   25.82      0
    16777216       4194304     float     sum      -1    588.6   28.50   53.44      0    584.5   28.70   53.82      0
    33554432       8388608     float     sum      -1   1033.2   32.48   60.90      0   1019.8   32.90   61.70      0
    67108864      16777216     float     sum      -1   1758.7   38.16   71.55      0   1754.9   38.24   71.70      0
   134217728      33554432     float     sum      -1   3427.7   39.16   73.42      0   3594.6   37.34   70.01      0
   268435456      67108864     float     sum      -1   6254.6   42.92   80.47      0   6316.0   42.50   79.69      0
   536870912     134217728     float     sum      -1    13054   41.13   77.12      0    12513   42.91   80.45      0
  1073741824     268435456     float     sum      -1    31106   34.52   64.72      0    24879   43.16   80.92      0
  2147483648     536870912     float     sum      -1    45175   47.54   89.13      0    49188   43.66   81.86      0
  4294967296    1073741824     float     sum      -1   103506   41.49   77.80      0   147530   29.11   54.59      0
           8             2     float     sum      -1    23.16    0.00    0.00      0    22.54    0.00    0.00      0
          16             4     float     sum      -1    22.72    0.00    0.00      0    22.42    0.00    0.00      0
          32             8     float     sum      -1    22.36    0.00    0.00      0    22.95    0.00    0.00      0
          64            16     float     sum      -1    25.18    0.00    0.00      0    24.87    0.00    0.00      0
         128            32     float     sum      -1    25.78    0.00    0.01      0    25.71    0.00    0.01      0
         256            64     float     sum      -1    26.30    0.01    0.02      0    26.21    0.01    0.02      0
         512           128     float     sum      -1    27.07    0.02    0.04      0    26.57    0.02    0.04      0
        1024           256     float     sum      -1    28.12    0.04    0.07      0    27.70    0.04    0.07      0
        2048           512     float     sum      -1    29.71    0.07    0.13      0    29.50    0.07    0.13      0
        4096          1024     float     sum      -1    56.12    0.07    0.14      0    54.26    0.08    0.14      0
        8192          2048     float     sum      -1    56.55    0.14    0.27      0    55.39    0.15    0.28      0
       16384          4096     float     sum      -1    57.46    0.29    0.53      0    56.32    0.29    0.55      0
       32768          8192     float     sum      -1    58.26    0.56    1.05      0    57.73    0.57    1.06      0
       65536         16384     float     sum      -1    67.58    0.97    1.82      0    66.84    0.98    1.84      0
      131072         32768     float     sum      -1    123.5    1.06    1.99      0    122.1    1.07    2.01      0
      262144         65536     float     sum      -1    123.3    2.13    3.99      0    123.6    2.12    3.98      0
      524288        131072     float     sum      -1    200.4    2.62    4.91      0    200.2    2.62    4.91      0
     1048576        262144     float     sum      -1    234.7    4.47    8.38      0    217.0    4.83    9.06      0
     2097152        524288     float     sum      -1    308.7    6.79   12.74      0    307.9    6.81   12.77      0
     4194304       1048576     float     sum      -1    519.4    8.08   15.14      0    514.2    8.16   15.29      0
     8388608       2097152     float     sum      -1    610.8   13.73   25.75      0    611.7   13.71   25.71      0
    16777216       4194304     float     sum      -1    587.9   28.54   53.51      0    585.3   28.67   53.75      0
    33554432       8388608     float     sum      -1   1026.3   32.69   61.30      0   1077.2   31.15   58.41      0
    67108864      16777216     float     sum      -1   1778.2   37.74   70.76      0   1759.4   38.14   71.52      0
   134217728      33554432     float     sum      -1   3596.9   37.31   69.96      0   3482.7   38.54   72.26      0
   268435456      67108864     float     sum      -1   6418.6   41.82   78.41      0   6133.6   43.76   82.06      0
   536870912     134217728     float     sum      -1    19238   27.91   52.32      0    12552   42.77   80.20      0
  1073741824     268435456     float     sum      -1    25872   41.50   77.82      0    25369   42.33   79.36      0
  2147483648     536870912     float     sum      -1    47760   44.96   84.31      0    50607   42.43   79.57      0
  4294967296    1073741824     float     sum      -1    94933   45.24   84.83      0   141862   30.28   56.77      0
           8             2     float     sum      -1    32.43    0.00    0.00      0    22.59    0.00    0.00      0
          16             4     float     sum      -1    22.58    0.00    0.00      0    22.52    0.00    0.00      0
          32             8     float     sum      -1    22.56    0.00    0.00      0    22.25    0.00    0.00      0
          64            16     float     sum      -1    25.48    0.00    0.00      0    24.97    0.00    0.00      0
         128            32     float     sum      -1    25.73    0.00    0.01      0    26.04    0.00    0.01      0
         256            64     float     sum      -1    32.25    0.01    0.01      0    26.48    0.01    0.02      0
         512           128     float     sum      -1    27.02    0.02    0.04      0    26.61    0.02    0.04      0
        1024           256     float     sum      -1    28.41    0.04    0.07      0    27.96    0.04    0.07      0
        2048           512     float     sum      -1    29.92    0.07    0.13      0    29.71    0.07    0.13      0
        4096          1024     float     sum      -1    55.32    0.07    0.14      0    55.01    0.07    0.14      0
        8192          2048     float     sum      -1    56.16    0.15    0.27      0    55.39    0.15    0.28      0
       16384          4096     float     sum      -1    57.07    0.29    0.54      0    56.81    0.29    0.54      0
       32768          8192     float     sum      -1    58.49    0.56    1.05      0    57.97    0.57    1.06      0
       65536         16384     float     sum      -1    68.42    0.96    1.80      0    66.90    0.98    1.84      0
      131072         32768     float     sum      -1    123.8    1.06    1.98      0    122.0    1.07    2.01      0
      262144         65536     float     sum      -1    122.8    2.13    4.00      0    125.4    2.09    3.92      0
      524288        131072     float     sum      -1    200.0    2.62    4.91      0    198.6    2.64    4.95      0
     1048576        262144     float     sum      -1    216.6    4.84    9.08      0    230.8    4.54    8.52      0
     2097152        524288     float     sum      -1    317.0    6.62   12.40      0    308.0    6.81   12.77      0
     4194304       1048576     float     sum      -1    520.2    8.06   15.12      0    519.1    8.08   15.15      0
     8388608       2097152     float     sum      -1    611.9   13.71   25.70      0    606.8   13.83   25.92      0
    16777216       4194304     float     sum      -1    587.4   28.56   53.56      0    584.2   28.72   53.84      0
    33554432       8388608     float     sum      -1   1027.5   32.66   61.23      0   1029.8   32.58   61.09      0
    67108864      16777216     float     sum      -1   1743.9   38.48   72.15      0   1738.4   38.60   72.38      0
   134217728      33554432     float     sum      -1   4212.8   31.86   59.74      0   3504.4   38.30   71.81      0
   268435456      67108864     float     sum      -1   9459.8   28.38   53.21      0   6310.3   42.54   79.76      0
   536870912     134217728     float     sum      -1    12952   41.45   77.72      0    12826   41.86   78.48      0
  1073741824     268435456     float     sum      -1    22754   47.19   88.48      0    27401   39.19   73.48      0
  2147483648     536870912     float     sum      -1    51933   41.35   77.53      0    51815   41.45   77.71      0
  4294967296    1073741824     float     sum      -1   103710   41.41   77.65      0   103384   41.54   77.89      0
           8             2     float     sum      -1    23.09    0.00    0.00      0    22.68    0.00    0.00      0
          16             4     float     sum      -1    22.78    0.00    0.00      0    22.20    0.00    0.00      0
          32             8     float     sum      -1    22.63    0.00    0.00      0    22.55    0.00    0.00      0
          64            16     float     sum      -1    25.44    0.00    0.00      0    25.25    0.00    0.00      0
         128            32     float     sum      -1    25.73    0.00    0.01      0    25.47    0.01    0.01      0
         256            64     float     sum      -1    26.23    0.01    0.02      0    25.73    0.01    0.02      0
         512           128     float     sum      -1    27.03    0.02    0.04      0    27.03    0.02    0.04      0
        1024           256     float     sum      -1    28.11    0.04    0.07      0    27.74    0.04    0.07      0
        2048           512     float     sum      -1    30.10    0.07    0.13      0    29.51    0.07    0.13      0
        4096          1024     float     sum      -1    55.37    0.07    0.14      0    54.02    0.08    0.14      0
        8192          2048     float     sum      -1    55.88    0.15    0.27      0    55.43    0.15    0.28      0
       16384          4096     float     sum      -1    56.96    0.29    0.54      0    55.83    0.29    0.55      0
       32768          8192     float     sum      -1    57.87    0.57    1.06      0    57.55    0.57    1.07      0
       65536         16384     float     sum      -1    68.08    0.96    1.80      0    67.17    0.98    1.83      0
      131072         32768     float     sum      -1    122.2    1.07    2.01      0    122.7    1.07    2.00      0
      262144         65536     float     sum      -1    123.3    2.13    3.99      0    122.6    2.14    4.01      0
      524288        131072     float     sum      -1    205.0    2.56    4.80      0    199.0    2.63    4.94      0
     1048576        262144     float     sum      -1    223.8    4.68    8.78      0    218.7    4.79    8.99      0
     2097152        524288     float     sum      -1    309.7    6.77   12.70      0    308.2    6.80   12.76      0
     4194304       1048576     float     sum      -1    507.9    8.26   15.48      0    507.2    8.27   15.51      0
     8388608       2097152     float     sum      -1    611.4   13.72   25.72      0    609.8   13.76   25.79      0
    16777216       4194304     float     sum      -1    587.8   28.54   53.52      0    586.3   28.62   53.65      0
    33554432       8388608     float     sum      -1   1046.1   32.08   60.14      0   1022.8   32.81   61.51      0
    67108864      16777216     float     sum      -1   1750.6   38.33   71.88      0   1754.0   38.26   71.74      0
   134217728      33554432     float     sum      -1   3495.4   38.40   72.00      0   3647.9   36.79   68.99      0
   268435456      67108864     float     sum      -1   6681.1   40.18   75.33      0   8359.7   32.11   60.21      0
   536870912     134217728     float     sum      -1    12436   43.17   80.94      0    12877   41.69   78.17      0
  1073741824     268435456     float     sum      -1    32237   33.31   62.45      0    30298   35.44   66.45      0
  2147483648     536870912     float     sum      -1    55989   38.36   71.92      0    71046   30.23   56.68      0
  4294967296    1073741824     float     sum      -1   144681   29.69   55.66      0   120108   35.76   67.05      0
           8             2     float     sum      -1    23.62    0.00    0.00      0    22.56    0.00    0.00      0
          16             4     float     sum      -1    22.49    0.00    0.00      0    22.21    0.00    0.00      0
          32             8     float     sum      -1    22.48    0.00    0.00      0    22.66    0.00    0.00      0
          64            16     float     sum      -1    25.20    0.00    0.00      0    25.02    0.00    0.00      0
         128            32     float     sum      -1    25.92    0.00    0.01      0    25.48    0.01    0.01      0
         256            64     float     sum      -1    26.39    0.01    0.02      0    25.88    0.01    0.02      0
         512           128     float     sum      -1    26.78    0.02    0.04      0    26.45    0.02    0.04      0
        1024           256     float     sum      -1    27.92    0.04    0.07      0    27.71    0.04    0.07      0
        2048           512     float     sum      -1    29.68    0.07    0.13      0    29.22    0.07    0.13      0
        4096          1024     float     sum      -1    55.01    0.07    0.14      0    54.71    0.07    0.14      0
        8192          2048     float     sum      -1    56.24    0.15    0.27      0    55.77    0.15    0.28      0
       16384          4096     float     sum      -1    57.56    0.28    0.53      0    56.38    0.29    0.54      0
       32768          8192     float     sum      -1    58.31    0.56    1.05      0    57.55    0.57    1.07      0
       65536         16384     float     sum      -1    67.65    0.97    1.82      0    66.95    0.98    1.84      0
      131072         32768     float     sum      -1    123.0    1.07    2.00      0    121.9    1.08    2.02      0
      262144         65536     float     sum      -1    123.9    2.12    3.97      0    122.6    2.14    4.01      0
      524288        131072     float     sum      -1    200.4    2.62    4.91      0    198.0    2.65    4.96      0
     1048576        262144     float     sum      -1    222.2    4.72    8.85      0    219.6    4.78    8.95      0
     2097152        524288     float     sum      -1    308.9    6.79   12.73      0    311.9    6.72   12.61      0
     4194304       1048576     float     sum      -1    506.0    8.29   15.54      0    507.7    8.26   15.49      0
     8388608       2097152     float     sum      -1    609.3   13.77   25.81      0    612.8   13.69   25.67      0
    16777216       4194304     float     sum      -1    588.3   28.52   53.47      0    586.0   28.63   53.68      0
    33554432       8388608     float     sum      -1   1024.4   32.75   61.42      0   1040.3   32.26   60.48      0
    67108864      16777216     float     sum      -1   1747.4   38.41   72.01      0   1722.3   38.96   73.06      0
   134217728      33554432     float     sum      -1   3723.9   36.04   67.58      0   3868.0   34.70   65.06      0
   268435456      67108864     float     sum      -1   6364.3   42.18   79.08      0   6241.9   43.01   80.63      0
   536870912     134217728     float     sum      -1    12087   44.42   83.28      0    12194   44.03   82.55      0
  1073741824     268435456     float     sum      -1    26637   40.31   75.58      0    23364   45.96   86.17      0
  2147483648     536870912     float     sum      -1    68310   31.44   58.94      0    49194   43.65   81.85      0
  4294967296    1073741824     float     sum      -1   100306   42.82   80.29      0   144773   29.67   55.63      0
           8             2     float     sum      -1    23.53    0.00    0.00      0    22.42    0.00    0.00      0
          16             4     float     sum      -1    22.53    0.00    0.00      0    22.44    0.00    0.00      0
          32             8     float     sum      -1    22.59    0.00    0.00      0    22.50    0.00    0.00      0
          64            16     float     sum      -1    25.22    0.00    0.00      0    25.10    0.00    0.00      0
         128            32     float     sum      -1    25.78    0.00    0.01      0    25.43    0.01    0.01      0
         256            64     float     sum      -1    26.34    0.01    0.02      0    25.80    0.01    0.02      0
         512           128     float     sum      -1    27.37    0.02    0.04      0    26.52    0.02    0.04      0
        1024           256     float     sum      -1    28.03    0.04    0.07      0    27.55    0.04    0.07      0
        2048           512     float     sum      -1    29.71    0.07    0.13      0    29.25    0.07    0.13      0
        4096          1024     float     sum      -1    55.78    0.07    0.14      0    54.26    0.08    0.14      0
        8192          2048     float     sum      -1    56.56    0.14    0.27      0    55.75    0.15    0.28      0
       16384          4096     float     sum      -1    56.97    0.29    0.54      0    56.46    0.29    0.54      0
       32768          8192     float     sum      -1    58.48    0.56    1.05      0    58.22    0.56    1.06      0
       65536         16384     float     sum      -1    68.40    0.96    1.80      0    66.39    0.99    1.85      0
      131072         32768     float     sum      -1    122.9    1.07    2.00      0    122.0    1.07    2.01      0
      262144         65536     float     sum      -1    122.8    2.14    4.00      0    122.2    2.14    4.02      0
      524288        131072     float     sum      -1    201.9    2.60    4.87      0    203.3    2.58    4.84      0
     1048576        262144     float     sum      -1    256.7    4.09    7.66      0    223.3    4.70    8.81      0
     2097152        524288     float     sum      -1    310.7    6.75   12.66      0    309.6    6.77   12.70      0
     4194304       1048576     float     sum      -1    510.5    8.22   15.40      0    526.0    7.97   14.95      0
     8388608       2097152     float     sum      -1    610.3   13.74   25.77      0    609.7   13.76   25.80      0
    16777216       4194304     float     sum      -1    587.5   28.55   53.54      0    585.6   28.65   53.72      0
    33554432       8388608     float     sum      -1   1049.4   31.98   59.95      0   1025.9   32.71   61.33      0
    67108864      16777216     float     sum      -1   1751.7   38.31   71.83      0   1747.6   38.40   72.00      0
   134217728      33554432     float     sum      -1   3449.9   38.90   72.95      0   3663.7   36.63   68.69      0
   268435456      67108864     float     sum      -1   6946.6   38.64   72.45      0   5903.2   45.47   85.26      0
   536870912     134217728     float     sum      -1    13040   41.17   77.20      0    15510   34.62   64.90      0
  1073741824     268435456     float     sum      -1    27304   39.33   73.73      0    36961   29.05   54.47      0
  2147483648     536870912     float     sum      -1    54383   39.49   74.04      0    48659   44.13   82.75      0
  4294967296    1073741824     float     sum      -1   101806   42.19   79.10      0    92585   46.39   86.98      0
