        size         count      type   redop    root     time   algbw   busbw #wrong     time   algbw   busbw #wrong
         (B)    (elements)                               (us)  (GB/s)  (GB/s)            (us)  (GB/s)  (GB/s)       
           8             2     float     sum      -1    37.02    0.00    0.00      0    36.68    0.00    0.00      0
          16             4     float     sum      -1    36.89    0.00    0.00      0    36.60    0.00    0.00      0
          32             8     float     sum      -1    36.65    0.00    0.00      0    36.90    0.00    0.00      0
          64            16     float     sum      -1    41.43    0.00    0.00      0    41.29    0.00    0.00      0
         128            32     float     sum      -1    41.92    0.00    0.01      0    41.40    0.00    0.01      0
         256            64     float     sum      -1    44.11    0.01    0.01      0    41.63    0.01    0.01      0
         512           128     float     sum      -1    43.81    0.01    0.02      0    42.87    0.01    0.02      0
        1024           256     float     sum      -1    45.48    0.02    0.04      0    44.20    0.02    0.04      0
        2048           512     float     sum      -1    47.85    0.04    0.08      0    47.37    0.04    0.08      0
        4096          1024     float     sum      -1    99.24    0.04    0.08      0    99.34    0.04    0.08      0
        8192          2048     float     sum      -1    101.8    0.08    0.16      0    256.1    0.03    0.06      0
       16384          4096     float     sum      -1    103.3    0.16    0.31      0    101.7    0.16    0.31      0
       32768          8192     float     sum      -1    108.7    0.30    0.58      0    107.6    0.30    0.59      0
       65536         16384     float     sum      -1    114.7    0.57    1.11      0    113.8    0.58    1.12      0
      131072         32768     float     sum      -1    126.8    1.03    2.00      0    149.4    0.88    1.70      0
      262144         65536     float     sum      -1    276.0    0.95    1.84      0    271.8    0.96    1.87      0
      524288        131072     float     sum      -1    339.9    1.54    2.99      0    330.4    1.59    3.07      0
     1048576        262144     float     sum      -1    303.9    3.45    6.69      0    298.4    3.51    6.81      0
     2097152        524288     float     sum      -1    371.1    5.65   10.95      0    394.6    5.31   10.30      0
     4194304       1048576     float     sum      -1    568.4    7.38   14.30      0    548.1    7.65   14.83      0
     8388608       2097152     float     sum      -1    860.6    9.75   18.89      0    878.2    9.55   18.51      0
    16777216       4194304     float     sum      -1   2357.4    7.12   13.79      0   2325.3    7.22   13.98      0
    33554432       8388608     float     sum      -1   2958.5   11.34   21.97      0   2874.8   11.67   22.61      0
    67108864      16777216     float     sum      -1   3140.7   21.37   41.40      0   3216.2   20.87   40.43      0
   134217728      33554432     float     sum      -1   3427.8   39.16   75.86      0   3415.1   39.30   76.15      0
   268435456      67108864     float     sum      -1   6886.1   38.98   75.53      0   6893.3   38.94   75.45      0
   536870912     134217728     float     sum      -1    13930   38.54   74.67      0    13745   39.06   75.68      0
  1073741824     268435456     float     sum      -1    28755   37.34   72.35      0    28772   37.32   72.30      0
  2147483648     536870912     float     sum      -1    60390   35.56   68.90      0    59957   35.82   69.40      0
  4294967296    1073741824     float     sum      -1   117447   36.57   70.85      0   118856   36.14   70.01      0
           8             2     float     sum      -1    38.15    0.00    0.00      0    37.27    0.00    0.00      0
          16             4     float     sum      -1    37.82    0.00    0.00      0    36.38    0.00    0.00      0
          32             8     float     sum      -1    36.73    0.00    0.00      0    36.14    0.00    0.00      0
          64            16     float     sum      -1    41.57    0.00    0.00      0    42.75    0.00    0.00      0
         128            32     float     sum      -1    42.57    0.00    0.01      0    41.40    0.00    0.01      0
         256            64     float     sum      -1    42.29    0.01    0.01      0    40.58    0.01    0.01      0
         512           128     float     sum      -1    43.30    0.01    0.02      0    42.58    0.01    0.02      0
        1024           256     float     sum      -1    45.77    0.02    0.04      0    44.01    0.02    0.05      0
        2048           512     float     sum      -1    47.70    0.04    0.08      0    46.50    0.04    0.09      0
        4096          1024     float     sum      -1    100.2    0.04    0.08      0    99.05    0.04    0.08      0
        8192          2048     float     sum      -1    101.6    0.08    0.16      0    99.93    0.08    0.16      0
       16384          4096     float     sum      -1    103.0    0.16    0.31      0    101.9    0.16    0.31      0
       32768          8192     float     sum      -1    108.2    0.30    0.59      0    107.5    0.30    0.59      0
       65536         16384     float     sum      -1    114.4    0.57    1.11      0    112.4    0.58    1.13      0
      131072         32768     float     sum      -1    126.8    1.03    2.00      0    124.4    1.05    2.04      0
      262144         65536     float     sum      -1    275.6    0.95    1.84      0    273.4    0.96    1.86      0
      524288        131072     float     sum      -1    283.5    1.85    3.58      0    280.2    1.87    3.63      0
     1048576        262144     float     sum      -1    263.1    3.98    7.72      0    262.2    4.00    7.75      0
     2097152        524288     float     sum      -1    331.9    6.32   12.24      0    331.5    6.33   12.26      0
     4194304       1048576     float     sum      -1    513.3    8.17   15.83      0    515.4    8.14   15.77      0
     8388608       2097152     float     sum      -1    862.5    9.73   18.84      0    852.1    9.84   19.07      0
    16777216       4194304     float     sum      -1   2291.6    7.32   14.18      0   2251.9    7.45   14.44      0
    33554432       8388608     float     sum      -1   2888.0   11.62   22.51      0   2894.6   11.59   22.46      0
    67108864      16777216     float     sum      -1   3036.1   22.10   42.83      0   3028.7   22.16   42.93      0
   134217728      33554432     float     sum      -1   3367.9   39.85   77.21      0   3356.3   39.99   77.48      0
   268435456      67108864     float     sum      -1   6705.7   40.03   77.56      0   6704.8   40.04   77.57      0
   536870912     134217728     float     sum      -1    13747   39.05   75.66      0    13696   39.20   75.95      0
  1073741824     268435456     float     sum      -1    28792   37.29   72.26      0    29319   36.62   70.96      0
  2147483648     536870912     float     sum      -1    58677   36.60   70.91      0    59540   36.07   69.88      0
  4294967296    1073741824     float     sum      -1   119566   35.92   69.60      0   120581   35.62   69.01      0
           8             2     float     sum      -1    37.84    0.00    0.00      0    37.01    0.00    0.00      0
          16             4     float     sum      -1    36.71    0.00    0.00      0    36.00    0.00    0.00      0
          32             8     float     sum      -1    36.38    0.00    0.00      0    36.02    0.00    0.00      0
          64            16     float     sum      -1    40.73    0.00    0.00      0    40.77    0.00    0.00      0
         128            32     float     sum      -1    41.64    0.00    0.01      0    41.56    0.00    0.01      0
         256            64     float     sum      -1    42.54    0.01    0.01      0    41.62    0.01    0.01      0
         512           128     float     sum      -1    43.91    0.01    0.02      0    42.38    0.01    0.02      0
        1024           256     float     sum      -1    45.25    0.02    0.04      0    44.43    0.02    0.04      0
        2048           512     float     sum      -1    47.33    0.04    0.08      0    46.37    0.04    0.09      0
        4096          1024     float     sum      -1    100.5    0.04    0.08      0    99.51    0.04    0.08      0
        8192          2048     float     sum      -1    101.9    0.08    0.16      0    100.5    0.08    0.16      0
       16384          4096     float     sum      -1    103.2    0.16    0.31      0    101.2    0.16    0.31      0
       32768          8192     float     sum      -1    108.2    0.30    0.59      0    106.9    0.31    0.59      0
       65536         16384     float     sum      -1    114.4    0.57    1.11      0    113.7    0.58    1.12      0
      131072         32768     float     sum      -1    124.9    1.05    2.03      0    123.5    1.06    2.06      0
      262144         65536     float     sum      -1    278.4    0.94    1.82      0    273.9    0.96    1.85      0
      524288        131072     float     sum      -1    281.8    1.86    3.60      0    281.0    1.87    3.61      0
     1048576        262144     float     sum      -1    262.2    4.00    7.75      0    262.4    4.00    7.74      0
     2097152        524288     float     sum      -1    331.0    6.34   12.28      0    331.7    6.32   12.25      0
     4194304       1048576     float     sum      -1    511.6    8.20   15.88      0    512.2    8.19   15.87      0
     8388608       2097152     float     sum      -1    850.6    9.86   19.11      0    846.9    9.91   19.19      0
    16777216       4194304     float     sum      -1   2290.4    7.33   14.19      0   2253.7    7.44   14.42      0
    33554432       8388608     float     sum      -1   2889.6   11.61   22.50      0   2888.8   11.62   22.50      0
    67108864      16777216     float     sum      -1   3028.8   22.16   42.93      0   3029.9   22.15   42.91      0
   134217728      33554432     float     sum      -1   3342.2   40.16   77.81      0   3371.2   39.81   77.14      0
   268435456      67108864     float     sum      -1   6707.9   40.02   77.53      0   6697.9   40.08   77.65      0
   536870912     134217728     float     sum      -1    13830   38.82   75.21      0    13707   39.17   75.88      0
  1073741824     268435456     float     sum      -1    28787   37.30   72.27      0    29096   36.90   71.50      0
  2147483648     536870912     float     sum      -1    60979   35.22   68.23      0    59477   36.11   69.96      0
  4294967296    1073741824     float     sum      -1   118279   36.31   70.35      0   118489   36.25   70.23      0
           8             2     float     sum      -1    37.47    0.00    0.00      0    36.13    0.00    0.00      0
          16             4     float     sum      -1    36.40    0.00    0.00      0    36.21    0.00    0.00      0
          32             8     float     sum      -1    37.16    0.00    0.00      0    36.49    0.00    0.00      0
          64            16     float     sum      -1    41.46    0.00    0.00      0    41.17    0.00    0.00      0
         128            32     float     sum      -1    41.97    0.00    0.01      0    41.07    0.00    0.01      0
         256            64     float     sum      -1    42.36    0.01    0.01      0    41.86    0.01    0.01      0
         512           128     float     sum      -1    42.89    0.01    0.02      0    41.84    0.01    0.02      0
        1024           256     float     sum      -1    45.37    0.02    0.04      0    43.74    0.02    0.05      0
        2048           512     float     sum      -1    47.53    0.04    0.08      0    46.25    0.04    0.09      0
        4096          1024     float     sum      -1    99.56    0.04    0.08      0    99.04    0.04    0.08      0
        8192          2048     float     sum      -1    101.5    0.08    0.16      0    100.5    0.08    0.16      0
       16384          4096     float     sum      -1    103.3    0.16    0.31      0    101.4    0.16    0.31      0
       32768          8192     float     sum      -1    108.2    0.30    0.59      0    107.1    0.31    0.59      0
       65536         16384     float     sum      -1    114.0    0.57    1.11      0    113.5    0.58    1.12      0
      131072         32768     float     sum      -1    126.1    1.04    2.01      0    124.6    1.05    2.04      0
      262144         65536     float     sum      -1    281.5    0.93    1.80      0    273.7    0.96    1.86      0
      524288        131072     float     sum      -1    281.7    1.86    3.61      0    281.8    1.86    3.60      0
     1048576        262144     float     sum      -1    263.3    3.98    7.72      0    262.2    4.00    7.75      0
     2097152        524288     float     sum      -1    331.4    6.33   12.26      0    332.1    6.31   12.23      0
     4194304       1048576     float     sum      -1    512.6    8.18   15.85      0    514.6    8.15   15.79      0
     8388608       2097152     float     sum      -1    851.4    9.85   19.09      0    852.6    9.84   19.06      0
    16777216       4194304     float     sum      -1   2290.8    7.32   14.19      0   2258.7    7.43   14.39      0
    33554432       8388608     float     sum      -1   2891.1   11.61   22.49      0   2881.3   11.65   22.56      0
    67108864      16777216     float     sum      -1   3023.6   22.19   43.00      0   3014.4   22.26   43.13      0
   134217728      33554432     float     sum      -1   3358.2   39.97   77.44      0   3354.2   40.01   77.53      0
   268435456      67108864     float     sum      -1   6717.9   39.96   77.42      0   6699.7   40.07   77.63      0
   536870912     134217728     float     sum      -1    13738   39.08   75.72      0    13782   38.96   75.48      0
  1073741824     268435456     float     sum      -1    29137   36.85   71.40      0    29060   36.95   71.59      0
  2147483648     536870912     float     sum      -1    59341   36.19   70.12      0    60177   35.69   69.14      0
  4294967296    1073741824     float     sum      -1   120977   35.50   68.79      0   118269   36.32   70.36      0
           8             2     float     sum      -1    38.39    0.00    0.00      0    37.00    0.00    0.00      0
          16             4     float     sum      -1    36.91    0.00    0.00      0    36.42    0.00    0.00      0
          32             8     float     sum      -1    36.59    0.00    0.00      0    36.85    0.00    0.00      0
          64            16     float     sum      -1    41.74    0.00    0.00      0    40.61    0.00    0.00      0
         128            32     float     sum      -1    41.83    0.00    0.01      0    40.78    0.00    0.01      0
         256            64     float     sum      -1    42.36    0.01    0.01      0    41.26    0.01    0.01      0
         512           128     float     sum      -1    43.38    0.01    0.02      0    42.22    0.01    0.02      0
        1024           256     float     sum      -1    44.49    0.02    0.04      0    43.81    0.02    0.05      0
        2048           512     float     sum      -1    47.24    0.04    0.08      0    45.94    0.04    0.09      0
        4096          1024     float     sum      -1    100.1    0.04    0.08      0    98.63    0.04    0.08      0
        8192          2048     float     sum      -1    102.3    0.08    0.16      0    100.1    0.08    0.16      0
       16384          4096     float     sum      -1    103.6    0.16    0.31      0    102.1    0.16    0.31      0
       32768          8192     float     sum      -1    108.1    0.30    0.59      0    107.6    0.30    0.59      0
       65536         16384     float     sum      -1    113.6    0.58    1.12      0    113.3    0.58    1.12      0
      131072         32768     float     sum      -1    126.8    1.03    2.00      0    125.4    1.04    2.02      0
      262144         65536     float     sum      -1    276.9    0.95    1.83      0    276.8    0.95    1.83      0
      524288        131072     float     sum      -1    281.1    1.87    3.61      0    279.9    1.87    3.63      0
     1048576        262144     float     sum      -1    261.8    4.01    7.76      0    263.2    3.98    7.72      0
     2097152        524288     float     sum      -1    331.2    6.33   12.27      0    331.8    6.32   12.25      0
     4194304       1048576     float     sum      -1    514.0    8.16   15.81      0    512.8    8.18   15.85      0
     8388608       2097152     float     sum      -1    854.0    9.82   19.03      0    858.3    9.77   18.94      0
    16777216       4194304     float     sum      -1   2288.0    7.33   14.21      0   2256.5    7.44   14.41      0
    33554432       8388608     float     sum      -1   2894.9   11.59   22.46      0   2890.1   11.61   22.49      0
    67108864      16777216     float     sum      -1   3024.7   22.19   42.99      0   3032.1   22.13   42.88      0
   134217728      33554432     float     sum      -1   3356.7   39.98   77.47      0   3364.6   39.89   77.29      0
   268435456      67108864     float     sum      -1   6723.2   39.93   77.36      0   6712.4   39.99   77.48      0
   536870912     134217728     float     sum      -1    13709   39.16   75.87      0    13826   38.83   75.23      0
  1073741824     268435456     float     sum      -1    29087   36.91   71.52      0    29184   36.79   71.28      0
  2147483648     536870912     float     sum      -1    60695   35.38   68.55      0    60117   35.72   69.21      0
  4294967296    1073741824     float     sum      -1   120030   35.78   69.33      0   119476   35.95   69.65      0
           8             2     float     sum      -1    37.86    0.00    0.00      0    36.80    0.00    0.00      0
          16             4     float     sum      -1    36.35    0.00    0.00      0    36.20    0.00    0.00      0
          32             8     float     sum      -1    36.16    0.00    0.00      0    35.97    0.00    0.00      0
          64            16     float     sum      -1    42.52    0.00    0.00      0    40.85    0.00    0.00      0
         128            32     float     sum      -1    41.65    0.00    0.01      0    40.89    0.00    0.01      0
         256            64     float     sum      -1    42.16    0.01    0.01      0    41.56    0.01    0.01      0
         512           128     float     sum      -1    42.56    0.01    0.02      0    42.02    0.01    0.02      0
        1024           256     float     sum      -1    44.86    0.02    0.04      0    44.29    0.02    0.04      0
        2048           512     float     sum      -1    48.34    0.04    0.08      0    46.01    0.04    0.09      0
        4096          1024     float     sum      -1    100.2    0.04    0.08      0    99.52    0.04    0.08      0
        8192          2048     float     sum      -1    101.5    0.08    0.16      0    100.1    0.08    0.16      0
       16384          4096     float     sum      -1    103.2    0.16    0.31      0    101.4    0.16    0.31      0
       32768          8192     float     sum      -1    108.1    0.30    0.59      0    106.9    0.31    0.59      0
       65536         16384     float     sum      -1    114.7    0.57    1.11      0    112.7    0.58    1.13      0
      131072         32768     float     sum      -1    125.7    1.04    2.02      0    124.5    1.05    2.04      0
      262144         65536     float     sum      -1    275.5    0.95    1.84      0    274.6    0.95    1.85      0
      524288        131072     float     sum      -1    281.6    1.86    3.61      0    281.2    1.86    3.61      0
     1048576        262144     float     sum      -1    261.8    4.01    7.76      0    261.6    4.01    7.77      0
     2097152        524288     float     sum      -1    333.2    6.29   12.20      0    330.3    6.35   12.30      0
     4194304       1048576     float     sum      -1    515.3    8.14   15.77      0    512.9    8.18   15.84      0
     8388608       2097152     float     sum      -1    860.1    9.75   18.90      0    852.2    9.84   19.07      0
    16777216       4194304     float     sum      -1   2293.1    7.32   14.18      0   2259.5    7.43   14.39      0
    33554432       8388608     float     sum      -1   2899.5   11.57   22.42      0   2901.2   11.57   22.41      0
    67108864      16777216     float     sum      -1   3031.9   22.13   42.88      0   3024.1   22.19   43.00      0
   134217728      33554432     float     sum      -1   3366.9   39.86   77.24      0   3366.1   39.87   77.26      0
   268435456      67108864     float     sum      -1   6745.7   39.79   77.10      0   6723.9   39.92   77.35      0
   536870912     134217728     float     sum      -1    13605   39.46   76.46      0    13763   39.01   75.58      0
  1073741824     268435456     float     sum      -1    29239   36.72   71.15      0    29127   36.86   71.42      0
  2147483648     536870912     float     sum      -1    60892   35.27   68.33      0    60545   35.47   68.72      0
  4294967296    1073741824     float     sum      -1   121780   35.27   68.33      0   117345   36.60   70.91      0
           8             2     float     sum      -1    38.14    0.00    0.00      0    36.87    0.00    0.00      0
          16             4     float     sum      -1    36.87    0.00    0.00      0    36.47    0.00    0.00      0
          32             8     float     sum      -1    36.66    0.00    0.00      0    36.69    0.00    0.00      0
          64            16     float     sum      -1    41.07    0.00    0.00      0    40.37    0.00    0.00      0
         128            32     float     sum      -1    41.52    0.00    0.01      0    40.55    0.00    0.01      0
         256            64     float     sum      -1    41.52    0.01    0.01      0    40.94    0.01    0.01      0
         512           128     float     sum      -1    43.56    0.01    0.02      0    42.38    0.01    0.02      0
        1024           256     float     sum      -1    45.25    0.02    0.04      0    44.35    0.02    0.04      0
        2048           512     float     sum      -1    48.92    0.04    0.08      0    46.79    0.04    0.08      0
        4096          1024     float     sum      -1    99.95    0.04    0.08      0    98.64    0.04    0.08      0
        8192          2048     float     sum      -1    100.7    0.08    0.16      0    99.77    0.08    0.16      0
       16384          4096     float     sum      -1    102.7    0.16    0.31      0    101.3    0.16    0.31      0
       32768          8192     float     sum      -1    108.2    0.30    0.59      0    106.6    0.31    0.60      0
       65536         16384     float     sum      -1    114.3    0.57    1.11      0    112.6    0.58    1.13      0
      131072         32768     float     sum      -1    126.1    1.04    2.01      0    125.2    1.05    2.03      0
      262144         65536     float     sum      -1    275.1    0.95    1.85      0    275.4    0.95    1.84      0
      524288        131072     float     sum      -1    282.6    1.86    3.59      0    280.5    1.87    3.62      0
     1048576        262144     float     sum      -1    261.9    4.00    7.76      0    261.1    4.02    7.78      0
     2097152        524288     float     sum      -1    330.1    6.35   12.31      0    331.0    6.34   12.27      0
     4194304       1048576     float     sum      -1    509.1    8.24   15.96      0    513.7    8.17   15.82      0
     8388608       2097152     float     sum      -1    848.4    9.89   19.16      0    848.9    9.88   19.15      0
    16777216       4194304     float     sum      -1   2285.6    7.34   14.22      0   2257.7    7.43   14.40      0
    33554432       8388608     float     sum      -1   2894.6   11.59   22.46      0   2893.3   11.60   22.47      0
    67108864      16777216     float     sum      -1   3018.7   22.23   43.07      0   3030.4   22.15   42.91      0
   134217728      33554432     float     sum      -1   3354.5   40.01   77.52      0   3353.2   40.03   77.55      0
   268435456      67108864     float     sum      -1   6689.6   40.13   77.75      0   6722.4   39.93   77.37      0
   536870912     134217728     float     sum      -1    13751   39.04   75.64      0    13789   38.93   75.43      0
  1073741824     268435456     float     sum      -1    29363   36.57   70.85      0    28670   37.45   72.56      0
  2147483648     536870912     float     sum      -1    60859   35.29   68.37      0    59130   36.32   70.37      0
  4294967296    1073741824     float     sum      -1   117521   36.55   70.81      0   118012   36.39   70.51      0
           8             2     float     sum      -1    38.52    0.00    0.00      0    36.84    0.00    0.00      0
          16             4     float     sum      -1    36.49    0.00    0.00      0    36.32    0.00    0.00      0
          32             8     float     sum      -1    36.71    0.00    0.00      0    35.96    0.00    0.00      0
          64            16     float     sum      -1    42.13    0.00    0.00      0    40.91    0.00    0.00      0
         128            32     float     sum      -1    41.64    0.00    0.01      0    41.63    0.00    0.01      0
         256            64     float     sum      -1    42.87    0.01    0.01      0    41.36    0.01    0.01      0
         512           128     float     sum      -1    44.36    0.01    0.02      0    43.02    0.01    0.02      0
        1024           256     float     sum      -1    44.76    0.02    0.04      0    44.23    0.02    0.04      0
        2048           512     float     sum      -1    46.95    0.04    0.08      0    47.11    0.04    0.08      0
        4096          1024     float     sum      -1    99.82    0.04    0.08      0    98.43    0.04    0.08      0
        8192          2048     float     sum      -1    101.3    0.08    0.16      0    99.30    0.08    0.16      0
       16384          4096     float     sum      -1    102.6    0.16    0.31      0    101.6    0.16    0.31      0
       32768          8192     float     sum      -1    108.0    0.30    0.59      0    107.6    0.30    0.59      0
       65536         16384     float     sum      -1    114.7    0.57    1.11      0    112.6    0.58    1.13      0
      131072         32768     float     sum      -1    125.4    1.05    2.03      0    124.6    1.05    2.04      0
      262144         65536     float     sum      -1    275.7    0.95    1.84      0    272.4    0.96    1.86      0
      524288        131072     float     sum      -1    286.1    1.83    3.55      0    280.3    1.87    3.62      0
     1048576        262144     float     sum      -1    261.9    4.00    7.76      0    261.6    4.01    7.77      0
     2097152        524288     float     sum      -1    330.9    6.34   12.28      0    331.8    6.32   12.24      0
     4194304       1048576     float     sum      -1    515.3    8.14   15.77      0    514.0    8.16   15.81      0
     8388608       2097152     float     sum      -1    854.9    9.81   19.01      0    858.8    9.77   18.92      0
    16777216       4194304     float     sum      -1   2287.2    7.34   14.21      0   2259.5    7.43   14.39      0
    33554432       8388608     float     sum      -1   2899.8   11.57   22.42      0   2889.0   11.61   22.50      0
    67108864      16777216     float     sum      -1   3032.4   22.13   42.88      0   3029.4   22.15   42.92      0
   134217728      33554432     float     sum      -1   3358.9   39.96   77.42      0   3364.0   39.90   77.30      0
   268435456      67108864     float     sum      -1   6721.0   39.94   77.38      0   6721.2   39.94   77.38      0
   536870912     134217728     float     sum      -1    14018   38.30   74.20      0    13682   39.24   76.03      0
  1073741824     268435456     float     sum      -1    29460   36.45   70.62      0    28992   37.04   71.76      0
  2147483648     536870912     float     sum      -1    61130   35.13   68.06      0    59754   35.94   69.63      0
  4294967296    1073741824     float     sum      -1   119302   36.00   69.75      0   119050   36.08   69.90      0
           8             2     float     sum      -1    37.71    0.00    0.00      0    36.14    0.00    0.00      0
          16             4     float     sum      -1    36.58    0.00    0.00      0    36.68    0.00    0.00      0
          32             8     float     sum      -1    36.65    0.00    0.00      0    36.42    0.00    0.00      0
          64            16     float     sum      -1    40.85    0.00    0.00      0    40.80    0.00    0.00      0
         128            32     float     sum      -1    41.63    0.00    0.01      0    41.17    0.00    0.01      0
         256            64     float     sum      -1    41.93    0.01    0.01      0    41.72    0.01    0.01      0
         512           128     float     sum      -1    43.09    0.01    0.02      0    42.65    0.01    0.02      0
        1024           256     float     sum      -1    44.74    0.02    0.04      0    44.60    0.02    0.04      0
        2048           512     float     sum      -1    49.00    0.04    0.08      0    46.72    0.04    0.08      0
        4096          1024     float     sum      -1    100.5    0.04    0.08      0    99.40    0.04    0.08      0
        8192          2048     float     sum      -1    101.6    0.08    0.16      0    99.97    0.08    0.16      0
       16384          4096     float     sum      -1    103.2    0.16    0.31      0    101.0    0.16    0.31      0
       32768          8192     float     sum      -1    109.3    0.30    0.58      0    106.5    0.31    0.60      0
       65536         16384     float     sum      -1    114.1    0.57    1.11      0    112.7    0.58    1.13      0
      131072         32768     float     sum      -1    126.7    1.03    2.00      0    124.8    1.05    2.04      0
      262144         65536     float     sum      -1    276.2    0.95    1.84      0    272.1    0.96    1.87      0
      524288        131072     float     sum      -1    283.8    1.85    3.58      0    281.9    1.86    3.60      0
     1048576        262144     float     sum      -1    261.5    4.01    7.77      0    261.9    4.00    7.76      0
     2097152        524288     float     sum      -1    331.1    6.33   12.27      0    333.1    6.30   12.20      0
     4194304       1048576     float     sum      -1    514.0    8.16   15.81      0    514.3    8.16   15.80      0
     8388608       2097152     float     sum      -1    856.5    9.79   18.98      0    855.5    9.80   19.00      0
    16777216       4194304     float     sum      -1   2288.8    7.33   14.20      0   2259.7    7.42   14.38      0
    33554432       8388608     float     sum      -1   2899.0   11.57   22.43      0   2899.0   11.57   22.43      0
    67108864      16777216     float     sum      -1   3026.0   22.18   42.97      0   3032.2   22.13   42.88      0
   134217728      33554432     float     sum      -1   3346.0   40.11   77.72      0   3370.5   39.82   77.15      0
   268435456      67108864     float     sum      -1   6716.5   39.97   77.44      0   6711.5   40.00   77.49      0
   536870912     134217728     float     sum      -1    13757   39.02   75.61      0    13668   39.28   76.11      0
  1073741824     268435456     float     sum      -1    28355   37.87   73.37      0    28931   37.11   71.91      0
  2147483648     536870912     float     sum      -1    59347   36.19   70.11      0    60823   35.31   68.41      0
  4294967296    1073741824     float     sum      -1   118427   36.27   70.27      0   117543   36.54   70.80      0
           8             2     float     sum      -1    37.68    0.00    0.00      0    37.91    0.00    0.00      0
          16             4     float     sum      -1    36.51    0.00    0.00      0    36.05    0.00    0.00      0
          32             8     float     sum      -1    36.00    0.00    0.00      0    36.65    0.00    0.00      0
          64            16     float     sum      -1    41.62    0.00    0.00      0    41.33    0.00    0.00      0
         128            32     float     sum      -1    41.68    0.00    0.01      0    40.90    0.00    0.01      0
         256            64     float     sum      -1    42.26    0.01    0.01      0    40.78    0.01    0.01      0
         512           128     float     sum      -1    43.15    0.01    0.02      0    42.75    0.01    0.02      0
        1024           256     float     sum      -1    44.89    0.02    0.04      0    43.22    0.02    0.05      0
        2048           512     float     sum      -1    47.53    0.04    0.08      0    45.67    0.04    0.09      0
        4096          1024     float     sum      -1    99.62    0.04    0.08      0    98.59    0.04    0.08      0
        8192          2048     float     sum      -1    102.3    0.08    0.16      0    99.23    0.08    0.16      0
       16384          4096     float     sum      -1    102.6    0.16    0.31      0    103.8    0.16    0.31      0
       32768          8192     float     sum      -1    107.7    0.30    0.59      0    106.8    0.31    0.59      0
       65536         16384     float     sum      -1    114.1    0.57    1.11      0    112.5    0.58    1.13      0
      131072         32768     float     sum      -1    126.8    1.03    2.00      0    123.7    1.06    2.05      0
      262144         65536     float     sum      -1    275.0    0.95    1.85      0    271.7    0.96    1.87      0
      524288        131072     float     sum      -1    281.1    1.87    3.61      0    280.4    1.87    3.62      0
     1048576        262144     float     sum      -1    262.2    4.00    7.75      0    261.9    4.00    7.76      0
     2097152        524288     float     sum      -1    331.2    6.33   12.27      0    330.4    6.35   12.30      0
     4194304       1048576     float     sum      -1    514.6    8.15   15.79      0    512.7    8.18   15.85      0
     8388608       2097152     float     sum      -1    854.9    9.81   19.01      0    854.1    9.82   19.03      0
    16777216       4194304     float     sum      -1   2287.8    7.33   14.21      0   2251.8    7.45   14.44      0
    33554432       8388608     float     sum      -1   2893.8   11.60   22.47      0   2890.0   11.61   22.50      0
    67108864      16777216     float     sum      -1   3027.0   22.17   42.96      0   3025.2   22.18   42.98      0
   134217728      33554432     float     sum      -1   3347.2   40.10   77.69      0   3361.4   39.93   77.36      0
   268435456      67108864     float     sum      -1   6708.6   40.01   77.53      0   6753.1   39.75   77.02      0
   536870912     134217728     float     sum      -1    13708   39.16   75.88      0    13632   39.38   76.30      0
  1073741824     268435456     float     sum      -1    29318   36.62   70.96      0    29177   36.80   71.30      0
  2147483648     536870912     float     sum      -1    59018   36.39   70.50      0    60129   35.71   69.20      0
  4294967296    1073741824     float     sum      -1   118614   36.21   70.16      0   117877   36.44   70.59      0
