        size         count      type   redop    root     time   algbw   busbw #wrong     time   algbw   busbw #wrong
         (B)    (elements)                               (us)  (GB/s)  (GB/s)            (us)  (GB/s)  (GB/s)       
           8             2     float     sum      -1    62.77    0.00    0.00      0    61.19    0.00    0.00      0
          16             4     float     sum      -1    59.93    0.00    0.00      0    59.69    0.00    0.00      0
          32             8     float     sum      -1    59.72    0.00    0.00      0    59.77    0.00    0.00      0
          64            16     float     sum      -1    168.2    0.00    0.00      0    158.0    0.00    0.00      0
         128            32     float     sum      -1    70.53    0.00    0.00      0    69.56    0.00    0.00      0
         256            64     float     sum      -1    78.15    0.00    0.01      0    68.86    0.00    0.01      0
         512           128     float     sum      -1    73.61    0.01    0.01      0    71.13    0.01    0.01      0
        1024           256     float     sum      -1    74.82    0.01    0.03      0    73.52    0.01    0.03      0
        2048           512     float     sum      -1    80.00    0.03    0.05      0    77.29    0.03    0.05      0
        4096          1024     float     sum      -1    168.3    0.02    0.05      0    183.6    0.02    0.04      0
        8192          2048     float     sum      -1    171.3    0.05    0.10      0    168.8    0.05    0.10      0
       16384          4096     float     sum      -1    173.4    0.09    0.19      0    171.2    0.10    0.19      0
       32768          8192     float     sum      -1    183.4    0.18    0.36      0    187.7    0.17    0.35      0
       65536         16384     float     sum      -1    194.5    0.34    0.67      0    191.8    0.34    0.68      0
      131072         32768     float     sum      -1    222.8    0.59    1.17      0    221.8    0.59    1.18      0
      262144         65536     float     sum      -1    282.8    0.93    1.85      0    278.8    0.94    1.87      0
      524288        131072     float     sum      -1    407.7    1.29    2.56      0    433.2    1.21    2.41      0
     1048576        262144     float     sum      -1    511.2    2.05    4.09      0    483.9    2.17    4.32      0
     2097152        524288     float     sum      -1    663.7    3.16    6.29      0    625.2    3.35    6.68      0
     4194304       1048576     float     sum      -1    963.0    4.36    8.68      0    967.1    4.34    8.64      0
     8388608       2097152     float     sum      -1   1628.1    5.15   10.26      0   1619.5    5.18   10.32      0
    16777216       4194304     float     sum      -1   2612.7    6.42   12.79      0   2606.8    6.44   12.82      0
    33554432       8388608     float     sum      -1   3352.1   10.01   19.94      0   3346.1   10.03   19.98      0
    67108864      16777216     float     sum      -1   5612.0   11.96   23.82      0   5658.3   11.86   23.63      0
   134217728      33554432     float     sum      -1    10133   13.25   26.39      0    10211   13.14   26.19      0
   268435456      67108864     float     sum      -1    15027   17.86   35.59      0    15127   17.75   35.35      0
   536870912     134217728     float     sum      -1    25655   20.93   41.69      0    24985   21.49   42.81      0
  1073741824     268435456     float     sum      -1    27222   39.44   78.58      0    27248   39.41   78.50      0
  2147483648     536870912     float     sum      -1    53512   40.13   79.95      0    53270   40.31   80.31      0
  4294967296    1073741824     float     sum      -1   111567   38.50   76.69      0   109299   39.30   78.28      0
           8             2     float     sum      -1    63.36    0.00    0.00      0    60.73    0.00    0.00      0
          16             4     float     sum      -1    60.34    0.00    0.00      0    59.91    0.00    0.00      0
          32             8     float     sum      -1    83.21    0.00    0.00      0    60.00    0.00    0.00      0
          64            16     float     sum      -1    67.85    0.00    0.00      0    66.52    0.00    0.00      0
         128            32     float     sum      -1    69.21    0.00    0.00      0    67.07    0.00    0.00      0
         256            64     float     sum      -1    70.23    0.00    0.01      0    68.43    0.00    0.01      0
         512           128     float     sum      -1    72.07    0.01    0.01      0    71.37    0.01    0.01      0
        1024           256     float     sum      -1    77.92    0.01    0.03      0    72.88    0.01    0.03      0
        2048           512     float     sum      -1    78.04    0.03    0.05      0    78.34    0.03    0.05      0
        4096          1024     float     sum      -1    168.7    0.02    0.05      0    165.8    0.02    0.05      0
        8192          2048     float     sum      -1    170.1    0.05    0.10      0    167.3    0.05    0.10      0
       16384          4096     float     sum      -1    171.9    0.10    0.19      0    178.4    0.09    0.18      0
       32768          8192     float     sum      -1    183.1    0.18    0.36      0    181.3    0.18    0.36      0
       65536         16384     float     sum      -1    192.8    0.34    0.68      0    189.6    0.35    0.69      0
      131072         32768     float     sum      -1    221.6    0.59    1.18      0    216.8    0.60    1.20      0
      262144         65536     float     sum      -1    293.9    0.89    1.78      0    314.1    0.83    1.66      0
      524288        131072     float     sum      -1    415.6    1.26    2.51      0    425.1    1.23    2.46      0
     1048576        262144     float     sum      -1    473.8    2.21    4.41      0    483.8    2.17    4.32      0
     2097152        524288     float     sum      -1    712.2    2.94    5.87      0    598.2    3.51    6.98      0
     4194304       1048576     float     sum      -1    956.9    4.38    8.73      0    969.7    4.33    8.62      0
     8388608       2097152     float     sum      -1   1702.1    4.93    9.82      0   1612.5    5.20   10.36      0
    16777216       4194304     float     sum      -1   2593.3    6.47   12.89      0   2599.3    6.45   12.86      0
    33554432       8388608     float     sum      -1   3326.1   10.09   20.10      0   3308.7   10.14   20.20      0
    67108864      16777216     float     sum      -1   5592.7   12.00   23.91      0   5629.8   11.92   23.75      0
   134217728      33554432     float     sum      -1    10067   13.33   26.56      0    10256   13.09   26.07      0
   268435456      67108864     float     sum      -1    14883   18.04   35.93      0    15037   17.85   35.56      0
   536870912     134217728     float     sum      -1    25565   21.00   41.84      0    25340   21.19   42.21      0
  1073741824     268435456     float     sum      -1    28098   38.21   76.13      0    28816   37.26   74.23      0
  2147483648     536870912     float     sum      -1    53258   40.32   80.33      0    54133   39.67   79.03      0
  4294967296    1073741824     float     sum      -1   109302   39.29   78.28      0   110979   38.70   77.10      0
           8             2     float     sum      -1    65.63    0.00    0.00      0    59.65    0.00    0.00      0
          16             4     float     sum      -1    59.06    0.00    0.00      0    69.68    0.00    0.00      0
          32             8     float     sum      -1    60.64    0.00    0.00      0    62.29    0.00    0.00      0
          64            16     float     sum      -1    67.45    0.00    0.00      0    67.38    0.00    0.00      0
         128            32     float     sum      -1    68.54    0.00    0.00      0    66.98    0.00    0.00      0
         256            64     float     sum      -1    69.34    0.00    0.01      0    69.00    0.00    0.01      0
         512           128     float     sum      -1    71.84    0.01    0.01      0    70.50    0.01    0.01      0
        1024           256     float     sum      -1    74.47    0.01    0.03      0    73.68    0.01    0.03      0
        2048           512     float     sum      -1    79.50    0.03    0.05      0    77.84    0.03    0.05      0
        4096          1024     float     sum      -1    169.3    0.02    0.05      0    166.1    0.02    0.05      0
        8192          2048     float     sum      -1    171.2    0.05    0.10      0    167.1    0.05    0.10      0
       16384          4096     float     sum      -1    177.4    0.09    0.18      0    169.2    0.10    0.19      0
       32768          8192     float     sum      -1    183.0    0.18    0.36      0    180.8    0.18    0.36      0
       65536         16384     float     sum      -1    192.9    0.34    0.68      0    191.8    0.34    0.68      0
      131072         32768     float     sum      -1    222.2    0.59    1.18      0    217.8    0.60    1.20      0
      262144         65536     float     sum      -1    279.2    0.94    1.87      0    286.4    0.92    1.82      0
      524288        131072     float     sum      -1    391.1    1.34    2.67      0    389.9    1.34    2.68      0
     1048576        262144     float     sum      -1    463.6    2.26    4.51      0    457.7    2.29    4.56      0
     2097152        524288     float     sum      -1    598.0    3.51    6.99      0    598.2    3.51    6.98      0
     4194304       1048576     float     sum      -1    954.3    4.39    8.76      0    948.0    4.42    8.81      0
     8388608       2097152     float     sum      -1   1614.7    5.20   10.35      0   1618.6    5.18   10.33      0
    16777216       4194304     float     sum      -1   2612.8    6.42   12.79      0   2607.4    6.43   12.82      0
    33554432       8388608     float     sum      -1   3345.1   10.03   19.98      0   3395.9    9.88   19.68      0
    67108864      16777216     float     sum      -1   5517.9   12.16   24.23      0   5647.9   11.88   23.67      0
   134217728      33554432     float     sum      -1    10282   13.05   26.00      0    10161   13.21   26.32      0
   268435456      67108864     float     sum      -1    15043   17.84   35.55      0    15092   17.79   35.43      0
   536870912     134217728     float     sum      -1    24999   21.48   42.78      0    25341   21.19   42.21      0
  1073741824     268435456     float     sum      -1    27264   39.38   78.46      0    27283   39.36   78.40      0
  2147483648     536870912     float     sum      -1    53230   40.34   80.37      0    53560   40.09   79.88      0
  4294967296    1073741824     float     sum      -1   109287   39.30   78.29      0   109386   39.26   78.22      0
           8             2     float     sum      -1    63.89    0.00    0.00      0    62.05    0.00    0.00      0
          16             4     float     sum      -1    59.35    0.00    0.00      0    60.41    0.00    0.00      0
          32             8     float     sum      -1    58.64    0.00    0.00      0    59.87    0.00    0.00      0
          64            16     float     sum      -1    68.70    0.00    0.00      0    68.50    0.00    0.00      0
         128            32     float     sum      -1    79.51    0.00    0.00      0    68.04    0.00    0.00      0
         256            64     float     sum      -1    69.87    0.00    0.01      0    69.17    0.00    0.01      0
         512           128     float     sum      -1    71.91    0.01    0.01      0    71.15    0.01    0.01      0
        1024           256     float     sum      -1    74.55    0.01    0.03      0    72.99    0.01    0.03      0
        2048           512     float     sum      -1    79.15    0.03    0.05      0    77.35    0.03    0.05      0
        4096          1024     float     sum      -1    167.9    0.02    0.05      0    166.4    0.02    0.05      0
        8192          2048     float     sum      -1    170.6    0.05    0.10      0    167.7    0.05    0.10      0
       16384          4096     float     sum      -1    174.5    0.09    0.19      0    169.1    0.10    0.19      0
       32768          8192     float     sum      -1    183.4    0.18    0.36      0    181.0    0.18    0.36      0
       65536         16384     float     sum      -1    193.4    0.34    0.68      0    190.2    0.34    0.69      0
      131072         32768     float     sum      -1    222.5    0.59    1.17      0    218.5    0.60    1.20      0
      262144         65536     float     sum      -1    279.2    0.94    1.87      0    276.7    0.95    1.89      0
      524288        131072     float     sum      -1    399.6    1.31    2.61      0    393.2    1.33    2.66      0
     1048576        262144     float     sum      -1    460.7    2.28    4.53      0    457.5    2.29    4.57      0
     2097152        524288     float     sum      -1    600.4    3.49    6.96      0    598.4    3.50    6.98      0
     4194304       1048576     float     sum      -1    946.3    4.43    8.83      0    952.1    4.41    8.78      0
     8388608       2097152     float     sum      -1   1621.4    5.17   10.31      0   1618.4    5.18   10.33      0
    16777216       4194304     float     sum      -1   2595.5    6.46   12.88      0   2617.8    6.41   12.77      0
    33554432       8388608     float     sum      -1   3320.9   10.10   20.13      0   3346.2   10.03   19.98      0
    67108864      16777216     float     sum      -1   5553.8   12.08   24.07      0   5853.7   11.46   22.84      0
   134217728      33554432     float     sum      -1    10168   13.20   26.30      0    10235   13.11   26.13      0
   268435456      67108864     float     sum      -1    15038   17.85   35.56      0    15168   17.70   35.26      0
   536870912     134217728     float     sum      -1    24903   21.56   42.95      0    25057   21.43   42.69      0
  1073741824     268435456     float     sum      -1    27301   39.33   78.35      0    27292   39.34   78.38      0
  2147483648     536870912     float     sum      -1    53256   40.32   80.33      0    53223   40.35   80.38      0
  4294967296    1073741824     float     sum      -1   109326   39.29   78.26      0   110945   38.71   77.12      0
           8             2     float     sum      -1    63.52    0.00    0.00      0    61.39    0.00    0.00      0
          16             4     float     sum      -1    60.74    0.00    0.00      0    60.41    0.00    0.00      0
          32             8     float     sum      -1    60.62    0.00    0.00      0    61.07    0.00    0.00      0
          64            16     float     sum      -1    67.54    0.00    0.00      0    68.99    0.00    0.00      0
         128            32     float     sum      -1    70.06    0.00    0.00      0    68.33    0.00    0.00      0
         256            64     float     sum      -1    73.60    0.00    0.01      0    69.21    0.00    0.01      0
         512           128     float     sum      -1    71.47    0.01    0.01      0    71.55    0.01    0.01      0
        1024           256     float     sum      -1    75.08    0.01    0.03      0    73.11    0.01    0.03      0
        2048           512     float     sum      -1    81.00    0.03    0.05      0    77.97    0.03    0.05      0
        4096          1024     float     sum      -1    168.4    0.02    0.05      0    166.7    0.02    0.05      0
        8192          2048     float     sum      -1    170.6    0.05    0.10      0    167.3    0.05    0.10      0
       16384          4096     float     sum      -1    182.7    0.09    0.18      0    169.1    0.10    0.19      0
       32768          8192     float     sum      -1    181.9    0.18    0.36      0    180.5    0.18    0.36      0
       65536         16384     float     sum      -1    192.7    0.34    0.68      0    190.5    0.34    0.69      0
      131072         32768     float     sum      -1    222.6    0.59    1.17      0    221.4    0.59    1.18      0
      262144         65536     float     sum      -1    279.8    0.94    1.87      0    277.0    0.95    1.89      0
      524288        131072     float     sum      -1    391.5    1.34    2.67      0    390.1    1.34    2.68      0
     1048576        262144     float     sum      -1    461.6    2.27    4.53      0    458.4    2.29    4.56      0
     2097152        524288     float     sum      -1    598.7    3.50    6.98      0    599.1    3.50    6.97      0
     4194304       1048576     float     sum      -1    948.9    4.42    8.81      0    945.6    4.44    8.84      0
     8388608       2097152     float     sum      -1   1623.7    5.17   10.29      0   1615.8    5.19   10.34      0
    16777216       4194304     float     sum      -1   2606.4    6.44   12.82      0   2623.8    6.39   12.74      0
    33554432       8388608     float     sum      -1   3302.6   10.16   20.24      0   3328.5   10.08   20.08      0
    67108864      16777216     float     sum      -1   5630.8   11.92   23.74      0   5533.6   12.13   24.16      0
   134217728      33554432     float     sum      -1    10062   13.34   26.57      0    10150   13.22   26.34      0
   268435456      67108864     float     sum      -1    15003   17.89   35.64      0    15124   17.75   35.36      0
   536870912     134217728     float     sum      -1    24919   21.54   42.92      0    24849   21.61   43.04      0
  1073741824     268435456     float     sum      -1    27346   39.27   78.22      0    27296   39.34   78.37      0
  2147483648     536870912     float     sum      -1    53253   40.33   80.34      0    53337   40.26   80.21      0
  4294967296    1073741824     float     sum      -1   110059   39.02   77.74      0   109214   39.33   78.34      0
           8             2     float     sum      -1    63.91    0.00    0.00      0    63.72    0.00    0.00      0
          16             4     float     sum      -1    59.14    0.00    0.00      0    60.78    0.00    0.00      0
          32             8     float     sum      -1    60.52    0.00    0.00      0    59.87    0.00    0.00      0
          64            16     float     sum      -1    67.76    0.00    0.00      0    68.19    0.00    0.00      0
         128            32     float     sum      -1    69.31    0.00    0.00      0    68.58    0.00    0.00      0
         256            64     float     sum      -1    69.96    0.00    0.01      0    69.88    0.00    0.01      0
         512           128     float     sum      -1    71.10    0.01    0.01      0    70.99    0.01    0.01      0
        1024           256     float     sum      -1    74.26    0.01    0.03      0    77.48    0.01    0.03      0
        2048           512     float     sum      -1    79.33    0.03    0.05      0    76.70    0.03    0.05      0
        4096          1024     float     sum      -1    169.0    0.02    0.05      0    166.7    0.02    0.05      0
        8192          2048     float     sum      -1    171.0    0.05    0.10      0    166.6    0.05    0.10      0
       16384          4096     float     sum      -1    173.2    0.09    0.19      0    168.6    0.10    0.19      0
       32768          8192     float     sum      -1    182.1    0.18    0.36      0    180.1    0.18    0.36      0
       65536         16384     float     sum      -1    193.2    0.34    0.68      0    191.5    0.34    0.68      0
      131072         32768     float     sum      -1    222.1    0.59    1.18      0    219.3    0.60    1.19      0
      262144         65536     float     sum      -1    280.1    0.94    1.86      0    278.2    0.94    1.88      0
      524288        131072     float     sum      -1    391.0    1.34    2.67      0    390.5    1.34    2.67      0
     1048576        262144     float     sum      -1    460.6    2.28    4.53      0    457.8    2.29    4.56      0
     2097152        524288     float     sum      -1    598.6    3.50    6.98      0    599.3    3.50    6.97      0
     4194304       1048576     float     sum      -1    956.3    4.39    8.74      0    955.2    4.39    8.75      0
     8388608       2097152     float     sum      -1   1618.5    5.18   10.33      0   1614.1    5.20   10.35      0
    16777216       4194304     float     sum      -1   2597.4    6.46   12.87      0   2601.2    6.45   12.85      0
    33554432       8388608     float     sum      -1   3348.2   10.02   19.96      0   3335.1   10.06   20.04      0
    67108864      16777216     float     sum      -1   5627.8   11.92   23.76      0   5731.1   11.71   23.33      0
   134217728      33554432     float     sum      -1    10150   13.22   26.34      0    10311   13.02   25.93      0
   268435456      67108864     float     sum      -1    14908   18.01   35.87      0    15067   17.82   35.49      0
   536870912     134217728     float     sum      -1    24974   21.50   42.83      0    24871   21.59   43.00      0
  1073741824     268435456     float     sum      -1    27293   39.34   78.38      0    27669   38.81   77.31      0
  2147483648     536870912     float     sum      -1    53239   40.34   80.36      0    53266   40.32   80.32      0
  4294967296    1073741824     float     sum      -1   109181   39.34   78.37      0   110808   38.76   77.22      0
           8             2     float     sum      -1    66.23    0.00    0.00      0    61.63    0.00    0.00      0
          16             4     float     sum      -1    60.30    0.00    0.00      0    61.72    0.00    0.00      0
          32             8     float     sum      -1    61.13    0.00    0.00      0    60.50    0.00    0.00      0
          64            16     float     sum      -1    68.36    0.00    0.00      0    67.64    0.00    0.00      0
         128            32     float     sum      -1    69.50    0.00    0.00      0    67.41    0.00    0.00      0
         256            64     float     sum      -1    70.00    0.00    0.01      0    68.77    0.00    0.01      0
         512           128     float     sum      -1    72.08    0.01    0.01      0    71.06    0.01    0.01      0
        1024           256     float     sum      -1    85.25    0.01    0.02      0    73.08    0.01    0.03      0
        2048           512     float     sum      -1    78.78    0.03    0.05      0    77.61    0.03    0.05      0
        4096          1024     float     sum      -1    168.5    0.02    0.05      0    165.8    0.02    0.05      0
        8192          2048     float     sum      -1    171.8    0.05    0.09      0    167.1    0.05    0.10      0
       16384          4096     float     sum      -1    172.0    0.10    0.19      0    170.4    0.10    0.19      0
       32768          8192     float     sum      -1    183.1    0.18    0.36      0    185.8    0.18    0.35      0
       65536         16384     float     sum      -1    192.6    0.34    0.68      0    190.1    0.34    0.69      0
      131072         32768     float     sum      -1    220.7    0.59    1.18      0    217.6    0.60    1.20      0
      262144         65536     float     sum      -1    279.5    0.94    1.87      0    275.4    0.95    1.90      0
      524288        131072     float     sum      -1    397.3    1.32    2.63      0    389.4    1.35    2.68      0
     1048576        262144     float     sum      -1    460.6    2.28    4.54      0    457.1    2.29    4.57      0
     2097152        524288     float     sum      -1    600.4    3.49    6.96      0    599.7    3.50    6.97      0
     4194304       1048576     float     sum      -1    948.7    4.42    8.81      0    955.4    4.39    8.75      0
     8388608       2097152     float     sum      -1   1623.0    5.17   10.30      0   1615.8    5.19   10.34      0
    16777216       4194304     float     sum      -1   2602.0    6.45   12.85      0   2607.3    6.43   12.82      0
    33554432       8388608     float     sum      -1   3306.2   10.15   20.22      0   3357.7    9.99   19.91      0
    67108864      16777216     float     sum      -1   5569.1   12.05   24.01      0   5598.3   11.99   23.88      0
   134217728      33554432     float     sum      -1    10323   13.00   25.90      0    10342   12.98   25.85      0
   268435456      67108864     float     sum      -1    15267   17.58   35.03      0    15246   17.61   35.08      0
   536870912     134217728     float     sum      -1    24934   21.53   42.90      0    24894   21.57   42.96      0
  1073741824     268435456     float     sum      -1    27322   39.30   78.29      0    27265   39.38   78.46      0
  2147483648     536870912     float     sum      -1    53323   40.27   80.23      0    53275   40.31   80.30      0
  4294967296    1073741824     float     sum      -1   111063   38.67   77.04      0   109216   39.33   78.34      0
           8             2     float     sum      -1    63.64    0.00    0.00      0    60.44    0.00    0.00      0
          16             4     float     sum      -1    60.14    0.00    0.00      0    59.74    0.00    0.00      0
          32             8     float     sum      -1    77.30    0.00    0.00      0    60.80    0.00    0.00      0
          64            16     float     sum      -1    67.94    0.00    0.00      0    67.59    0.00    0.00      0
         128            32     float     sum      -1    68.91    0.00    0.00      0    67.84    0.00    0.00      0
         256            64     float     sum      -1    69.08    0.00    0.01      0    68.31    0.00    0.01      0
         512           128     float     sum      -1    81.35    0.01    0.01      0    72.34    0.01    0.01      0
        1024           256     float     sum      -1    74.36    0.01    0.03      0    73.58    0.01    0.03      0
        2048           512     float     sum      -1    79.17    0.03    0.05      0    77.42    0.03    0.05      0
        4096          1024     float     sum      -1    168.5    0.02    0.05      0    167.6    0.02    0.05      0
        8192          2048     float     sum      -1    170.6    0.05    0.10      0    166.6    0.05    0.10      0
       16384          4096     float     sum      -1    171.2    0.10    0.19      0    169.2    0.10    0.19      0
       32768          8192     float     sum      -1    183.7    0.18    0.36      0    181.0    0.18    0.36      0
       65536         16384     float     sum      -1    193.9    0.34    0.67      0    190.1    0.34    0.69      0
      131072         32768     float     sum      -1    221.8    0.59    1.18      0    218.6    0.60    1.19      0
      262144         65536     float     sum      -1    321.4    0.82    1.63      0    348.7    0.75    1.50      0
      524288        131072     float     sum      -1    391.5    1.34    2.67      0    391.7    1.34    2.67      0
     1048576        262144     float     sum      -1    459.9    2.28    4.54      0    458.5    2.29    4.56      0
     2097152        524288     float     sum      -1    597.1    3.51    7.00      0    598.4    3.50    6.98      0
     4194304       1048576     float     sum      -1    947.5    4.43    8.82      0    944.2    4.44    8.85      0
     8388608       2097152     float     sum      -1   1617.4    5.19   10.33      0   1612.6    5.20   10.36      0
    16777216       4194304     float     sum      -1   2610.4    6.43   12.80      0   2633.5    6.37   12.69      0
    33554432       8388608     float     sum      -1   3355.5   10.00   19.92      0   3329.5   10.08   20.08      0
    67108864      16777216     float     sum      -1   5653.1   11.87   23.65      0   5620.8   11.94   23.79      0
   134217728      33554432     float     sum      -1    10238   13.11   26.12      0    10305   13.02   25.95      0
   268435456      67108864     float     sum      -1    15171   17.69   35.25      0    15038   17.85   35.56      0
   536870912     134217728     float     sum      -1    25042   21.44   42.71      0    24983   21.49   42.81      0
  1073741824     268435456     float     sum      -1    27250   39.40   78.50      0    27276   39.37   78.42      0
  2147483648     536870912     float     sum      -1    53642   40.03   79.75      0    53330   40.27   80.22      0
  4294967296    1073741824     float     sum      -1   109264   39.31   78.31      0   109227   39.32   78.34      0
           8             2     float     sum      -1    62.19    0.00    0.00      0    60.23    0.00    0.00      0
          16             4     float     sum      -1    59.86    0.00    0.00      0    59.86    0.00    0.00      0
          32             8     float     sum      -1    71.86    0.00    0.00      0    60.52    0.00    0.00      0
          64            16     float     sum      -1    67.43    0.00    0.00      0    67.93    0.00    0.00      0
         128            32     float     sum      -1    69.98    0.00    0.00      0    68.48    0.00    0.00      0
         256            64     float     sum      -1    72.67    0.00    0.01      0    68.53    0.00    0.01      0
         512           128     float     sum      -1    72.18    0.01    0.01      0    71.96    0.01    0.01      0
        1024           256     float     sum      -1    75.31    0.01    0.03      0    73.58    0.01    0.03      0
        2048           512     float     sum      -1    79.07    0.03    0.05      0    76.82    0.03    0.05      0
        4096          1024     float     sum      -1    168.9    0.02    0.05      0    167.3    0.02    0.05      0
        8192          2048     float     sum      -1    170.9    0.05    0.10      0    167.9    0.05    0.10      0
       16384          4096     float     sum      -1    172.6    0.09    0.19      0    170.0    0.10    0.19      0
       32768          8192     float     sum      -1    182.9    0.18    0.36      0    180.9    0.18    0.36      0
       65536         16384     float     sum      -1    193.0    0.34    0.68      0    191.4    0.34    0.68      0
      131072         32768     float     sum      -1    222.4    0.59    1.17      0    218.0    0.60    1.20      0
      262144         65536     float     sum      -1    279.7    0.94    1.87      0    339.7    0.77    1.54      0
      524288        131072     float     sum      -1    391.5    1.34    2.67      0    388.9    1.35    2.69      0
     1048576        262144     float     sum      -1    461.0    2.27    4.53      0    457.8    2.29    4.56      0
     2097152        524288     float     sum      -1    598.9    3.50    6.98      0    598.8    3.50    6.98      0
     4194304       1048576     float     sum      -1    946.6    4.43    8.83      0    948.3    4.42    8.81      0
     8388608       2097152     float     sum      -1   1616.6    5.19   10.34      0   1616.8    5.19   10.34      0
    16777216       4194304     float     sum      -1   2611.9    6.42   12.80      0   2598.8    6.46   12.86      0
    33554432       8388608     float     sum      -1   3304.0   10.16   20.23      0   3315.8   10.12   20.16      0
    67108864      16777216     float     sum      -1   5582.6   12.02   23.95      0   5581.5   12.02   23.95      0
   134217728      33554432     float     sum      -1    10100   13.29   26.47      0    10197   13.16   26.22      0
   268435456      67108864     float     sum      -1    15059   17.83   35.51      0    15171   17.69   35.25      0
   536870912     134217728     float     sum      -1    24962   21.51   42.85      0    24901   21.56   42.95      0
  1073741824     268435456     float     sum      -1    27332   39.29   78.26      0   282405    3.80    7.57      0
  2147483648     536870912     float     sum      -1   299014    7.18   14.31      0   292926    7.33   14.60      0
  4294967296    1073741824     float     sum      -1   393996   10.90   21.72      0   125737   34.16   68.05      0
           8             2     float     sum      -1    63.44    0.00    0.00      0    62.57    0.00    0.00      0
          16             4     float     sum      -1    59.98    0.00    0.00      0    59.78    0.00    0.00      0
          32             8     float     sum      -1    59.78    0.00    0.00      0    59.79    0.00    0.00      0
          64            16     float     sum      -1    67.60    0.00    0.00      0    69.32    0.00    0.00      0
         128            32     float     sum      -1    69.41    0.00    0.00      0    67.57    0.00    0.00      0
         256            64     float     sum      -1    71.00    0.00    0.01      0    68.22    0.00    0.01      0
         512           128     float     sum      -1    71.31    0.01    0.01      0    72.14    0.01    0.01      0
        1024           256     float     sum      -1    74.69    0.01    0.03      0    74.36    0.01    0.03      0
        2048           512     float     sum      -1    79.58    0.03    0.05      0    78.30    0.03    0.05      0
        4096          1024     float     sum      -1    169.7    0.02    0.05      0    167.3    0.02    0.05      0
        8192          2048     float     sum      -1    169.9    0.05    0.10      0    167.9    0.05    0.10      0
       16384          4096     float     sum      -1    172.4    0.10    0.19      0    169.6    0.10    0.19      0
       32768          8192     float     sum      -1    183.5    0.18    0.36      0    181.3    0.18    0.36      0
       65536         16384     float     sum      -1    200.1    0.33    0.65      0    190.8    0.34    0.68      0
      131072         32768     float     sum      -1    221.4    0.59    1.18      0    218.7    0.60    1.19      0
      262144         65536     float     sum      -1    278.9    0.94    1.87      0    276.4    0.95    1.89      0
      524288        131072     float     sum      -1    392.6    1.34    2.66      0    390.5    1.34    2.67      0
     1048576        262144     float     sum      -1    461.4    2.27    4.53      0    458.9    2.29    4.55      0
     2097152        524288     float     sum      -1    598.9    3.50    6.98      0    598.7    3.50    6.98      0
     4194304       1048576     float     sum      -1    943.4    4.45    8.86      0    946.0    4.43    8.83      0
     8388608       2097152     float     sum      -1   1621.9    5.17   10.30      0   1619.4    5.18   10.32      0
    16777216       4194304     float     sum      -1   2610.5    6.43   12.80      0   2606.5    6.44   12.82      0
    33554432       8388608     float     sum      -1   3344.0   10.03   19.99      0   3325.9   10.09   20.10      0
    67108864      16777216     float     sum      -1   5625.8   11.93   23.76      0   5600.9   11.98   23.87      0
   134217728      33554432     float     sum      -1    10217   13.14   26.17      0    10215   13.14   26.18      0
   268435456      67108864     float     sum      -1    15179   17.69   35.23      0    15005   17.89   35.64      0
   536870912     134217728     float     sum      -1    24930   21.54   42.90      0    24976   21.50   42.82      0
  1073741824     268435456     float     sum      -1    27270   39.37   78.44      0    27306   39.32   78.34      0
  2147483648     536870912     float     sum      -1    53277   40.31   80.30      0    53244   40.33   80.35      0
  4294967296    1073741824     float     sum      -1   111253   38.61   76.91      0   110627   38.82   77.34      0
