        size         count      type   redop    root     time   algbw   busbw #wrong     time   algbw   busbw #wrong
         (B)    (elements)                               (us)  (GB/s)  (GB/s)            (us)  (GB/s)  (GB/s)       
           8             2     float     sum      -1     8.63    0.00    0.00      0     8.06    0.00    0.00      0
          16             4     float     sum      -1     8.15    0.00    0.00      0     8.03    0.00    0.00      0
          32             8     float     sum      -1     8.57    0.00    0.01      0     8.54    0.00    0.01      0
          64            16     float     sum      -1     9.23    0.01    0.01      0     9.07    0.01    0.01      0
         128            32     float     sum      -1     9.42    0.01    0.02      0     9.19    0.01    0.02      0
         256            64     float     sum      -1     9.58    0.03    0.04      0     9.14    0.03    0.04      0
         512           128     float     sum      -1     9.65    0.05    0.08      0     9.23    0.06    0.08      0
        1024           256     float     sum      -1     9.67    0.11    0.16      0     9.19    0.11    0.17      0
        2048           512     float     sum      -1     9.74    0.21    0.32      0     9.25    0.22    0.33      0
        4096          1024     float     sum      -1     9.91    0.41    0.62      0     9.37    0.44    0.66      0
        8192          2048     float     sum      -1    10.13    0.81    1.21      0     9.80    0.84    1.25      0
       16384          4096     float     sum      -1    10.89    1.50    2.26      0    10.39    1.58    2.36      0
       32768          8192     float     sum      -1    11.07    2.96    4.44      0    10.68    3.07    4.60      0
       65536         16384     float     sum      -1    11.24    5.83    8.75      0    10.84    6.05    9.07      0
      131072         32768     float     sum      -1    11.62   11.28   16.92      0    11.22   11.68   17.52      0
      262144         65536     float     sum      -1    12.45   21.06   31.59      0    11.46   22.87   34.31      0
      524288        131072     float     sum      -1    14.91   35.16   52.74      0    13.90   37.71   56.56      0
     1048576        262144     float     sum      -1    18.81   55.73   83.60      0    18.75   55.91   83.87      0
     2097152        524288     float     sum      -1    29.82   70.34  105.51      0    29.80   70.38  105.57      0
     4194304       1048576     float     sum      -1    42.53   98.62  147.92      0    42.10   99.64  149.45      0
     8388608       2097152     float     sum      -1    61.48  136.44  204.66      0    60.80  137.97  206.95      0
    16777216       4194304     float     sum      -1    103.0  162.83  244.25      0    100.3  167.35  251.03      0
    33554432       8388608     float     sum      -1    179.0  187.48  281.22      0    178.3  188.23  282.34      0
    67108864      16777216     float     sum      -1    334.9  200.40  300.60      0    332.5  201.80  302.71      0
   134217728      33554432     float     sum      -1    634.8  211.42  317.13      0    633.9  211.72  317.58      0
   268435456      67108864     float     sum      -1   1227.7  218.66  327.98      0   1222.5  219.58  329.38      0
   536870912     134217728     float     sum      -1   2403.4  223.38  335.07      0   2406.6  223.09  334.63      0
  1073741824     268435456     float     sum      -1   4749.6  226.07  339.11      0   4742.7  226.40  339.60      0
  2147483648     536870912     float     sum      -1   9477.9  226.58  339.87      0   9479.2  226.55  339.82      0
  4294967296    1073741824     float     sum      -1    18955  226.58  339.88      0    18953  226.61  339.92      0
           8             2     float     sum      -1     8.14    0.00    0.00      0     8.11    0.00    0.00      0
          16             4     float     sum      -1     8.16    0.00    0.00      0     8.05    0.00    0.00      0
          32             8     float     sum      -1     8.59    0.00    0.01      0     8.53    0.00    0.01      0
          64            16     float     sum      -1     9.24    0.01    0.01      0     9.09    0.01    0.01      0
         128            32     float     sum      -1     9.30    0.01    0.02      0     9.15    0.01    0.02      0
         256            64     float     sum      -1     9.61    0.03    0.04      0     9.13    0.03    0.04      0
         512           128     float     sum      -1     9.63    0.05    0.08      0     9.22    0.06    0.08      0
        1024           256     float     sum      -1     9.71    0.11    0.16      0     9.19    0.11    0.17      0
        2048           512     float     sum      -1     9.70    0.21    0.32      0     9.36    0.22    0.33      0
        4096          1024     float     sum      -1     9.86    0.42    0.62      0     9.42    0.43    0.65      0
        8192          2048     float     sum      -1    10.06    0.81    1.22      0     9.75    0.84    1.26      0
       16384          4096     float     sum      -1    10.92    1.50    2.25      0    10.45    1.57    2.35      0
       32768          8192     float     sum      -1    11.07    2.96    4.44      0    10.80    3.03    4.55      0
       65536         16384     float     sum      -1    11.29    5.80    8.71      0    10.90    6.01    9.02      0
      131072         32768     float     sum      -1    11.68   11.22   16.83      0    11.21   11.69   17.53      0
      262144         65536     float     sum      -1    11.89   22.05   33.08      0    11.40   23.00   34.50      0
      524288        131072     float     sum      -1    15.04   34.87   52.30      0    13.91   37.69   56.54      0
     1048576        262144     float     sum      -1    18.87   55.56   83.34      0    18.85   55.63   83.45      0
     2097152        524288     float     sum      -1    29.93   70.07  105.10      0    29.90   70.13  105.19      0
     4194304       1048576     float     sum      -1    42.88   97.82  146.74      0    42.69   98.25  147.38      0
     8388608       2097152     float     sum      -1    61.65  136.08  204.12      0    61.04  137.42  206.14      0
    16777216       4194304     float     sum      -1    102.5  163.63  245.44      0    100.3  167.29  250.93      0
    33554432       8388608     float     sum      -1    178.4  188.10  282.15      0    177.3  189.29  283.93      0
    67108864      16777216     float     sum      -1    337.0  199.11  298.66      0    333.2  201.42  302.12      0
   134217728      33554432     float     sum      -1    636.1  211.02  316.53      0    632.4  212.22  318.33      0
   268435456      67108864     float     sum      -1   1228.8  218.45  327.68      0   1224.7  219.18  328.77      0
   536870912     134217728     float     sum      -1   2412.0  222.58  333.87      0   2404.0  223.32  334.99      0
  1073741824     268435456     float     sum      -1   4750.2  226.04  339.06      0   4754.0  225.86  338.79      0
  2147483648     536870912     float     sum      -1   9466.7  226.85  340.27      0   9472.6  226.70  340.06      0
  4294967296    1073741824     float     sum      -1    18945  226.70  340.05      0    18961  226.52  339.78      0
           8             2     float     sum      -1     8.15    0.00    0.00      0     8.02    0.00    0.00      0
          16             4     float     sum      -1     8.12    0.00    0.00      0     8.09    0.00    0.00      0
          32             8     float     sum      -1     8.60    0.00    0.01      0     8.59    0.00    0.01      0
          64            16     float     sum      -1     9.24    0.01    0.01      0     9.10    0.01    0.01      0
         128            32     float     sum      -1     9.25    0.01    0.02      0     9.16    0.01    0.02      0
         256            64     float     sum      -1     9.59    0.03    0.04      0     9.17    0.03    0.04      0
         512           128     float     sum      -1     9.68    0.05    0.08      0     9.21    0.06    0.08      0
        1024           256     float     sum      -1     9.70    0.11    0.16      0     9.17    0.11    0.17      0
        2048           512     float     sum      -1     9.77    0.21    0.31      0     9.34    0.22    0.33      0
        4096          1024     float     sum      -1     9.91    0.41    0.62      0     9.44    0.43    0.65      0
        8192          2048     float     sum      -1    10.13    0.81    1.21      0     9.81    0.84    1.25      0
       16384          4096     float     sum      -1    10.95    1.50    2.24      0    10.47    1.56    2.35      0
       32768          8192     float     sum      -1    11.12    2.95    4.42      0    10.83    3.03    4.54      0
       65536         16384     float     sum      -1    11.33    5.78    8.68      0    10.87    6.03    9.04      0
      131072         32768     float     sum      -1    11.70   11.20   16.80      0    11.29   11.61   17.42      0
      262144         65536     float     sum      -1    11.96   21.92   32.87      0    11.37   23.06   34.59      0
      524288        131072     float     sum      -1    14.97   35.03   52.54      0    13.97   37.53   56.29      0
     1048576        262144     float     sum      -1    18.83   55.69   83.53      0    18.85   55.62   83.43      0
     2097152        524288     float     sum      -1    29.91   70.12  105.19      0    29.85   70.27  105.40      0
     4194304       1048576     float     sum      -1    42.78   98.05  147.08      0    42.27   99.23  148.85      0
     8388608       2097152     float     sum      -1    61.62  136.13  204.20      0    60.99  137.53  206.30      0
    16777216       4194304     float     sum      -1    102.8  163.15  244.72      0    100.1  167.63  251.44      0
    33554432       8388608     float     sum      -1    177.7  188.85  283.27      0    178.4  188.05  282.08      0
    67108864      16777216     float     sum      -1    334.7  200.48  300.72      0    335.6  199.99  299.99      0
   134217728      33554432     float     sum      -1    630.9  212.74  319.11      0    632.2  212.32  318.47      0
   268435456      67108864     float     sum      -1   1224.9  219.14  328.71      0   1225.0  219.13  328.69      0
   536870912     134217728     float     sum      -1   2402.1  223.50  335.24      0   2404.7  223.26  334.88      0
  1073741824     268435456     float     sum      -1   4754.3  225.85  338.77      0   4753.0  225.91  338.86      0
  2147483648     536870912     float     sum      -1   9456.9  227.08  340.62      0   9473.2  226.69  340.03      0
  4294967296    1073741824     float     sum      -1    18959  226.54  339.81      0    18953  226.61  339.92      0
           8             2     float     sum      -1     8.12    0.00    0.00      0     8.07    0.00    0.00      0
          16             4     float     sum      -1     8.09    0.00    0.00      0     8.12    0.00    0.00      0
          32             8     float     sum      -1     8.55    0.00    0.01      0     8.70    0.00    0.01      0
          64            16     float     sum      -1     9.21    0.01    0.01      0     9.14    0.01    0.01      0
         128            32     float     sum      -1     9.25    0.01    0.02      0     9.13    0.01    0.02      0
         256            64     float     sum      -1     9.67    0.03    0.04      0     9.26    0.03    0.04      0
         512           128     float     sum      -1     9.70    0.05    0.08      0     9.23    0.06    0.08      0
        1024           256     float     sum      -1     9.75    0.11    0.16      0     9.30    0.11    0.17      0
        2048           512     float     sum      -1     9.71    0.21    0.32      0     9.34    0.22    0.33      0
        4096          1024     float     sum      -1     9.91    0.41    0.62      0     9.48    0.43    0.65      0
        8192          2048     float     sum      -1    10.09    0.81    1.22      0     9.82    0.83    1.25      0
       16384          4096     float     sum      -1    10.98    1.49    2.24      0    10.45    1.57    2.35      0
       32768          8192     float     sum      -1    11.08    2.96    4.44      0    10.76    3.05    4.57      0
       65536         16384     float     sum      -1    11.27    5.81    8.72      0    10.85    6.04    9.06      0
      131072         32768     float     sum      -1    11.63   11.27   16.91      0    11.30   11.60   17.40      0
      262144         65536     float     sum      -1    11.91   22.00   33.00      0    11.41   22.96   34.45      0
      524288        131072     float     sum      -1    15.07   34.79   52.18      0    13.91   37.69   56.54      0
     1048576        262144     float     sum      -1    18.96   55.32   82.98      0    18.86   55.61   83.41      0
     2097152        524288     float     sum      -1    29.95   70.03  105.04      0    29.89   70.16  105.23      0
     4194304       1048576     float     sum      -1    42.74   98.13  147.20      0    42.35   99.04  148.56      0
     8388608       2097152     float     sum      -1    61.64  136.08  204.12      0    61.05  137.41  206.12      0
    16777216       4194304     float     sum      -1    102.3  164.03  246.05      0    100.4  167.10  250.65      0
    33554432       8388608     float     sum      -1    180.5  185.92  278.88      0    178.3  188.17  282.25      0
    67108864      16777216     float     sum      -1    335.9  199.79  299.68      0    334.0  200.92  301.38      0
   134217728      33554432     float     sum      -1    636.4  210.90  316.35      0    636.1  211.00  316.51      0
   268435456      67108864     float     sum      -1   1228.1  218.59  327.88      0   1231.0  218.06  327.09      0
   536870912     134217728     float     sum      -1   2411.5  222.63  333.94      0   2403.7  223.35  335.03      0
  1073741824     268435456     float     sum      -1   4754.2  225.85  338.78      0   4759.0  225.62  338.43      0
  2147483648     536870912     float     sum      -1   9483.4  226.45  339.67      0   9473.8  226.68  340.01      0
  4294967296    1073741824     float     sum      -1    18941  226.76  340.13      0    18954  226.59  339.89      0
           8             2     float     sum      -1     8.13    0.00    0.00      0     8.08    0.00    0.00      0
          16             4     float     sum      -1     8.05    0.00    0.00      0     8.10    0.00    0.00      0
          32             8     float     sum      -1     8.61    0.00    0.01      0     8.62    0.00    0.01      0
          64            16     float     sum      -1     9.25    0.01    0.01      0     9.15    0.01    0.01      0
         128            32     float     sum      -1     9.37    0.01    0.02      0     9.10    0.01    0.02      0
         256            64     float     sum      -1     9.61    0.03    0.04      0     9.17    0.03    0.04      0
         512           128     float     sum      -1     9.66    0.05    0.08      0     9.34    0.05    0.08      0
        1024           256     float     sum      -1     9.69    0.11    0.16      0     9.21    0.11    0.17      0
        2048           512     float     sum      -1     9.76    0.21    0.31      0     9.36    0.22    0.33      0
        4096          1024     float     sum      -1     9.88    0.41    0.62      0     9.49    0.43    0.65      0
        8192          2048     float     sum      -1    10.08    0.81    1.22      0     9.83    0.83    1.25      0
       16384          4096     float     sum      -1    10.95    1.50    2.24      0    10.45    1.57    2.35      0
       32768          8192     float     sum      -1    11.13    2.94    4.42      0    10.83    3.03    4.54      0
       65536         16384     float     sum      -1    11.54    5.68    8.52      0    10.86    6.04    9.05      0
      131072         32768     float     sum      -1    11.63   11.27   16.90      0    11.25   11.65   17.48      0
      262144         65536     float     sum      -1    11.91   22.01   33.01      0    11.42   22.96   34.44      0
      524288        131072     float     sum      -1    14.97   35.03   52.55      0    13.93   37.64   56.47      0
     1048576        262144     float     sum      -1    18.88   55.53   83.29      0    18.72   56.01   84.01      0
     2097152        524288     float     sum      -1    29.91   70.11  105.17      0    29.81   70.35  105.52      0
     4194304       1048576     float     sum      -1    42.99   97.56  146.33      0    42.21   99.36  149.04      0
     8388608       2097152     float     sum      -1    61.57  136.24  204.37      0    61.20  137.08  205.62      0
    16777216       4194304     float     sum      -1    102.7  163.32  244.99      0    100.3  167.22  250.84      0
    33554432       8388608     float     sum      -1    179.3  187.18  280.78      0    177.5  189.00  283.49      0
    67108864      16777216     float     sum      -1    335.1  200.26  300.40      0    332.0  202.15  303.22      0
   134217728      33554432     float     sum      -1    634.8  211.43  317.14      0    633.1  212.01  318.01      0
   268435456      67108864     float     sum      -1   1225.6  219.02  328.53      0   1228.2  218.56  327.85      0
   536870912     134217728     float     sum      -1   2412.6  222.52  333.79      0   2406.6  223.08  334.62      0
  1073741824     268435456     float     sum      -1   4750.9  226.01  339.01      0   4752.9  225.91  338.87      0
  2147483648     536870912     float     sum      -1   9482.1  226.48  339.72      0   9494.1  226.19  339.29      0
  4294967296    1073741824     float     sum      -1    18972  226.39  339.58      0    18932  226.86  340.29      0
           8             2     float     sum      -1     8.15    0.00    0.00      0     8.03    0.00    0.00      0
          16             4     float     sum      -1     8.04    0.00    0.00      0     8.08    0.00    0.00      0
          32             8     float     sum      -1     8.62    0.00    0.01      0     8.56    0.00    0.01      0
          64            16     float     sum      -1     9.23    0.01    0.01      0     9.19    0.01    0.01      0
         128            32     float     sum      -1     9.28    0.01    0.02      0     9.11    0.01    0.02      0
         256            64     float     sum      -1     9.60    0.03    0.04      0     9.10    0.03    0.04      0
         512           128     float     sum      -1     9.68    0.05    0.08      0     9.28    0.06    0.08      0
        1024           256     float     sum      -1     9.82    0.10    0.16      0     9.23    0.11    0.17      0
        2048           512     float     sum      -1     9.77    0.21    0.31      0     9.34    0.22    0.33      0
        4096          1024     float     sum      -1     9.94    0.41    0.62      0     9.38    0.44    0.65      0
        8192          2048     float     sum      -1    10.09    0.81    1.22      0     9.66    0.85    1.27      0
       16384          4096     float     sum      -1    10.86    1.51    2.26      0    10.43    1.57    2.36      0
       32768          8192     float     sum      -1    11.09    2.96    4.43      0    10.81    3.03    4.55      0
       65536         16384     float     sum      -1    11.29    5.80    8.71      0    10.86    6.03    9.05      0
      131072         32768     float     sum      -1    11.99   10.93   16.39      0    11.63   11.27   16.90      0
      262144         65536     float     sum      -1    11.87   22.08   33.12      0    11.50   22.79   34.19      0
      524288        131072     float     sum      -1    14.91   35.16   52.74      0    13.91   37.70   56.55      0
     1048576        262144     float     sum      -1    18.81   55.75   83.62      0    18.82   55.72   83.58      0
     2097152        524288     float     sum      -1    29.93   70.06  105.09      0    29.88   70.20  105.29      0
     4194304       1048576     float     sum      -1    42.92   97.73  146.60      0    42.23   99.32  148.98      0
     8388608       2097152     float     sum      -1    61.74  135.87  203.80      0    60.90  137.74  206.62      0
    16777216       4194304     float     sum      -1    102.6  163.53  245.30      0    100.4  167.13  250.69      0
    33554432       8388608     float     sum      -1    179.8  186.67  280.00      0    178.1  188.38  282.58      0
    67108864      16777216     float     sum      -1    334.7  200.48  300.72      0    337.0  199.17  298.75      0
   134217728      33554432     float     sum      -1    635.0  211.38  317.07      0    633.1  212.00  318.00      0
   268435456      67108864     float     sum      -1   1228.2  218.56  327.84      0   1227.7  218.65  327.97      0
   536870912     134217728     float     sum      -1   2411.3  222.65  333.98      0   2405.8  223.16  334.74      0
  1073741824     268435456     float     sum      -1   4761.6  225.50  338.25      0   4757.9  225.68  338.52      0
  2147483648     536870912     float     sum      -1   9476.6  226.61  339.92      0   9477.3  226.59  339.89      0
  4294967296    1073741824     float     sum      -1    18942  226.74  340.11      0    18939  226.78  340.16      0
           8             2     float     sum      -1     8.11    0.00    0.00      0     8.05    0.00    0.00      0
          16             4     float     sum      -1     8.06    0.00    0.00      0     8.05    0.00    0.00      0
          32             8     float     sum      -1     8.62    0.00    0.01      0     8.55    0.00    0.01      0
          64            16     float     sum      -1     9.38    0.01    0.01      0     9.36    0.01    0.01      0
         128            32     float     sum      -1     9.28    0.01    0.02      0     9.16    0.01    0.02      0
         256            64     float     sum      -1     9.62    0.03    0.04      0     9.13    0.03    0.04      0
         512           128     float     sum      -1     9.65    0.05    0.08      0     9.17    0.06    0.08      0
        1024           256     float     sum      -1     9.70    0.11    0.16      0     9.28    0.11    0.17      0
        2048           512     float     sum      -1     9.82    0.21    0.31      0     9.50    0.22    0.32      0
        4096          1024     float     sum      -1     9.90    0.41    0.62      0     9.48    0.43    0.65      0
        8192          2048     float     sum      -1    10.14    0.81    1.21      0     9.78    0.84    1.26      0
       16384          4096     float     sum      -1    10.94    1.50    2.25      0    10.44    1.57    2.35      0
       32768          8192     float     sum      -1    11.15    2.94    4.41      0    10.77    3.04    4.57      0
       65536         16384     float     sum      -1    11.28    5.81    8.72      0    10.82    6.06    9.09      0
      131072         32768     float     sum      -1    11.74   11.17   16.75      0    11.27   11.63   17.45      0
      262144         65536     float     sum      -1    11.87   22.09   33.13      0    11.42   22.95   34.43      0
      524288        131072     float     sum      -1    14.96   35.04   52.56      0    13.91   37.70   56.55      0
     1048576        262144     float     sum      -1    18.88   55.53   83.30      0    18.78   55.85   83.77      0
     2097152        524288     float     sum      -1    29.92   70.08  105.12      0    29.89   70.17  105.26      0
     4194304       1048576     float     sum      -1    42.73   98.15  147.23      0    42.31   99.13  148.70      0
     8388608       2097152     float     sum      -1    61.98  135.35  203.02      0    60.99  137.55  206.32      0
    16777216       4194304     float     sum      -1    102.5  163.76  245.64      0    100.5  166.88  250.32      0
    33554432       8388608     float     sum      -1    178.7  187.75  281.62      0    177.3  189.23  283.84      0
    67108864      16777216     float     sum      -1    335.7  199.88  299.83      0    334.8  200.42  300.63      0
   134217728      33554432     float     sum      -1    632.4  212.23  318.34      0    633.3  211.94  317.90      0
   268435456      67108864     float     sum      -1   1228.7  218.47  327.70      0   1228.2  218.57  327.85      0
   536870912     134217728     float     sum      -1   2410.3  222.74  334.12      0   2405.9  223.15  334.72      0
  1073741824     268435456     float     sum      -1   4758.4  225.65  338.48      0   4757.4  225.70  338.55      0
  2147483648     536870912     float     sum      -1   9491.9  226.24  339.37      0   9466.3  226.86  340.28      0
  4294967296    1073741824     float     sum      -1    18933  226.85  340.28      0    18941  226.75  340.12      0
           8             2     float     sum      -1     8.21    0.00    0.00      0     8.16    0.00    0.00      0
          16             4     float     sum      -1     8.11    0.00    0.00      0     8.13    0.00    0.00      0
          32             8     float     sum      -1     8.59    0.00    0.01      0     8.50    0.00    0.01      0
          64            16     float     sum      -1     9.24    0.01    0.01      0     9.11    0.01    0.01      0
         128            32     float     sum      -1     9.24    0.01    0.02      0     9.14    0.01    0.02      0
         256            64     float     sum      -1     9.58    0.03    0.04      0     9.22    0.03    0.04      0
         512           128     float     sum      -1     9.79    0.05    0.08      0     9.24    0.06    0.08      0
        1024           256     float     sum      -1     9.66    0.11    0.16      0     9.21    0.11    0.17      0
        2048           512     float     sum      -1     9.75    0.21    0.32      0     9.36    0.22    0.33      0
        4096          1024     float     sum      -1     9.88    0.41    0.62      0     9.45    0.43    0.65      0
        8192          2048     float     sum      -1    10.42    0.79    1.18      0     9.93    0.83    1.24      0
       16384          4096     float     sum      -1    10.96    1.49    2.24      0    10.42    1.57    2.36      0
       32768          8192     float     sum      -1    11.07    2.96    4.44      0    10.72    3.06    4.58      0
       65536         16384     float     sum      -1    11.34    5.78    8.67      0    10.89    6.02    9.03      0
      131072         32768     float     sum      -1    11.70   11.20   16.81      0    11.20   11.70   17.56      0
      262144         65536     float     sum      -1    11.80   22.21   33.32      0    11.40   23.00   34.50      0
      524288        131072     float     sum      -1    15.04   34.85   52.28      0    13.92   37.67   56.50      0
     1048576        262144     float     sum      -1    18.83   55.67   83.51      0    18.82   55.73   83.59      0
     2097152        524288     float     sum      -1    29.94   70.05  105.07      0    29.89   70.17  105.26      0
     4194304       1048576     float     sum      -1    42.80   98.01  147.01      0    42.31   99.12  148.69      0
     8388608       2097152     float     sum      -1    62.04  135.21  202.81      0    60.73  138.14  207.21      0
    16777216       4194304     float     sum      -1    102.3  163.92  245.89      0    100.2  167.51  251.26      0
    33554432       8388608     float     sum      -1    178.4  188.05  282.07      0    178.2  188.26  282.40      0
    67108864      16777216     float     sum      -1    334.2  200.78  301.18      0    332.2  202.03  303.04      0
   134217728      33554432     float     sum      -1    634.8  211.43  317.15      0    633.4  211.89  317.83      0
   268435456      67108864     float     sum      -1   1228.7  218.46  327.69      0   1229.5  218.34  327.51      0
   536870912     134217728     float     sum      -1   2407.7  222.98  334.47      0   2405.9  223.15  334.73      0
  1073741824     268435456     float     sum      -1   4760.7  225.54  338.31      0   4758.7  225.64  338.46      0
  2147483648     536870912     float     sum      -1   9471.8  226.72  340.09      0   9464.2  226.91  340.36      0
  4294967296    1073741824     float     sum      -1    18963  226.49  339.74      0    18954  226.60  339.90      0
           8             2     float     sum      -1     8.15    0.00    0.00      0     8.07    0.00    0.00      0
          16             4     float     sum      -1     8.12    0.00    0.00      0     8.09    0.00    0.00      0
          32             8     float     sum      -1     8.56    0.00    0.01      0     8.57    0.00    0.01      0
          64            16     float     sum      -1     9.22    0.01    0.01      0     9.07    0.01    0.01      0
         128            32     float     sum      -1     9.24    0.01    0.02      0     9.16    0.01    0.02      0
         256            64     float     sum      -1     9.63    0.03    0.04      0     9.20    0.03    0.04      0
         512           128     float     sum      -1     9.67    0.05    0.08      0     9.24    0.06    0.08      0
        1024           256     float     sum      -1     9.68    0.11    0.16      0     9.29    0.11    0.17      0
        2048           512     float     sum      -1     9.74    0.21    0.32      0     9.34    0.22    0.33      0
        4096          1024     float     sum      -1     9.86    0.42    0.62      0     9.45    0.43    0.65      0
        8192          2048     float     sum      -1    10.22    0.80    1.20      0     9.78    0.84    1.26      0
       16384          4096     float     sum      -1    10.89    1.50    2.26      0    10.50    1.56    2.34      0
       32768          8192     float     sum      -1    11.09    2.95    4.43      0    11.23    2.92    4.38      0
       65536         16384     float     sum      -1    11.31    5.79    8.69      0    10.89    6.02    9.02      0
      131072         32768     float     sum      -1    11.67   11.23   16.84      0    11.24   11.66   17.50      0
      262144         65536     float     sum      -1    11.92   21.99   32.99      0    11.37   23.06   34.59      0
      524288        131072     float     sum      -1    14.95   35.07   52.60      0    13.94   37.62   56.42      0
     1048576        262144     float     sum      -1    18.82   55.72   83.58      0    18.77   55.87   83.81      0
     2097152        524288     float     sum      -1    29.94   70.05  105.08      0    29.89   70.16  105.24      0
     4194304       1048576     float     sum      -1    42.83   97.94  146.91      0    42.26   99.25  148.87      0
     8388608       2097152     float     sum      -1    61.71  135.94  203.92      0    60.89  137.76  206.64      0
    16777216       4194304     float     sum      -1    103.4  162.33  243.49      0    100.5  166.96  250.44      0
    33554432       8388608     float     sum      -1    178.9  187.52  281.29      0    178.4  188.11  282.17      0
    67108864      16777216     float     sum      -1    334.9  200.39  300.59      0    332.1  202.08  303.12      0
   134217728      33554432     float     sum      -1    635.6  211.17  316.75      0    631.8  212.43  318.64      0
   268435456      67108864     float     sum      -1   1226.6  218.84  328.26      0   1224.5  219.23  328.84      0
   536870912     134217728     float     sum      -1   2407.2  223.02  334.54      0   2406.9  223.05  334.58      0
  1073741824     268435456     float     sum      -1   4759.8  225.58  338.38      0   4753.7  225.87  338.81      0
  2147483648     536870912     float     sum      -1   9477.1  226.60  339.90      0   9472.0  226.72  340.08      0
  4294967296    1073741824     float     sum      -1    18941  226.75  340.12      0    18959  226.54  339.81      0
           8             2     float     sum      -1     8.13    0.00    0.00      0     8.12    0.00    0.00      0
          16             4     float     sum      -1     8.18    0.00    0.00      0     8.02    0.00    0.00      0
          32             8     float     sum      -1     8.62    0.00    0.01      0     8.50    0.00    0.01      0
          64            16     float     sum      -1     9.26    0.01    0.01      0     9.09    0.01    0.01      0
         128            32     float     sum      -1     9.31    0.01    0.02      0     9.18    0.01    0.02      0
         256            64     float     sum      -1     9.66    0.03    0.04      0     9.15    0.03    0.04      0
         512           128     float     sum      -1     9.82    0.05    0.08      0     9.38    0.05    0.08      0
        1024           256     float     sum      -1     9.69    0.11    0.16      0     9.25    0.11    0.17      0
        2048           512     float     sum      -1     9.80    0.21    0.31      0     9.34    0.22    0.33      0
        4096          1024     float     sum      -1     9.95    0.41    0.62      0     9.46    0.43    0.65      0
        8192          2048     float     sum      -1    10.12    0.81    1.21      0     9.76    0.84    1.26      0
       16384          4096     float     sum      -1    10.84    1.51    2.27      0    10.49    1.56    2.34      0
       32768          8192     float     sum      -1    11.04    2.97    4.45      0    10.70    3.06    4.59      0
       65536         16384     float     sum      -1    11.30    5.80    8.70      0    10.88    6.02    9.03      0
      131072         32768     float     sum      -1    11.66   11.24   16.87      0    11.23   11.68   17.51      0
      262144         65536     float     sum      -1    11.93   21.98   32.96      0    11.45   22.90   34.35      0
      524288        131072     float     sum      -1    15.00   34.94   52.42      0    13.96   37.55   56.32      0
     1048576        262144     float     sum      -1    18.78   55.85   83.77      0    18.81   55.76   83.64      0
     2097152        524288     float     sum      -1    29.91   70.11  105.16      0    29.92   70.08  105.12      0
     4194304       1048576     float     sum      -1    42.71   98.20  147.30      0    42.27   99.22  148.83      0
     8388608       2097152     float     sum      -1    62.02  135.26  202.89      0    61.01  137.50  206.26      0
    16777216       4194304     float     sum      -1    102.4  163.82  245.72      0    100.3  167.20  250.80      0
    33554432       8388608     float     sum      -1    178.1  188.41  282.62      0    178.6  187.93  281.89      0
    67108864      16777216     float     sum      -1    334.7  200.47  300.71      0    335.5  200.03  300.05      0
   134217728      33554432     float     sum      -1    632.2  212.31  318.47      0    635.5  211.21  316.81      0
   268435456      67108864     float     sum      -1   1227.9  218.61  327.91      0   1224.3  219.26  328.89      0
   536870912     134217728     float     sum      -1   2405.1  223.22  334.83      0   2400.3  223.67  335.51      0
  1073741824     268435456     float     sum      -1   4755.2  225.80  338.71      0   4757.5  225.70  338.54      0
  2147483648     536870912     float     sum      -1   9484.5  226.42  339.63      0   9477.1  226.60  339.89      0
  4294967296    1073741824     float     sum      -1    18948  226.67  340.00      0    18945  226.71  340.07      0
