        size         count      type   redop    root     time   algbw   busbw #wrong     time   algbw   busbw #wrong
         (B)    (elements)                               (us)  (GB/s)  (GB/s)            (us)  (GB/s)  (GB/s)       
           8             2     float     sum      -1    322.7    0.00    0.00      0    139.1    0.00    0.00      0
          16             4     float     sum      -1    260.6    0.00    0.00      0    95.78    0.00    0.00      0
          32             8     float     sum      -1    113.8    0.00    0.00      0    83.01    0.00    0.00      0
          64            16     float     sum      -1    95.36    0.00    0.00      0    91.44    0.00    0.00      0
         128            32     float     sum      -1    110.9    0.00    0.00      0    111.4    0.00    0.00      0
         256            64     float     sum      -1    107.4    0.00    0.00      0    101.5    0.00    0.01      0
         512           128     float     sum      -1    108.9    0.00    0.01      0    97.51    0.01    0.01      0
        1024           256     float     sum      -1    102.5    0.01    0.02      0    101.8    0.01    0.02      0
        2048           512     float     sum      -1    128.7    0.02    0.03      0    103.6    0.02    0.04      0
        4096          1024     float     sum      -1    239.5    0.02    0.03      0    237.1    0.02    0.03      0
        8192          2048     float     sum      -1    243.3    0.03    0.07      0    239.9    0.03    0.07      0
       16384          4096     float     sum      -1   1363.7    0.01    0.02      0    250.1    0.07    0.13      0
       32768          8192     float     sum      -1    256.3    0.13    0.26      0    257.4    0.13    0.25      0
       65536         16384     float     sum      -1    279.2    0.23    0.47      0    267.7    0.24    0.49      0
      131072         32768     float     sum      -1    371.9    0.35    0.70      0    296.6    0.44    0.88      0
      262144         65536     float     sum      -1    465.0    0.56    1.13      0    373.4    0.70    1.40      0
      524288        131072     float     sum      -1    538.0    0.97    1.95      0    483.6    1.08    2.17      0
     1048576        262144     float     sum      -1    687.1    1.53    3.05      0    660.8    1.59    3.17      0
     2097152        524288     float     sum      -1    968.9    2.16    4.32      0    866.4    2.42    4.84      0
     4194304       1048576     float     sum      -1   1344.9    3.12    6.23      0   1351.0    3.10    6.20      0
     8388608       2097152     float     sum      -1   2262.3    3.71    7.41      0   2292.7    3.66    7.31      0
    16777216       4194304     float     sum      -1   3374.2    4.97    9.93      0   3384.1    4.96    9.91      0
    33554432       8388608     float     sum      -1   4190.8    8.01   16.00      0   4194.6    8.00   15.98      0
    67108864      16777216     float     sum      -1   6791.1    9.88   19.74      0   6738.0    9.96   19.90      0
   134217728      33554432     float     sum      -1    12128   11.07   22.11      0    12106   11.09   22.15      0
   268435456      67108864     float     sum      -1    17539   15.31   30.58      0    17510   15.33   30.63      0
   536870912     134217728     float     sum      -1    26928   19.94   39.84      0    26985   19.90   39.75      0
  1073741824     268435456     float     sum      -1    42795   25.09   50.13      0    42710   25.14   50.23      0
  2147483648     536870912     float     sum      -1    90575   23.71   47.37      0    73697   29.14   58.22      0
  4294967296    1073741824     float     sum      -1   110118   39.00   77.93      0   109971   39.06   78.03      0
           8             2     float     sum      -1    86.21    0.00    0.00      0    83.17    0.00    0.00      0
          16             4     float     sum      -1    80.97    0.00    0.00      0    81.31    0.00    0.00      0
          32             8     float     sum      -1    82.62    0.00    0.00      0    83.31    0.00    0.00      0
          64            16     float     sum      -1    91.77    0.00    0.00      0    91.41    0.00    0.00      0
         128            32     float     sum      -1    95.79    0.00    0.00      0    93.91    0.00    0.00      0
         256            64     float     sum      -1    103.9    0.00    0.00      0    101.5    0.00    0.01      0
         512           128     float     sum      -1    103.7    0.00    0.01      0    96.70    0.01    0.01      0
        1024           256     float     sum      -1    104.8    0.01    0.02      0    99.32    0.01    0.02      0
        2048           512     float     sum      -1    106.6    0.02    0.04      0    103.4    0.02    0.04      0
        4096          1024     float     sum      -1    238.4    0.02    0.03      0    237.1    0.02    0.03      0
        8192          2048     float     sum      -1    244.8    0.03    0.07      0    239.1    0.03    0.07      0
       16384          4096     float     sum      -1    242.3    0.07    0.14      0    238.9    0.07    0.14      0
       32768          8192     float     sum      -1    254.8    0.13    0.26      0    256.8    0.13    0.25      0
       65536         16384     float     sum      -1    266.8    0.25    0.49      0    271.1    0.24    0.48      0
      131072         32768     float     sum      -1    303.7    0.43    0.86      0    298.0    0.44    0.88      0
      262144         65536     float     sum      -1    382.4    0.69    1.37      0    373.2    0.70    1.40      0
      524288        131072     float     sum      -1    608.1    0.86    1.72      0    480.7    1.09    2.18      0
     1048576        262144     float     sum      -1    611.2    1.72    3.43      0    619.9    1.69    3.38      0
     2097152        524288     float     sum      -1    787.5    2.66    5.32      0    791.7    2.65    5.29      0
     4194304       1048576     float     sum      -1   1242.2    3.38    6.75      0   1244.1    3.37    6.74      0
     8388608       2097152     float     sum      -1   2125.8    3.95    7.88      0   2118.0    3.96    7.91      0
    16777216       4194304     float     sum      -1   3370.0    4.98    9.95      0   3374.3    4.97    9.93      0
    33554432       8388608     float     sum      -1   4178.0    8.03   16.05      0   4236.4    7.92   15.83      0
    67108864      16777216     float     sum      -1   6757.3    9.93   19.84      0   6850.7    9.80   19.57      0
   134217728      33554432     float     sum      -1    12133   11.06   22.10      0    12202   11.00   21.98      0
   268435456      67108864     float     sum      -1    17599   15.25   30.48      0    17633   15.22   30.42      0
   536870912     134217728     float     sum      -1    26915   19.95   39.86      0    26963   19.91   39.78      0
  1073741824     268435456     float     sum      -1    42864   25.05   50.05      0    42771   25.10   50.16      0
  2147483648     536870912     float     sum      -1    73455   29.24   58.41      0    73437   29.24   58.43      0
  4294967296    1073741824     float     sum      -1   115819   37.08   74.09      0   110550   38.85   77.63      0
           8             2     float     sum      -1    85.30    0.00    0.00      0    81.96    0.00    0.00      0
          16             4     float     sum      -1    81.72    0.00    0.00      0    82.29    0.00    0.00      0
          32             8     float     sum      -1    83.80    0.00    0.00      0    85.09    0.00    0.00      0
          64            16     float     sum      -1    92.38    0.00    0.00      0    91.60    0.00    0.00      0
         128            32     float     sum      -1    95.25    0.00    0.00      0    93.54    0.00    0.00      0
         256            64     float     sum      -1    95.92    0.00    0.01      0    93.88    0.00    0.01      0
         512           128     float     sum      -1    99.73    0.01    0.01      0    96.24    0.01    0.01      0
        1024           256     float     sum      -1    102.0    0.01    0.02      0    101.8    0.01    0.02      0
        2048           512     float     sum      -1    105.8    0.02    0.04      0    103.0    0.02    0.04      0
        4096          1024     float     sum      -1    238.8    0.02    0.03      0    250.3    0.02    0.03      0
        8192          2048     float     sum      -1    239.8    0.03    0.07      0    236.3    0.03    0.07      0
       16384          4096     float     sum      -1    242.4    0.07    0.14      0    239.4    0.07    0.14      0
       32768          8192     float     sum      -1    258.8    0.13    0.25      0    271.5    0.12    0.24      0
       65536         16384     float     sum      -1    274.1    0.24    0.48      0    265.7    0.25    0.49      0
      131072         32768     float     sum      -1    306.9    0.43    0.85      0    329.0    0.40    0.80      0
      262144         65536     float     sum      -1    392.9    0.67    1.33      0    372.6    0.70    1.41      0
      524288        131072     float     sum      -1    503.7    1.04    2.08      0    504.1    1.04    2.08      0
     1048576        262144     float     sum      -1    611.6    1.71    3.43      0    616.0    1.70    3.40      0
     2097152        524288     float     sum      -1    791.6    2.65    5.29      0    784.9    2.67    5.34      0
     4194304       1048576     float     sum      -1   1244.7    3.37    6.73      0   1240.4    3.38    6.76      0
     8388608       2097152     float     sum      -1   2127.9    3.94    7.88      0   2115.0    3.97    7.92      0
    16777216       4194304     float     sum      -1   3387.0    4.95    9.90      0   3367.0    4.98    9.96      0
    33554432       8388608     float     sum      -1   4198.6    7.99   15.97      0   4189.5    8.01   16.00      0
    67108864      16777216     float     sum      -1   6830.6    9.82   19.63      0   6817.2    9.84   19.67      0
   134217728      33554432     float     sum      -1    12241   10.96   21.91      0    12279   10.93   21.84      0
   268435456      67108864     float     sum      -1    17379   15.45   30.86      0    17363   15.46   30.89      0
   536870912     134217728     float     sum      -1    26919   19.94   39.85      0    27069   19.83   39.63      0
  1073741824     268435456     float     sum      -1    42666   25.17   50.28      0    42770   25.11   50.16      0
  2147483648     536870912     float     sum      -1    73594   29.18   58.30      0    73553   29.20   58.34      0
  4294967296    1073741824     float     sum      -1   111350   38.57   77.07      0   111829   38.41   76.74      0
           8             2     float     sum      -1    85.69    0.00    0.00      0    82.71    0.00    0.00      0
          16             4     float     sum      -1    93.01    0.00    0.00      0    82.29    0.00    0.00      0
          32             8     float     sum      -1    82.11    0.00    0.00      0    83.32    0.00    0.00      0
          64            16     float     sum      -1    93.31    0.00    0.00      0    91.99    0.00    0.00      0
         128            32     float     sum      -1    95.44    0.00    0.00      0    93.86    0.00    0.00      0
         256            64     float     sum      -1    99.63    0.00    0.01      0    93.61    0.00    0.01      0
         512           128     float     sum      -1    100.2    0.01    0.01      0    95.96    0.01    0.01      0
        1024           256     float     sum      -1    103.5    0.01    0.02      0    105.7    0.01    0.02      0
        2048           512     float     sum      -1    106.4    0.02    0.04      0    103.4    0.02    0.04      0
        4096          1024     float     sum      -1    238.8    0.02    0.03      0    237.0    0.02    0.03      0
        8192          2048     float     sum      -1    240.5    0.03    0.07      0    242.8    0.03    0.07      0
       16384          4096     float     sum      -1    242.5    0.07    0.13      0    239.4    0.07    0.14      0
       32768          8192     float     sum      -1    271.5    0.12    0.24      0    251.7    0.13    0.26      0
       65536         16384     float     sum      -1    274.5    0.24    0.48      0    273.7    0.24    0.48      0
      131072         32768     float     sum      -1    298.7    0.44    0.88      0    313.7    0.42    0.83      0
      262144         65536     float     sum      -1    393.0    0.67    1.33      0    371.8    0.71    1.41      0
      524288        131072     float     sum      -1    484.0    1.08    2.16      0    480.2    1.09    2.18      0
     1048576        262144     float     sum      -1    617.8    1.70    3.39      0    628.1    1.67    3.34      0
     2097152        524288     float     sum      -1    780.7    2.69    5.37      0    794.1    2.64    5.28      0
     4194304       1048576     float     sum      -1   1255.3    3.34    6.68      0   1275.6    3.29    6.57      0
     8388608       2097152     float     sum      -1   2117.1    3.96    7.92      0   2115.5    3.97    7.92      0
    16777216       4194304     float     sum      -1   3374.1    4.97    9.93      0   3379.4    4.96    9.92      0
    33554432       8388608     float     sum      -1   4214.8    7.96   15.91      0   4191.0    8.01   16.00      0
    67108864      16777216     float     sum      -1   6785.0    9.89   19.76      0   6778.9    9.90   19.78      0
   134217728      33554432     float     sum      -1    12124   11.07   22.12      0    12124   11.07   22.12      0
   268435456      67108864     float     sum      -1    17331   15.49   30.95      0    17286   15.53   31.03      0
   536870912     134217728     float     sum      -1    26841   20.00   39.96      0    27216   19.73   39.41      0
  1073741824     268435456     float     sum      -1    42898   25.03   50.01      0    42857   25.05   50.06      0
  2147483648     536870912     float     sum      -1    73674   29.15   58.24      0    73457   29.23   58.41      0
  4294967296    1073741824     float     sum      -1   111885   38.39   76.70      0   111511   38.52   76.96      0
           8             2     float     sum      -1    84.77    0.00    0.00      0    82.52    0.00    0.00      0
          16             4     float     sum      -1    82.12    0.00    0.00      0    81.41    0.00    0.00      0
          32             8     float     sum      -1    82.77    0.00    0.00      0    82.52    0.00    0.00      0
          64            16     float     sum      -1    93.24    0.00    0.00      0    91.99    0.00    0.00      0
         128            32     float     sum      -1    95.92    0.00    0.00      0    93.49    0.00    0.00      0
         256            64     float     sum      -1    96.26    0.00    0.01      0    94.33    0.00    0.01      0
         512           128     float     sum      -1    99.86    0.01    0.01      0    99.59    0.01    0.01      0
        1024           256     float     sum      -1    102.6    0.01    0.02      0    99.73    0.01    0.02      0
        2048           512     float     sum      -1    105.8    0.02    0.04      0    103.7    0.02    0.04      0
        4096          1024     float     sum      -1    246.8    0.02    0.03      0    236.6    0.02    0.03      0
        8192          2048     float     sum      -1    245.1    0.03    0.07      0    237.5    0.03    0.07      0
       16384          4096     float     sum      -1    241.8    0.07    0.14      0    251.4    0.07    0.13      0
       32768          8192     float     sum      -1    267.4    0.12    0.24      0    261.5    0.13    0.25      0
       65536         16384     float     sum      -1    268.1    0.24    0.49      0    263.7    0.25    0.50      0
      131072         32768     float     sum      -1    296.7    0.44    0.88      0    305.7    0.43    0.86      0
      262144         65536     float     sum      -1    377.3    0.69    1.39      0    378.3    0.69    1.38      0
      524288        131072     float     sum      -1    484.9    1.08    2.16      0    489.8    1.07    2.14      0
     1048576        262144     float     sum      -1    633.2    1.66    3.31      0    612.5    1.71    3.42      0
     2097152        524288     float     sum      -1    781.6    2.68    5.36      0    787.4    2.66    5.32      0
     4194304       1048576     float     sum      -1   1248.6    3.36    6.71      0   1246.7    3.36    6.72      0
     8388608       2097152     float     sum      -1   2118.6    3.96    7.91      0   2114.1    3.97    7.93      0
    16777216       4194304     float     sum      -1   3390.2    4.95    9.89      0   3373.5    4.97    9.94      0
    33554432       8388608     float     sum      -1   4195.8    8.00   15.98      0   4185.0    8.02   16.02      0
    67108864      16777216     float     sum      -1   6726.6    9.98   19.93      0   6730.4    9.97   19.92      0
   134217728      33554432     float     sum      -1    12078   11.11   22.20      0    12303   10.91   21.80      0
   268435456      67108864     float     sum      -1    17406   15.42   30.81      0    17273   15.54   31.05      0
   536870912     134217728     float     sum      -1    27019   19.87   39.70      0    26950   19.92   39.80      0
  1073741824     268435456     float     sum      -1    42761   25.11   50.17      0    42657   25.17   50.29      0
  2147483648     536870912     float     sum      -1    73680   29.15   58.24      0    73636   29.16   58.27      0
  4294967296    1073741824     float     sum      -1   114872   37.39   74.71      0   109813   39.11   78.15      0
           8             2     float     sum      -1    86.53    0.00    0.00      0    82.38    0.00    0.00      0
          16             4     float     sum      -1    81.50    0.00    0.00      0    82.01    0.00    0.00      0
          32             8     float     sum      -1    83.55    0.00    0.00      0    83.01    0.00    0.00      0
          64            16     float     sum      -1    91.69    0.00    0.00      0    91.32    0.00    0.00      0
         128            32     float     sum      -1    96.81    0.00    0.00      0    94.51    0.00    0.00      0
         256            64     float     sum      -1    100.7    0.00    0.01      0    94.24    0.00    0.01      0
         512           128     float     sum      -1    100.2    0.01    0.01      0    96.79    0.01    0.01      0
        1024           256     float     sum      -1    107.0    0.01    0.02      0    100.4    0.01    0.02      0
        2048           512     float     sum      -1    106.6    0.02    0.04      0    104.9    0.02    0.04      0
        4096          1024     float     sum      -1    238.9    0.02    0.03      0    234.5    0.02    0.03      0
        8192          2048     float     sum      -1    241.7    0.03    0.07      0    237.3    0.03    0.07      0
       16384          4096     float     sum      -1    242.0    0.07    0.14      0    240.0    0.07    0.14      0
       32768          8192     float     sum      -1    256.8    0.13    0.25      0    269.0    0.12    0.24      0
       65536         16384     float     sum      -1    281.6    0.23    0.47      0    263.2    0.25    0.50      0
      131072         32768     float     sum      -1    298.3    0.44    0.88      0    296.0    0.44    0.88      0
      262144         65536     float     sum      -1    377.9    0.69    1.39      0    371.5    0.71    1.41      0
      524288        131072     float     sum      -1    507.8    1.03    2.06      0    510.6    1.03    2.05      0
     1048576        262144     float     sum      -1    612.5    1.71    3.42      0    622.2    1.69    3.37      0
     2097152        524288     float     sum      -1    782.4    2.68    5.36      0    781.1    2.68    5.36      0
     4194304       1048576     float     sum      -1   1241.2    3.38    6.75      0   1244.5    3.37    6.73      0
     8388608       2097152     float     sum      -1   2118.6    3.96    7.91      0   2119.8    3.96    7.91      0
    16777216       4194304     float     sum      -1   3389.1    4.95    9.89      0   3369.5    4.98    9.95      0
    33554432       8388608     float     sum      -1   4180.9    8.03   16.04      0   4175.9    8.04   16.05      0
    67108864      16777216     float     sum      -1   6783.8    9.89   19.77      0   6797.6    9.87   19.73      0
   134217728      33554432     float     sum      -1    12438   10.79   21.56      0    12110   11.08   22.15      0
   268435456      67108864     float     sum      -1    17275   15.54   31.05      0    17532   15.31   30.59      0
   536870912     134217728     float     sum      -1    26853   19.99   39.95      0    26810   20.03   40.01      0
  1073741824     268435456     float     sum      -1    42742   25.12   50.19      0    42813   25.08   50.11      0
  2147483648     536870912     float     sum      -1    74317   28.90   57.74      0    73553   29.20   58.34      0
  4294967296    1073741824     float     sum      -1   109497   39.22   78.37      0   109764   39.13   78.18      0
           8             2     float     sum      -1    84.97    0.00    0.00      0    81.97    0.00    0.00      0
          16             4     float     sum      -1    81.48    0.00    0.00      0    81.26    0.00    0.00      0
          32             8     float     sum      -1    83.52    0.00    0.00      0    82.44    0.00    0.00      0
          64            16     float     sum      -1    92.12    0.00    0.00      0    91.99    0.00    0.00      0
         128            32     float     sum      -1    95.50    0.00    0.00      0    93.51    0.00    0.00      0
         256            64     float     sum      -1    97.21    0.00    0.01      0    99.33    0.00    0.01      0
         512           128     float     sum      -1    100.5    0.01    0.01      0    95.97    0.01    0.01      0
        1024           256     float     sum      -1    102.1    0.01    0.02      0    99.72    0.01    0.02      0
        2048           512     float     sum      -1    113.5    0.02    0.04      0    103.0    0.02    0.04      0
        4096          1024     float     sum      -1    240.1    0.02    0.03      0    237.0    0.02    0.03      0
        8192          2048     float     sum      -1    257.5    0.03    0.06      0    236.6    0.03    0.07      0
       16384          4096     float     sum      -1    242.9    0.07    0.13      0    239.0    0.07    0.14      0
       32768          8192     float     sum      -1    291.4    0.11    0.22      0    252.4    0.13    0.26      0
       65536         16384     float     sum      -1    266.9    0.25    0.49      0    264.8    0.25    0.49      0
      131072         32768     float     sum      -1    298.1    0.44    0.88      0    305.3    0.43    0.86      0
      262144         65536     float     sum      -1    384.0    0.68    1.36      0    370.9    0.71    1.41      0
      524288        131072     float     sum      -1    484.6    1.08    2.16      0    487.2    1.08    2.15      0
     1048576        262144     float     sum      -1    611.6    1.71    3.43      0    622.7    1.68    3.36      0
     2097152        524288     float     sum      -1    781.4    2.68    5.36      0    793.4    2.64    5.28      0
     4194304       1048576     float     sum      -1   1243.5    3.37    6.74      0   1244.8    3.37    6.73      0
     8388608       2097152     float     sum      -1   2121.8    3.95    7.90      0   2114.3    3.97    7.93      0
    16777216       4194304     float     sum      -1   3375.3    4.97    9.93      0   3383.1    4.96    9.91      0
    33554432       8388608     float     sum      -1   4192.7    8.00   15.99      0   4183.2    8.02   16.03      0
    67108864      16777216     float     sum      -1   6784.9    9.89   19.76      0    40279    1.67    3.33      0
   134217728      33554432     float     sum      -1    23592    5.69   11.37      0    12118   11.08   22.13      0
   268435456      67108864     float     sum      -1    17549   15.30   30.56      0    17099   15.70   31.37      0
   536870912     134217728     float     sum      -1    26981   19.90   39.76      0    26947   19.92   39.81      0
  1073741824     268435456     float     sum      -1    42889   25.04   50.02      0    42800   25.09   50.13      0
  2147483648     536870912     float     sum      -1    73753   29.12   58.18      0    73636   29.16   58.27      0
  4294967296    1073741824     float     sum      -1   111868   38.39   76.71      0   111459   38.53   76.99      0
           8             2     float     sum      -1    85.35    0.00    0.00      0    82.57    0.00    0.00      0
          16             4     float     sum      -1    81.94    0.00    0.00      0    96.07    0.00    0.00      0
          32             8     float     sum      -1    86.75    0.00    0.00      0    86.32    0.00    0.00      0
          64            16     float     sum      -1    91.82    0.00    0.00      0    91.07    0.00    0.00      0
         128            32     float     sum      -1    95.30    0.00    0.00      0    94.08    0.00    0.00      0
         256            64     float     sum      -1    96.28    0.00    0.01      0    94.41    0.00    0.01      0
         512           128     float     sum      -1    99.95    0.01    0.01      0    95.35    0.01    0.01      0
        1024           256     float     sum      -1    101.7    0.01    0.02      0    99.77    0.01    0.02      0
        2048           512     float     sum      -1    106.4    0.02    0.04      0    103.0    0.02    0.04      0
        4096          1024     float     sum      -1    238.9    0.02    0.03      0    235.5    0.02    0.03      0
        8192          2048     float     sum      -1    240.1    0.03    0.07      0    236.6    0.03    0.07      0
       16384          4096     float     sum      -1    241.4    0.07    0.14      0    238.6    0.07    0.14      0
       32768          8192     float     sum      -1    254.2    0.13    0.26      0    251.8    0.13    0.26      0
       65536         16384     float     sum      -1    276.0    0.24    0.47      0    283.2    0.23    0.46      0
      131072         32768     float     sum      -1    308.9    0.42    0.85      0    300.2    0.44    0.87      0
      262144         65536     float     sum      -1    382.6    0.69    1.37      0    374.4    0.70    1.40      0
      524288        131072     float     sum      -1    491.1    1.07    2.13      0    533.5    0.98    1.96      0
     1048576        262144     float     sum      -1    618.8    1.69    3.39      0    611.6    1.71    3.43      0
     2097152        524288     float     sum      -1    782.6    2.68    5.35      0    788.1    2.66    5.32      0
     4194304       1048576     float     sum      -1   1274.2    3.29    6.58      0   1243.3    3.37    6.74      0
     8388608       2097152     float     sum      -1   2120.9    3.96    7.90      0   2117.4    3.96    7.92      0
    16777216       4194304     float     sum      -1   3381.5    4.96    9.91      0   3390.3    4.95    9.89      0
    33554432       8388608     float     sum      -1   4193.3    8.00   15.99      0   4242.6    7.91   15.80      0
    67108864      16777216     float     sum      -1   6816.5    9.85   19.67      0   6758.9    9.93   19.84      0
   134217728      33554432     float     sum      -1    12153   11.04   22.07      0    12307   10.91   21.79      0
   268435456      67108864     float     sum      -1    17472   15.36   30.70      0    17295   15.52   31.01      0
   536870912     134217728     float     sum      -1    26949   19.92   39.80      0    26936   19.93   39.82      0
  1073741824     268435456     float     sum      -1    42905   25.03   50.00      0    42892   25.03   50.02      0
  2147483648     536870912     float     sum      -1    73469   29.23   58.40      0    73789   29.10   58.15      0
  4294967296    1073741824     float     sum      -1   109633   39.18   78.28      0   111197   38.62   77.17      0
           8             2     float     sum      -1    85.45    0.00    0.00      0    82.20    0.00    0.00      0
          16             4     float     sum      -1    87.25    0.00    0.00      0    81.94    0.00    0.00      0
          32             8     float     sum      -1    82.55    0.00    0.00      0    82.50    0.00    0.00      0
          64            16     float     sum      -1    92.04    0.00    0.00      0    92.05    0.00    0.00      0
         128            32     float     sum      -1    96.95    0.00    0.00      0    92.97    0.00    0.00      0
         256            64     float     sum      -1    105.1    0.00    0.00      0    94.47    0.00    0.01      0
         512           128     float     sum      -1    104.5    0.00    0.01      0    96.36    0.01    0.01      0
        1024           256     float     sum      -1    101.1    0.01    0.02      0    99.20    0.01    0.02      0
        2048           512     float     sum      -1    105.5    0.02    0.04      0    107.6    0.02    0.04      0
        4096          1024     float     sum      -1    238.0    0.02    0.03      0    236.5    0.02    0.03      0
        8192          2048     float     sum      -1    240.1    0.03    0.07      0    237.9    0.03    0.07      0
       16384          4096     float     sum      -1    241.6    0.07    0.14      0    238.8    0.07    0.14      0
       32768          8192     float     sum      -1    255.2    0.13    0.26      0    252.5    0.13    0.26      0
       65536         16384     float     sum      -1    272.9    0.24    0.48      0    263.3    0.25    0.50      0
      131072         32768     float     sum      -1    296.1    0.44    0.88      0    293.7    0.45    0.89      0
      262144         65536     float     sum      -1    390.3    0.67    1.34      0    372.4    0.70    1.41      0
      524288        131072     float     sum      -1    491.2    1.07    2.13      0    481.8    1.09    2.17      0
     1048576        262144     float     sum      -1    611.8    1.71    3.42      0    613.5    1.71    3.41      0
     2097152        524288     float     sum      -1    780.6    2.69    5.37      0    780.3    2.69    5.37      0
     4194304       1048576     float     sum      -1   1243.1    3.37    6.74      0   1242.9    3.37    6.74      0
     8388608       2097152     float     sum      -1   2116.3    3.96    7.92      0   2116.5    3.96    7.92      0
    16777216       4194304     float     sum      -1   3364.3    4.99    9.96      0   3381.9    4.96    9.91      0
    33554432       8388608     float     sum      -1   4201.5    7.99   15.96      0   4157.5    8.07   16.13      0
    67108864      16777216     float     sum      -1   6754.4    9.94   19.85      0   6740.2    9.96   19.89      0
   134217728      33554432     float     sum      -1    12133   11.06   22.10      0    12424   10.80   21.58      0
   268435456      67108864     float     sum      -1    17417   15.41   30.79      0    17321   15.50   30.97      0
   536870912     134217728     float     sum      -1    27019   19.87   39.70      0    27046   19.85   39.66      0
  1073741824     268435456     float     sum      -1    42905   25.03   50.00      0    42831   25.07   50.09      0
  2147483648     536870912     float     sum      -1    73557   29.19   58.33      0    73678   29.15   58.24      0
  4294967296    1073741824     float     sum      -1   109730   39.14   78.21      0   110467   38.88   77.68      0
           8             2     float     sum      -1    85.20    0.00    0.00      0    82.31    0.00    0.00      0
          16             4     float     sum      -1    81.83    0.00    0.00      0    81.06    0.00    0.00      0
          32             8     float     sum      -1    83.45    0.00    0.00      0    82.71    0.00    0.00      0
          64            16     float     sum      -1    91.06    0.00    0.00      0    91.45    0.00    0.00      0
         128            32     float     sum      -1    94.59    0.00    0.00      0    93.05    0.00    0.00      0
         256            64     float     sum      -1    95.95    0.00    0.01      0    94.14    0.00    0.01      0
         512           128     float     sum      -1    99.73    0.01    0.01      0    96.32    0.01    0.01      0
        1024           256     float     sum      -1    103.6    0.01    0.02      0    100.2    0.01    0.02      0
        2048           512     float     sum      -1    106.4    0.02    0.04      0    104.2    0.02    0.04      0
        4096          1024     float     sum      -1    246.3    0.02    0.03      0    236.7    0.02    0.03      0
        8192          2048     float     sum      -1    240.5    0.03    0.07      0    238.7    0.03    0.07      0
       16384          4096     float     sum      -1    241.7    0.07    0.14      0    239.6    0.07    0.14      0
       32768          8192     float     sum      -1    254.2    0.13    0.26      0    251.4    0.13    0.26      0
       65536         16384     float     sum      -1    267.1    0.25    0.49      0    263.1    0.25    0.50      0
      131072         32768     float     sum      -1    301.6    0.43    0.87      0    293.4    0.45    0.89      0
      262144         65536     float     sum      -1    373.6    0.70    1.40      0    371.1    0.71    1.41      0
      524288        131072     float     sum      -1    485.2    1.08    2.16      0    490.2    1.07    2.14      0
     1048576        262144     float     sum      -1    613.0    1.71    3.42      0    611.7    1.71    3.43      0
     2097152        524288     float     sum      -1    781.8    2.68    5.36      0    781.5    2.68    5.36      0
     4194304       1048576     float     sum      -1   1243.6    3.37    6.74      0   1243.4    3.37    6.74      0
     8388608       2097152     float     sum      -1   2118.9    3.96    7.91      0   2118.5    3.96    7.91      0
    16777216       4194304     float     sum      -1   3378.4    4.97    9.92      0   3382.4    4.96    9.91      0
    33554432       8388608     float     sum      -1   4146.9    8.09   16.17      0   4177.3    8.03   16.05      0
    67108864      16777216     float     sum      -1   6750.3    9.94   19.86      0   6738.9    9.96   19.90      0
   134217728      33554432     float     sum      -1    12129   11.07   22.11      0    12119   11.08   22.13      0
   268435456      67108864     float     sum      -1    17255   15.56   31.08      0    17741   15.13   30.23      0
   536870912     134217728     float     sum      -1    26816   20.02   40.00      0    27008   19.88   39.72      0
  1073741824     268435456     float     sum      -1    42859   25.05   50.06      0    42802   25.09   50.12      0
  2147483648     536870912     float     sum      -1    73570   29.19   58.32      0    73753   29.12   58.18      0
  4294967296    1073741824     float     sum      -1   110598   38.83   77.59      0   109935   39.07   78.06      0
