        size         count      type   redop    root     time   algbw   busbw #wrong     time   algbw   busbw #wrong
         (B)    (elements)                               (us)  (GB/s)  (GB/s)            (us)  (GB/s)  (GB/s)       
           8             2     float     sum      -1    77.09    0.00    0.00      0    77.82    0.00    0.00      0
          16             4     float     sum      -1    76.53    0.00    0.00      0    76.45    0.00    0.00      0
          32             8     float     sum      -1    75.20    0.00    0.00      0    75.71    0.00    0.00      0
          64            16     float     sum      -1    83.64    0.00    0.00      0    84.28    0.00    0.00      0
         128            32     float     sum      -1    85.00    0.00    0.00      0    83.98    0.00    0.00      0
         256            64     float     sum      -1    113.0    0.00    0.00      0    89.68    0.00    0.01      0
         512           128     float     sum      -1    92.84    0.01    0.01      0    90.50    0.01    0.01      0
        1024           256     float     sum      -1    101.0    0.01    0.02      0    101.8    0.01    0.02      0
        2048           512     float     sum      -1    109.1    0.02    0.04      0    109.2    0.02    0.04      0
        4096          1024     float     sum      -1    181.1    0.02    0.05      0    178.6    0.02    0.05      0
        8192          2048     float     sum      -1    184.9    0.04    0.09      0    181.5    0.05    0.09      0
       16384          4096     float     sum      -1    207.8    0.08    0.16      0    209.0    0.08    0.16      0
       32768          8192     float     sum      -1    217.0    0.15    0.30      0    222.3    0.15    0.29      0
       65536         16384     float     sum      -1    297.9    0.22    0.44      0    287.8    0.23    0.45      0
      131072         32768     float     sum      -1    411.3    0.32    0.63      0    421.8    0.31    0.62      0
      262144         65536     float     sum      -1    589.9    0.44    0.89      0    553.5    0.47    0.94      0
      524288        131072     float     sum      -1    610.2    0.86    1.71      0    633.9    0.83    1.65      0
     1048576        262144     float     sum      -1    670.7    1.56    3.11      0    578.3    1.81    3.61      0
     2097152        524288     float     sum      -1    904.2    2.32    4.62      0    960.7    2.18    4.35      0
     4194304       1048576     float     sum      -1   1547.3    2.71    5.40      0   1596.7    2.63    5.23      0
     8388608       2097152     float     sum      -1   1602.1    5.24   10.43      0   1597.5    5.25   10.46      0
    16777216       4194304     float     sum      -1   1831.2    9.16   18.25      0   1792.6    9.36   18.65      0
    33554432       8388608     float     sum      -1   2366.7   14.18   28.24      0   2249.9   14.91   29.71      0
    67108864      16777216     float     sum      -1   2975.7   22.55   44.93      0   2938.9   22.84   45.49      0
   134217728      33554432     float     sum      -1   4647.8   28.88   57.53      0   4591.4   29.23   58.24      0
   268435456      67108864     float     sum      -1   8022.6   33.46   66.66      0   8192.1   32.77   65.28      0
   536870912     134217728     float     sum      -1    14452   37.15   74.01      0    84062    6.39   12.72      0
  1073741824     268435456     float     sum      -1    27552   38.97   77.64      0    28394   37.82   75.34      0
  2147483648     536870912     float     sum      -1    55343   38.80   77.30      0    55784   38.50   76.69      0
  4294967296    1073741824     float     sum      -1   109824   39.11   77.91      0   108261   39.67   79.03      0
           8             2     float     sum      -1    78.28    0.00    0.00      0    75.60    0.00    0.00      0
          16             4     float     sum      -1    75.83    0.00    0.00      0    76.13    0.00    0.00      0
          32             8     float     sum      -1    75.96    0.00    0.00      0    75.77    0.00    0.00      0
          64            16     float     sum      -1    83.47    0.00    0.00      0    82.09    0.00    0.00      0
         128            32     float     sum      -1    85.20    0.00    0.00      0    84.88    0.00    0.00      0
         256            64     float     sum      -1    92.37    0.00    0.01      0    85.15    0.00    0.01      0
         512           128     float     sum      -1    91.13    0.01    0.01      0    88.57    0.01    0.01      0
        1024           256     float     sum      -1    101.6    0.01    0.02      0    100.3    0.01    0.02      0
        2048           512     float     sum      -1    110.1    0.02    0.04      0    112.0    0.02    0.04      0
        4096          1024     float     sum      -1    181.0    0.02    0.05      0    178.8    0.02    0.05      0
        8192          2048     float     sum      -1    192.0    0.04    0.08      0    183.5    0.04    0.09      0
       16384          4096     float     sum      -1    207.4    0.08    0.16      0    207.5    0.08    0.16      0
       32768          8192     float     sum      -1    213.1    0.15    0.31      0    210.1    0.16    0.31      0
       65536         16384     float     sum      -1    296.2    0.22    0.44      0    296.2    0.22    0.44      0
      131072         32768     float     sum      -1    440.9    0.30    0.59      0    440.8    0.30    0.59      0
      262144         65536     float     sum      -1    550.4    0.48    0.95      0    571.2    0.46    0.91      0
      524288        131072     float     sum      -1    641.8    0.82    1.63      0    670.5    0.78    1.56      0
     1048576        262144     float     sum      -1    692.4    1.51    3.02      0    578.7    1.81    3.61      0
     2097152        524288     float     sum      -1    912.6    2.30    4.58      0   1129.1    1.86    3.70      0
     4194304       1048576     float     sum      -1   1784.3    2.35    4.68      0   1970.9    2.13    4.24      0
     8388608       2097152     float     sum      -1   1794.5    4.67    9.31      0   1904.4    4.40    8.78      0
    16777216       4194304     float     sum      -1   2196.8    7.64   15.21      0   2192.1    7.65   15.25      0
    33554432       8388608     float     sum      -1   2586.2   12.97   25.85      0   2864.8   11.71   23.33      0
    67108864      16777216     float     sum      -1   4116.0   16.30   32.48      0   4129.5   16.25   32.38      0
   134217728      33554432     float     sum      -1   7329.4   18.31   36.48      0   7497.4   17.90   35.66      0
   268435456      67108864     float     sum      -1   9682.6   27.72   55.23      0    10790   24.88   49.56      0
   536870912     134217728     float     sum      -1    22102   24.29   48.39      0    22014   24.39   48.58      0
  1073741824     268435456     float     sum      -1    26812   40.05   79.78      0    27672   38.80   77.30      0
  2147483648     536870912     float     sum      -1    55149   38.94   77.58      0    55084   38.99   77.67      0
  4294967296    1073741824     float     sum      -1   106115   40.47   80.63      0   100907   42.56   84.80      0
           8             2     float     sum      -1    77.62    0.00    0.00      0    76.27    0.00    0.00      0
          16             4     float     sum      -1    76.33    0.00    0.00      0    76.41    0.00    0.00      0
          32             8     float     sum      -1    76.58    0.00    0.00      0    76.68    0.00    0.00      0
          64            16     float     sum      -1    82.31    0.00    0.00      0    82.35    0.00    0.00      0
         128            32     float     sum      -1    85.23    0.00    0.00      0    84.18    0.00    0.00      0
         256            64     float     sum      -1    86.47    0.00    0.01      0    84.94    0.00    0.01      0
         512           128     float     sum      -1    89.69    0.01    0.01      0    89.15    0.01    0.01      0
        1024           256     float     sum      -1    102.2    0.01    0.02      0    99.15    0.01    0.02      0
        2048           512     float     sum      -1    110.0    0.02    0.04      0    112.5    0.02    0.04      0
        4096          1024     float     sum      -1    181.0    0.02    0.05      0    180.5    0.02    0.05      0
        8192          2048     float     sum      -1    587.5    0.01    0.03      0    182.9    0.04    0.09      0
       16384          4096     float     sum      -1    201.3    0.08    0.16      0    199.5    0.08    0.16      0
       32768          8192     float     sum      -1    210.0    0.16    0.31      0    212.5    0.15    0.31      0
       65536         16384     float     sum      -1    303.8    0.22    0.43      0    290.1    0.23    0.45      0
      131072         32768     float     sum      -1    446.2    0.29    0.59      0    437.5    0.30    0.60      0
      262144         65536     float     sum      -1    540.0    0.49    0.97      0    557.1    0.47    0.94      0
      524288        131072     float     sum      -1    583.1    0.90    1.79      0    578.4    0.91    1.81      0
     1048576        262144     float     sum      -1    608.5    1.72    3.43      0    588.4    1.78    3.55      0
     2097152        524288     float     sum      -1    863.5    2.43    4.84      0    854.6    2.45    4.89      0
     4194304       1048576     float     sum      -1   1517.7    2.76    5.51      0   1625.4    2.58    5.14      0
     8388608       2097152     float     sum      -1   1552.9    5.40   10.76      0   1509.9    5.56   11.07      0
    16777216       4194304     float     sum      -1   1778.7    9.43   18.79      0   1918.4    8.75   17.42      0
    33554432       8388608     float     sum      -1   2460.4   13.64   27.17      0   2545.4   13.18   26.26      0
    67108864      16777216     float     sum      -1   2970.0   22.60   45.02      0   2905.2   23.10   46.02      0
   134217728      33554432     float     sum      -1   4485.1   29.93   59.62      0   4718.2   28.45   56.67      0
   268435456      67108864     float     sum      -1   8272.1   32.45   64.65      0   8547.6   31.40   62.56      0
   536870912     134217728     float     sum      -1    14636   36.68   73.08      0    14564   36.86   73.44      0
  1073741824     268435456     float     sum      -1    26653   40.29   80.26      0    26606   40.36   80.40      0
  2147483648     536870912     float     sum      -1    52270   41.08   81.85      0    52147   41.18   82.04      0
  4294967296    1073741824     float     sum      -1   101649   42.25   84.18      0   100117   42.90   85.46      0
           8             2     float     sum      -1    77.73    0.00    0.00      0    76.90    0.00    0.00      0
          16             4     float     sum      -1    75.85    0.00    0.00      0    76.55    0.00    0.00      0
          32             8     float     sum      -1    76.04    0.00    0.00      0    75.56    0.00    0.00      0
          64            16     float     sum      -1    80.97    0.00    0.00      0    81.59    0.00    0.00      0
         128            32     float     sum      -1    86.31    0.00    0.00      0    84.25    0.00    0.00      0
         256            64     float     sum      -1    87.03    0.00    0.01      0    86.02    0.00    0.01      0
         512           128     float     sum      -1    89.77    0.01    0.01      0    88.56    0.01    0.01      0
        1024           256     float     sum      -1    102.3    0.01    0.02      0    99.99    0.01    0.02      0
        2048           512     float     sum      -1    108.6    0.02    0.04      0    107.6    0.02    0.04      0
        4096          1024     float     sum      -1    180.2    0.02    0.05      0    177.6    0.02    0.05      0
        8192          2048     float     sum      -1    182.9    0.04    0.09      0    180.2    0.05    0.09      0
       16384          4096     float     sum      -1    196.3    0.08    0.17      0    192.9    0.08    0.17      0
       32768          8192     float     sum      -1    206.8    0.16    0.32      0    203.9    0.16    0.32      0
       65536         16384     float     sum      -1    292.3    0.22    0.45      0    292.2    0.22    0.45      0
      131072         32768     float     sum      -1    427.0    0.31    0.61      0    431.2    0.30    0.61      0
      262144         65536     float     sum      -1    542.6    0.48    0.96      0    541.7    0.48    0.96      0
      524288        131072     float     sum      -1    583.5    0.90    1.79      0    596.3    0.88    1.75      0
     1048576        262144     float     sum      -1    607.8    1.73    3.44      0    629.0    1.67    3.32      0
     2097152        524288     float     sum      -1    911.8    2.30    4.58      0    928.2    2.26    4.50      0
     4194304       1048576     float     sum      -1   1612.3    2.60    5.18      0   1443.6    2.91    5.79      0
     8388608       2097152     float     sum      -1   1606.3    5.22   10.40      0   1581.4    5.30   10.57      0
    16777216       4194304     float     sum      -1   1866.8    8.99   17.90      0   1795.6    9.34   18.61      0
    33554432       8388608     float     sum      -1   2206.1   15.21   30.30      0   2166.7   15.49   30.85      0
    67108864      16777216     float     sum      -1   3182.7   21.09   42.01      0   3055.1   21.97   43.76      0
   134217728      33554432     float     sum      -1   4537.1   29.58   58.93      0   4991.9   26.89   53.56      0
   268435456      67108864     float     sum      -1   8418.0   31.89   63.53      0   8278.0   32.43   64.60      0
   536870912     134217728     float     sum      -1    14694   36.54   72.79      0    15030   35.72   71.16      0
  1073741824     268435456     float     sum      -1    26392   40.68   81.05      0    26638   40.31   80.30      0
  2147483648     536870912     float     sum      -1    52112   41.21   82.10      0    51792   41.46   82.60      0
  4294967296    1073741824     float     sum      -1   101172   42.45   84.57      0   101408   42.35   84.38      0
           8             2     float     sum      -1    77.45    0.00    0.00      0    76.46    0.00    0.00      0
          16             4     float     sum      -1    76.44    0.00    0.00      0    75.54    0.00    0.00      0
          32             8     float     sum      -1    75.01    0.00    0.00      0    76.00    0.00    0.00      0
          64            16     float     sum      -1    82.73    0.00    0.00      0    81.03    0.00    0.00      0
         128            32     float     sum      -1    84.90    0.00    0.00      0    83.73    0.00    0.00      0
         256            64     float     sum      -1    86.47    0.00    0.01      0    85.78    0.00    0.01      0
         512           128     float     sum      -1    91.06    0.01    0.01      0    88.88    0.01    0.01      0
        1024           256     float     sum      -1    101.2    0.01    0.02      0    99.93    0.01    0.02      0
        2048           512     float     sum      -1    109.3    0.02    0.04      0    108.4    0.02    0.04      0
        4096          1024     float     sum      -1    179.4    0.02    0.05      0    177.6    0.02    0.05      0
        8192          2048     float     sum      -1    181.6    0.05    0.09      0    180.0    0.05    0.09      0
       16384          4096     float     sum      -1    211.5    0.08    0.15      0    213.6    0.08    0.15      0
       32768          8192     float     sum      -1    220.4    0.15    0.30      0    219.6    0.15    0.30      0
       65536         16384     float     sum      -1    296.7    0.22    0.44      0    298.7    0.22    0.44      0
      131072         32768     float     sum      -1    460.4    0.28    0.57      0    434.4    0.30    0.60      0
      262144         65536     float     sum      -1    564.8    0.46    0.92      0    507.5    0.52    1.03      0
      524288        131072     float     sum      -1    903.9    0.58    1.16      0    580.8    0.90    1.80      0
     1048576        262144     float     sum      -1    672.7    1.56    3.11      0    563.6    1.86    3.71      0
     2097152        524288     float     sum      -1    884.8    2.37    4.72      0    927.8    2.26    4.50      0
     4194304       1048576     float     sum      -1   1550.9    2.70    5.39      0   1429.9    2.93    5.84      0
     8388608       2097152     float     sum      -1   1572.5    5.33   10.63      0   1510.6    5.55   11.06      0
    16777216       4194304     float     sum      -1   1907.1    8.80   17.53      0   1844.3    9.10   18.12      0
    33554432       8388608     float     sum      -1   2248.0   14.93   29.74      0   2220.7   15.11   30.10      0
    67108864      16777216     float     sum      -1   2962.6   22.65   45.13      0   3293.6   20.38   40.59      0
   134217728      33554432     float     sum      -1   4677.4   28.70   57.17      0   4744.9   28.29   56.35      0
   268435456      67108864     float     sum      -1   8224.4   32.64   65.02      0   7968.0   33.69   67.11      0
   536870912     134217728     float     sum      -1    14673   36.59   72.89      0    14414   37.25   74.20      0
  1073741824     268435456     float     sum      -1    26866   39.97   79.62      0    26482   40.55   80.77      0
  2147483648     536870912     float     sum      -1    49425   43.45   86.56      0    51987   41.31   82.29      0
  4294967296    1073741824     float     sum      -1   101399   42.36   84.38      0    96905   44.32   88.30      0
           8             2     float     sum      -1    77.08    0.00    0.00      0    75.08    0.00    0.00      0
          16             4     float     sum      -1    76.46    0.00    0.00      0    75.11    0.00    0.00      0
          32             8     float     sum      -1    76.82    0.00    0.00      0    75.30    0.00    0.00      0
          64            16     float     sum      -1    83.65    0.00    0.00      0    81.75    0.00    0.00      0
         128            32     float     sum      -1    84.62    0.00    0.00      0    84.04    0.00    0.00      0
         256            64     float     sum      -1    86.54    0.00    0.01      0    85.80    0.00    0.01      0
         512           128     float     sum      -1    89.45    0.01    0.01      0    88.76    0.01    0.01      0
        1024           256     float     sum      -1    100.6    0.01    0.02      0    100.3    0.01    0.02      0
        2048           512     float     sum      -1    109.0    0.02    0.04      0    107.6    0.02    0.04      0
        4096          1024     float     sum      -1    180.7    0.02    0.05      0    177.9    0.02    0.05      0
        8192          2048     float     sum      -1    182.8    0.04    0.09      0    183.2    0.04    0.09      0
       16384          4096     float     sum      -1    204.8    0.08    0.16      0    203.4    0.08    0.16      0
       32768          8192     float     sum      -1    215.8    0.15    0.30      0    216.3    0.15    0.30      0
       65536         16384     float     sum      -1    291.0    0.23    0.45      0    294.8    0.22    0.44      0
      131072         32768     float     sum      -1    437.9    0.30    0.60      0    429.9    0.30    0.61      0
      262144         65536     float     sum      -1    569.1    0.46    0.92      0    576.2    0.45    0.91      0
      524288        131072     float     sum      -1    623.3    0.84    1.68      0    588.2    0.89    1.78      0
     1048576        262144     float     sum      -1    605.9    1.73    3.45      0    568.2    1.85    3.68      0
     2097152        524288     float     sum      -1    959.0    2.19    4.36      0    927.8    2.26    4.50      0
     4194304       1048576     float     sum      -1   1491.9    2.81    5.60      0   1491.1    2.81    5.60      0
     8388608       2097152     float     sum      -1   1627.6    5.15   10.27      0   1542.8    5.44   10.83      0
    16777216       4194304     float     sum      -1   1954.8    8.58   17.10      0   1866.8    8.99   17.90      0
    33554432       8388608     float     sum      -1   2155.8   15.56   31.01      0   2400.6   13.98   27.85      0
    67108864      16777216     float     sum      -1   3369.4   19.92   39.68      0   3296.7   20.36   40.55      0
   134217728      33554432     float     sum      -1   4649.0   28.87   57.52      0   4793.4   28.00   55.78      0
   268435456      67108864     float     sum      -1   8347.5   32.16   64.06      0   8229.1   32.62   64.99      0
   536870912     134217728     float     sum      -1    14380   37.34   74.38      0    15108   35.54   70.79      0
  1073741824     268435456     float     sum      -1    26727   40.17   80.04      0    26839   40.01   79.70      0
  2147483648     536870912     float     sum      -1    51906   41.37   82.42      0    52032   41.27   82.22      0
  4294967296    1073741824     float     sum      -1   101114   42.48   84.62      0   101086   42.49   84.64      0
           8             2     float     sum      -1    78.09    0.00    0.00      0    76.21    0.00    0.00      0
          16             4     float     sum      -1    76.05    0.00    0.00      0    75.66    0.00    0.00      0
          32             8     float     sum      -1    76.73    0.00    0.00      0    76.23    0.00    0.00      0
          64            16     float     sum      -1    83.64    0.00    0.00      0    81.75    0.00    0.00      0
         128            32     float     sum      -1    86.47    0.00    0.00      0    83.87    0.00    0.00      0
         256            64     float     sum      -1    86.71    0.00    0.01      0    84.27    0.00    0.01      0
         512           128     float     sum      -1    89.65    0.01    0.01      0    89.35    0.01    0.01      0
        1024           256     float     sum      -1    100.6    0.01    0.02      0    100.8    0.01    0.02      0
        2048           512     float     sum      -1    109.4    0.02    0.04      0    108.0    0.02    0.04      0
        4096          1024     float     sum      -1    180.7    0.02    0.05      0    178.1    0.02    0.05      0
        8192          2048     float     sum      -1    181.9    0.05    0.09      0    184.0    0.04    0.09      0
       16384          4096     float     sum      -1    200.5    0.08    0.16      0    198.8    0.08    0.16      0
       32768          8192     float     sum      -1    221.2    0.15    0.30      0    219.3    0.15    0.30      0
       65536         16384     float     sum      -1    291.5    0.22    0.45      0    280.7    0.23    0.47      0
      131072         32768     float     sum      -1    434.6    0.30    0.60      0    433.9    0.30    0.60      0
      262144         65536     float     sum      -1    568.5    0.46    0.92      0    542.6    0.48    0.96      0
      524288        131072     float     sum      -1    614.9    0.85    1.70      0    584.5    0.90    1.79      0
     1048576        262144     float     sum      -1    600.0    1.75    3.48      0    593.8    1.77    3.52      0
     2097152        524288     float     sum      -1    893.4    2.35    4.68      0    942.8    2.22    4.43      0
     4194304       1048576     float     sum      -1   1635.8    2.56    5.11      0   1564.3    2.68    5.34      0
     8388608       2097152     float     sum      -1   1560.3    5.38   10.71      0   1475.3    5.69   11.33      0
    16777216       4194304     float     sum      -1   1888.0    8.89   17.70      0   1750.9    9.58   19.09      0
    33554432       8388608     float     sum      -1   2148.3   15.62   31.12      0   2325.5   14.43   28.74      0
    67108864      16777216     float     sum      -1   3263.3   20.56   40.97      0   3552.1   18.89   37.64      0
   134217728      33554432     float     sum      -1   4751.5   28.25   56.27      0   5012.5   26.78   53.34      0
   268435456      67108864     float     sum      -1   8101.0   33.14   66.01      0   7861.7   34.14   68.02      0
   536870912     134217728     float     sum      -1    14980   35.84   71.40      0    14925   35.97   71.66      0
  1073741824     268435456     float     sum      -1    26486   40.54   80.76      0    26653   40.29   80.26      0
  2147483648     536870912     float     sum      -1    52312   41.05   81.78      0    52233   41.11   81.91      0
  4294967296    1073741824     float     sum      -1   103977   41.31   82.29      0   102014   42.10   83.87      0
           8             2     float     sum      -1    76.73    0.00    0.00      0    75.98    0.00    0.00      0
          16             4     float     sum      -1    77.97    0.00    0.00      0    75.25    0.00    0.00      0
          32             8     float     sum      -1    75.24    0.00    0.00      0    76.11    0.00    0.00      0
          64            16     float     sum      -1    81.97    0.00    0.00      0    82.82    0.00    0.00      0
         128            32     float     sum      -1    85.30    0.00    0.00      0    84.55    0.00    0.00      0
         256            64     float     sum      -1    86.56    0.00    0.01      0    86.09    0.00    0.01      0
         512           128     float     sum      -1    90.59    0.01    0.01      0    88.81    0.01    0.01      0
        1024           256     float     sum      -1    102.0    0.01    0.02      0    100.4    0.01    0.02      0
        2048           512     float     sum      -1    109.9    0.02    0.04      0    108.2    0.02    0.04      0
        4096          1024     float     sum      -1    179.3    0.02    0.05      0    178.8    0.02    0.05      0
        8192          2048     float     sum      -1    183.0    0.04    0.09      0    183.3    0.04    0.09      0
       16384          4096     float     sum      -1    197.0    0.08    0.17      0    203.8    0.08    0.16      0
       32768          8192     float     sum      -1    210.3    0.16    0.31      0    201.7    0.16    0.32      0
       65536         16384     float     sum      -1    288.2    0.23    0.45      0    282.6    0.23    0.46      0
      131072         32768     float     sum      -1    442.8    0.30    0.59      0    420.8    0.31    0.62      0
      262144         65536     float     sum      -1    543.7    0.48    0.96      0    584.1    0.45    0.89      0
      524288        131072     float     sum      -1    571.1    0.92    1.83      0    573.3    0.91    1.82      0
     1048576        262144     float     sum      -1    588.1    1.78    3.55      0    656.2    1.60    3.18      0
     2097152        524288     float     sum      -1    978.7    2.14    4.27      0    885.1    2.37    4.72      0
     4194304       1048576     float     sum      -1   1517.8    2.76    5.51      0   1491.0    2.81    5.60      0
     8388608       2097152     float     sum      -1   1594.7    5.26   10.48      0   1624.1    5.17   10.29      0
    16777216       4194304     float     sum      -1   1779.3    9.43   18.78      0   1810.2    9.27   18.46      0
    33554432       8388608     float     sum      -1   2147.9   15.62   31.12      0   2346.7   14.30   28.49      0
    67108864      16777216     float     sum      -1   3028.9   22.16   44.14      0   3076.8   21.81   43.45      0
   134217728      33554432     float     sum      -1   4878.9   27.51   54.80      0   4572.6   29.35   58.48      0
   268435456      67108864     float     sum      -1   8010.2   33.51   66.76      0   8560.6   31.36   62.47      0
   536870912     134217728     float     sum      -1    15097   35.56   70.84      0    14892   36.05   71.82      0
  1073741824     268435456     float     sum      -1    26771   40.11   79.90      0    26896   39.92   79.53      0
  2147483648     536870912     float     sum      -1    52174   41.16   82.00      0    52532   40.88   81.44      0
  4294967296    1073741824     float     sum      -1   102428   41.93   83.54      0   103536   41.48   82.64      0
           8             2     float     sum      -1    77.90    0.00    0.00      0    76.05    0.00    0.00      0
          16             4     float     sum      -1    76.06    0.00    0.00      0    75.74    0.00    0.00      0
          32             8     float     sum      -1    76.48    0.00    0.00      0    76.81    0.00    0.00      0
          64            16     float     sum      -1    82.88    0.00    0.00      0    82.09    0.00    0.00      0
         128            32     float     sum      -1    84.64    0.00    0.00      0    83.45    0.00    0.00      0
         256            64     float     sum      -1    86.75    0.00    0.01      0    85.62    0.00    0.01      0
         512           128     float     sum      -1    89.12    0.01    0.01      0    88.67    0.01    0.01      0
        1024           256     float     sum      -1    101.4    0.01    0.02      0    99.29    0.01    0.02      0
        2048           512     float     sum      -1    108.9    0.02    0.04      0    108.8    0.02    0.04      0
        4096          1024     float     sum      -1    180.6    0.02    0.05      0    179.7    0.02    0.05      0
        8192          2048     float     sum      -1    182.3    0.04    0.09      0    182.5    0.04    0.09      0
       16384          4096     float     sum      -1    206.3    0.08    0.16      0    199.9    0.08    0.16      0
       32768          8192     float     sum      -1    213.2    0.15    0.31      0    216.0    0.15    0.30      0
       65536         16384     float     sum      -1    298.9    0.22    0.44      0    297.1    0.22    0.44      0
      131072         32768     float     sum      -1    426.7    0.31    0.61      0    430.4    0.30    0.61      0
      262144         65536     float     sum      -1    553.0    0.47    0.94      0    538.4    0.49    0.97      0
      524288        131072     float     sum      -1    580.1    0.90    1.80      0    598.9    0.88    1.74      0
     1048576        262144     float     sum      -1    580.8    1.81    3.60      0    622.0    1.69    3.36      0
     2097152        524288     float     sum      -1    898.7    2.33    4.65      0    870.6    2.41    4.80      0
     4194304       1048576     float     sum      -1   1394.1    3.01    5.99      0   1563.7    2.68    5.34      0
     8388608       2097152     float     sum      -1   1894.9    4.43    8.82      0   1460.7    5.74   11.44      0
    16777216       4194304     float     sum      -1   1793.1    9.36   18.64      0   1711.7    9.80   19.53      0
    33554432       8388608     float     sum      -1   2280.6   14.71   29.31      0   2183.3   15.37   30.62      0
    67108864      16777216     float     sum      -1   3149.1   21.31   42.45      0   2897.7   23.16   46.14      0
   134217728      33554432     float     sum      -1   4689.8   28.62   57.01      0   4693.1   28.60   56.97      0
   268435456      67108864     float     sum      -1   7974.4   33.66   67.06      0   8307.6   32.31   64.37      0
   536870912     134217728     float     sum      -1    14698   36.53   72.77      0    14703   36.51   72.74      0
  1073741824     268435456     float     sum      -1    26556   40.43   80.55      0    26690   40.23   80.15      0
  2147483648     536870912     float     sum      -1    52678   40.77   81.21      0    52599   40.83   81.34      0
  4294967296    1073741824     float     sum      -1   103027   41.69   83.05      0   102751   41.80   83.27      0
           8             2     float     sum      -1    77.12    0.00    0.00      0    76.36    0.00    0.00      0
          16             4     float     sum      -1    76.81    0.00    0.00      0    75.31    0.00    0.00      0
          32             8     float     sum      -1    75.62    0.00    0.00      0    75.32    0.00    0.00      0
          64            16     float     sum      -1    82.13    0.00    0.00      0    82.17    0.00    0.00      0
         128            32     float     sum      -1    85.03    0.00    0.00      0    84.19    0.00    0.00      0
         256            64     float     sum      -1    85.28    0.00    0.01      0    85.35    0.00    0.01      0
         512           128     float     sum      -1    92.75    0.01    0.01      0    88.91    0.01    0.01      0
        1024           256     float     sum      -1    101.0    0.01    0.02      0    101.1    0.01    0.02      0
        2048           512     float     sum      -1    108.8    0.02    0.04      0    108.1    0.02    0.04      0
        4096          1024     float     sum      -1    181.3    0.02    0.05      0    177.5    0.02    0.05      0
        8192          2048     float     sum      -1    181.9    0.05    0.09      0    180.8    0.05    0.09      0
       16384          4096     float     sum      -1    213.7    0.08    0.15      0    196.3    0.08    0.17      0
       32768          8192     float     sum      -1    214.0    0.15    0.31      0    213.6    0.15    0.31      0
       65536         16384     float     sum      -1    279.6    0.23    0.47      0    287.2    0.23    0.45      0
      131072         32768     float     sum      -1    430.6    0.30    0.61      0    421.1    0.31    0.62      0
      262144         65536     float     sum      -1    528.9    0.50    0.99      0    537.0    0.49    0.97      0
      524288        131072     float     sum      -1    575.0    0.91    1.82      0    582.4    0.90    1.79      0
     1048576        262144     float     sum      -1    604.5    1.73    3.46      0    635.6    1.65    3.29      0
     2097152        524288     float     sum      -1    897.2    2.34    4.66      0    875.7    2.39    4.77      0
     4194304       1048576     float     sum      -1   1521.0    2.76    5.49      0   1456.4    2.88    5.74      0
     8388608       2097152     float     sum      -1   1567.5    5.35   10.66      0   1583.9    5.30   10.55      0
    16777216       4194304     float     sum      -1   1826.6    9.18   18.30      0   1863.1    9.01   17.94      0
    33554432       8388608     float     sum      -1   2407.6   13.94   27.76      0   2334.3   14.37   28.64      0
    67108864      16777216     float     sum      -1   2946.8   22.77   45.37      0   3032.2   22.13   44.09      0
   134217728      33554432     float     sum      -1   4708.7   28.50   56.79      0   4651.5   28.85   57.48      0
   268435456      67108864     float     sum      -1   8050.9   33.34   66.42      0   8100.6   33.14   66.02      0
   536870912     134217728     float     sum      -1    14644   36.66   73.04      0    14797   36.28   72.28      0
  1073741824     268435456     float     sum      -1    26678   40.25   80.18      0    26575   40.40   80.49      0
  2147483648     536870912     float     sum      -1    53041   40.49   80.66      0    53000   40.52   80.72      0
  4294967296    1073741824     float     sum      -1   102829   41.77   83.21      0   102331   41.97   83.62      0
