        size         count      type   redop    root     time   algbw   busbw #wrong     time   algbw   busbw #wrong
         (B)    (elements)                               (us)  (GB/s)  (GB/s)            (us)  (GB/s)  (GB/s)       
           8             2     float     sum      -1     9.12    0.00    0.00      0     8.35    0.00    0.00      0
          16             4     float     sum      -1     8.38    0.00    0.00      0     8.33    0.00    0.00      0
          32             8     float     sum      -1     8.80    0.00    0.01      0     8.73    0.00    0.01      0
          64            16     float     sum      -1     9.30    0.01    0.01      0     9.25    0.01    0.01      0
         128            32     float     sum      -1     9.36    0.01    0.02      0     9.14    0.01    0.02      0
         256            64     float     sum      -1     9.65    0.03    0.04      0     9.27    0.03    0.04      0
         512           128     float     sum      -1     9.58    0.05    0.08      0     9.35    0.05    0.08      0
        1024           256     float     sum      -1     9.79    0.10    0.16      0     9.41    0.11    0.16      0
        2048           512     float     sum      -1     9.79    0.21    0.31      0     9.45    0.22    0.33      0
        4096          1024     float     sum      -1    10.00    0.41    0.61      0     9.55    0.43    0.64      0
        8192          2048     float     sum      -1    10.16    0.81    1.21      0     9.79    0.84    1.26      0
       16384          4096     float     sum      -1    10.99    1.49    2.24      0    10.51    1.56    2.34      0
       32768          8192     float     sum      -1    11.10    2.95    4.43      0    10.83    3.02    4.54      0
       65536         16384     float     sum      -1    11.34    5.78    8.67      0    11.42    5.74    8.60      0
      131072         32768     float     sum      -1    11.88   11.03   16.54      0    11.33   11.57   17.36      0
      262144         65536     float     sum      -1    11.96   21.91   32.87      0    11.51   22.77   34.15      0
      524288        131072     float     sum      -1    15.08   34.77   52.15      0    14.00   37.46   56.19      0
     1048576        262144     float     sum      -1    19.01   55.15   82.73      0    18.97   55.28   82.92      0
     2097152        524288     float     sum      -1    30.17   69.52  104.27      0    30.05   69.80  104.70      0
     4194304       1048576     float     sum      -1    42.73   98.15  147.22      0    42.13   99.56  149.33      0
     8388608       2097152     float     sum      -1    61.74  135.87  203.81      0    61.29  136.87  205.31      0
    16777216       4194304     float     sum      -1    102.8  163.14  244.71      0    100.7  166.62  249.92      0
    33554432       8388608     float     sum      -1    178.9  187.54  281.31      0    178.8  187.67  281.50      0
    67108864      16777216     float     sum      -1    334.2  200.80  301.20      0    334.3  200.75  301.13      0
   134217728      33554432     float     sum      -1    635.0  211.36  317.04      0    632.6  212.16  318.24      0
   268435456      67108864     float     sum      -1   1228.1  218.57  327.86      0   1226.6  218.85  328.27      0
   536870912     134217728     float     sum      -1   2403.5  223.37  335.05      0   2407.0  223.04  334.57      0
  1073741824     268435456     float     sum      -1   4748.8  226.11  339.16      0   4742.4  226.42  339.62      0
  2147483648     536870912     float     sum      -1   9468.5  226.80  340.20      0   9472.0  226.72  340.08      0
  4294967296    1073741824     float     sum      -1    18940  226.76  340.14      0    18958  226.55  339.83      0
           8             2     float     sum      -1     8.33    0.00    0.00      0     8.34    0.00    0.00      0
          16             4     float     sum      -1     8.38    0.00    0.00      0     8.31    0.00    0.00      0
          32             8     float     sum      -1     8.69    0.00    0.01      0     8.71    0.00    0.01      0
          64            16     float     sum      -1     9.30    0.01    0.01      0     9.11    0.01    0.01      0
         128            32     float     sum      -1     9.39    0.01    0.02      0     9.12    0.01    0.02      0
         256            64     float     sum      -1     9.67    0.03    0.04      0     9.21    0.03    0.04      0
         512           128     float     sum      -1     9.63    0.05    0.08      0     9.33    0.05    0.08      0
        1024           256     float     sum      -1     9.71    0.11    0.16      0     9.35    0.11    0.16      0
        2048           512     float     sum      -1     9.77    0.21    0.31      0     9.44    0.22    0.33      0
        4096          1024     float     sum      -1     9.93    0.41    0.62      0     9.51    0.43    0.65      0
        8192          2048     float     sum      -1    10.17    0.81    1.21      0     9.85    0.83    1.25      0
       16384          4096     float     sum      -1    10.95    1.50    2.25      0    10.52    1.56    2.34      0
       32768          8192     float     sum      -1    11.16    2.94    4.40      0    10.75    3.05    4.57      0
       65536         16384     float     sum      -1    11.41    5.74    8.61      0    10.95    5.98    8.98      0
      131072         32768     float     sum      -1    11.67   11.23   16.84      0    11.30   11.60   17.40      0
      262144         65536     float     sum      -1    11.93   21.98   32.96      0    11.47   22.86   34.29      0
      524288        131072     float     sum      -1    15.04   34.85   52.27      0    14.06   37.30   55.95      0
     1048576        262144     float     sum      -1    19.00   55.20   82.80      0    18.93   55.38   83.08      0
     2097152        524288     float     sum      -1    30.31   69.20  103.80      0    30.00   69.90  104.86      0
     4194304       1048576     float     sum      -1    42.82   97.94  146.92      0    42.28   99.19  148.79      0
     8388608       2097152     float     sum      -1    61.61  136.16  204.25      0    61.05  137.41  206.12      0
    16777216       4194304     float     sum      -1    102.0  164.45  246.68      0    100.3  167.33  250.99      0
    33554432       8388608     float     sum      -1    179.8  186.61  279.92      0    178.7  187.74  281.61      0
    67108864      16777216     float     sum      -1    335.9  199.76  299.64      0    333.5  201.23  301.84      0
   134217728      33554432     float     sum      -1    634.6  211.51  317.26      0    631.3  212.60  318.90      0
   268435456      67108864     float     sum      -1   1227.3  218.71  328.07      0   1226.4  218.88  328.31      0
   536870912     134217728     float     sum      -1   2406.0  223.13  334.70      0   2406.2  223.12  334.68      0
  1073741824     268435456     float     sum      -1   4749.5  226.07  339.11      0   4751.8  225.97  338.95      0
  2147483648     536870912     float     sum      -1   9482.2  226.47  339.71      0   9483.3  226.45  339.67      0
  4294967296    1073741824     float     sum      -1    18930  226.89  340.33      0    18975  226.35  339.52      0
           8             2     float     sum      -1     8.35    0.00    0.00      0     8.38    0.00    0.00      0
          16             4     float     sum      -1     8.38    0.00    0.00      0     8.26    0.00    0.00      0
          32             8     float     sum      -1     8.76    0.00    0.01      0     8.76    0.00    0.01      0
          64            16     float     sum      -1     9.26    0.01    0.01      0     9.08    0.01    0.01      0
         128            32     float     sum      -1     9.41    0.01    0.02      0     9.15    0.01    0.02      0
         256            64     float     sum      -1     9.66    0.03    0.04      0     9.23    0.03    0.04      0
         512           128     float     sum      -1     9.64    0.05    0.08      0     9.31    0.06    0.08      0
        1024           256     float     sum      -1     9.79    0.10    0.16      0     9.33    0.11    0.16      0
        2048           512     float     sum      -1     9.75    0.21    0.32      0     9.45    0.22    0.33      0
        4096          1024     float     sum      -1     9.95    0.41    0.62      0     9.54    0.43    0.64      0
        8192          2048     float     sum      -1    10.12    0.81    1.21      0     9.87    0.83    1.24      0
       16384          4096     float     sum      -1    11.05    1.48    2.22      0    10.55    1.55    2.33      0
       32768          8192     float     sum      -1    11.09    2.96    4.43      0    10.81    3.03    4.55      0
       65536         16384     float     sum      -1    11.33    5.79    8.68      0    10.94    5.99    8.98      0
      131072         32768     float     sum      -1    11.67   11.23   16.84      0    11.43   11.47   17.20      0
      262144         65536     float     sum      -1    11.96   21.92   32.88      0    11.46   22.87   34.31      0
      524288        131072     float     sum      -1    14.95   35.07   52.61      0    14.04   37.35   56.02      0
     1048576        262144     float     sum      -1    19.00   55.20   82.80      0    18.80   55.77   83.65      0
     2097152        524288     float     sum      -1    30.22   69.39  104.08      0    30.07   69.74  104.60      0
     4194304       1048576     float     sum      -1    42.87   97.84  146.76      0    42.18   99.43  149.15      0
     8388608       2097152     float     sum      -1    61.76  135.83  203.75      0    61.14  137.21  205.82      0
    16777216       4194304     float     sum      -1    102.2  164.11  246.16      0    99.99  167.79  251.68      0
    33554432       8388608     float     sum      -1    179.6  186.78  280.17      0    179.7  186.70  280.04      0
    67108864      16777216     float     sum      -1    336.7  199.29  298.94      0    334.8  200.43  300.65      0
   134217728      33554432     float     sum      -1    632.9  212.08  318.12      0    633.0  212.03  318.04      0
   268435456      67108864     float     sum      -1   1227.8  218.63  327.95      0   1221.8  219.71  329.57      0
   536870912     134217728     float     sum      -1   2407.9  222.96  334.44      0   2406.1  223.13  334.70      0
  1073741824     268435456     float     sum      -1   4754.7  225.83  338.74      0   4749.4  226.08  339.12      0
  2147483648     536870912     float     sum      -1   9478.3  226.57  339.85      0   9471.5  226.73  340.10      0
  4294967296    1073741824     float     sum      -1    18950  226.64  339.96      0    18966  226.46  339.68      0
           8             2     float     sum      -1     8.36    0.00    0.00      0     8.67    0.00    0.00      0
          16             4     float     sum      -1     8.69    0.00    0.00      0     8.28    0.00    0.00      0
          32             8     float     sum      -1     8.78    0.00    0.01      0     8.82    0.00    0.01      0
          64            16     float     sum      -1     9.30    0.01    0.01      0     9.19    0.01    0.01      0
         128            32     float     sum      -1     9.42    0.01    0.02      0     9.20    0.01    0.02      0
         256            64     float     sum      -1     9.64    0.03    0.04      0     9.19    0.03    0.04      0
         512           128     float     sum      -1     9.58    0.05    0.08      0     9.29    0.06    0.08      0
        1024           256     float     sum      -1     9.76    0.10    0.16      0     9.34    0.11    0.16      0
        2048           512     float     sum      -1     9.80    0.21    0.31      0     9.46    0.22    0.32      0
        4096          1024     float     sum      -1     9.96    0.41    0.62      0     9.55    0.43    0.64      0
        8192          2048     float     sum      -1    10.19    0.80    1.21      0     9.85    0.83    1.25      0
       16384          4096     float     sum      -1    10.92    1.50    2.25      0    10.54    1.55    2.33      0
       32768          8192     float     sum      -1    11.21    2.92    4.38      0    10.77    3.04    4.57      0
       65536         16384     float     sum      -1    11.37    5.76    8.64      0    10.94    5.99    8.99      0
      131072         32768     float     sum      -1    11.67   11.23   16.84      0    11.28   11.62   17.43      0
      262144         65536     float     sum      -1    11.90   22.02   33.04      0    11.56   22.68   34.02      0
      524288        131072     float     sum      -1    14.99   34.98   52.47      0    14.04   37.35   56.03      0
     1048576        262144     float     sum      -1    18.94   55.35   83.03      0    18.88   55.54   83.31      0
     2097152        524288     float     sum      -1    30.27   69.29  103.93      0    30.11   69.65  104.48      0
     4194304       1048576     float     sum      -1    42.77   98.06  147.10      0    42.23   99.33  148.99      0
     8388608       2097152     float     sum      -1    61.56  136.27  204.40      0    60.93  137.67  206.51      0
    16777216       4194304     float     sum      -1    102.7  163.43  245.15      0    100.2  167.44  251.16      0
    33554432       8388608     float     sum      -1    178.1  188.43  282.65      0    180.1  186.30  279.45      0
    67108864      16777216     float     sum      -1    334.7  200.48  300.73      0    335.3  200.17  300.26      0
   134217728      33554432     float     sum      -1    633.4  211.91  317.87      0    632.7  212.14  318.21      0
   268435456      67108864     float     sum      -1   1228.0  218.59  327.89      0   1224.9  219.15  328.72      0
   536870912     134217728     float     sum      -1   2409.3  222.84  334.25      0   2406.7  223.08  334.61      0
  1073741824     268435456     float     sum      -1   4754.0  225.86  338.79      0   4746.5  226.22  339.33      0
  2147483648     536870912     float     sum      -1   9483.5  226.44  339.66      0   9462.8  226.94  340.41      0
  4294967296    1073741824     float     sum      -1    18950  226.65  339.97      0    18930  226.88  340.32      0
           8             2     float     sum      -1     8.44    0.00    0.00      0     8.26    0.00    0.00      0
          16             4     float     sum      -1     8.33    0.00    0.00      0     8.30    0.00    0.00      0
          32             8     float     sum      -1     8.78    0.00    0.01      0     8.74    0.00    0.01      0
          64            16     float     sum      -1     9.27    0.01    0.01      0     9.11    0.01    0.01      0
         128            32     float     sum      -1     9.38    0.01    0.02      0     9.18    0.01    0.02      0
         256            64     float     sum      -1     9.77    0.03    0.04      0     9.18    0.03    0.04      0
         512           128     float     sum      -1     9.63    0.05    0.08      0     9.30    0.06    0.08      0
        1024           256     float     sum      -1     9.71    0.11    0.16      0     9.28    0.11    0.17      0
        2048           512     float     sum      -1     9.88    0.21    0.31      0     9.49    0.22    0.32      0
        4096          1024     float     sum      -1     9.87    0.41    0.62      0     9.55    0.43    0.64      0
        8192          2048     float     sum      -1    10.21    0.80    1.20      0     9.83    0.83    1.25      0
       16384          4096     float     sum      -1    10.92    1.50    2.25      0    10.52    1.56    2.34      0
       32768          8192     float     sum      -1    11.12    2.95    4.42      0    10.73    3.05    4.58      0
       65536         16384     float     sum      -1    11.38    5.76    8.64      0    10.93    6.00    8.99      0
      131072         32768     float     sum      -1    11.69   11.21   16.81      0    11.23   11.67   17.50      0
      262144         65536     float     sum      -1    11.90   22.03   33.05      0    11.44   22.91   34.37      0
      524288        131072     float     sum      -1    14.98   35.00   52.49      0    14.05   37.31   55.97      0
     1048576        262144     float     sum      -1    18.98   55.26   82.89      0    18.87   55.58   83.37      0
     2097152        524288     float     sum      -1    30.81   68.06  102.09      0    30.00   69.90  104.85      0
     4194304       1048576     float     sum      -1    42.78   98.05  147.07      0    42.35   99.05  148.57      0
     8388608       2097152     float     sum      -1    61.73  135.88  203.83      0    60.93  137.69  206.53      0
    16777216       4194304     float     sum      -1    102.7  163.32  244.98      0    100.3  167.19  250.78      0
    33554432       8388608     float     sum      -1    178.4  188.08  282.11      0    178.6  187.91  281.87      0
    67108864      16777216     float     sum      -1    337.6  198.76  298.14      0    335.8  199.87  299.80      0
   134217728      33554432     float     sum      -1    635.0  211.35  317.03      0    634.3  211.60  317.40      0
   268435456      67108864     float     sum      -1   1227.8  218.63  327.94      0   1224.5  219.22  328.83      0
   536870912     134217728     float     sum      -1   2409.3  222.83  334.25      0   2407.6  222.99  334.49      0
  1073741824     268435456     float     sum      -1   4754.4  225.84  338.76      0   4746.3  226.23  339.34      0
  2147483648     536870912     float     sum      -1   9473.6  226.68  340.02      0   9474.5  226.66  339.99      0
  4294967296    1073741824     float     sum      -1    18939  226.77  340.16      0    18944  226.72  340.08      0
           8             2     float     sum      -1     8.32    0.00    0.00      0     8.20    0.00    0.00      0
          16             4     float     sum      -1     8.41    0.00    0.00      0     8.26    0.00    0.00      0
          32             8     float     sum      -1     8.73    0.00    0.01      0     8.77    0.00    0.01      0
          64            16     float     sum      -1     9.23    0.01    0.01      0     9.16    0.01    0.01      0
         128            32     float     sum      -1     9.37    0.01    0.02      0     9.17    0.01    0.02      0
         256            64     float     sum      -1     9.65    0.03    0.04      0     9.17    0.03    0.04      0
         512           128     float     sum      -1     9.65    0.05    0.08      0     9.26    0.06    0.08      0
        1024           256     float     sum      -1     9.72    0.11    0.16      0     9.26    0.11    0.17      0
        2048           512     float     sum      -1     9.75    0.21    0.32      0     9.45    0.22    0.32      0
        4096          1024     float     sum      -1     9.98    0.41    0.62      0     9.48    0.43    0.65      0
        8192          2048     float     sum      -1    10.21    0.80    1.20      0     9.85    0.83    1.25      0
       16384          4096     float     sum      -1    11.00    1.49    2.23      0    10.53    1.56    2.33      0
       32768          8192     float     sum      -1    11.15    2.94    4.41      0    10.72    3.06    4.58      0
       65536         16384     float     sum      -1    11.30    5.80    8.70      0    10.95    5.99    8.98      0
      131072         32768     float     sum      -1    11.65   11.25   16.87      0    11.26   11.64   17.46      0
      262144         65536     float     sum      -1    11.96   21.92   32.88      0    11.42   22.95   34.43      0
      524288        131072     float     sum      -1    15.00   34.95   52.43      0    13.97   37.53   56.30      0
     1048576        262144     float     sum      -1    18.91   55.44   83.16      0    18.86   55.61   83.41      0
     2097152        524288     float     sum      -1    30.23   69.37  104.05      0    30.86   67.96  101.94      0
     4194304       1048576     float     sum      -1    42.71   98.21  147.31      0    42.27   99.24  148.85      0
     8388608       2097152     float     sum      -1    61.84  135.66  203.49      0    60.95  137.64  206.46      0
    16777216       4194304     float     sum      -1    103.0  162.84  244.27      0    100.0  167.73  251.59      0
    33554432       8388608     float     sum      -1    178.9  187.54  281.30      0    178.0  188.49  282.74      0
    67108864      16777216     float     sum      -1    336.2  199.59  299.38      0    334.6  200.59  300.88      0
   134217728      33554432     float     sum      -1    632.0  212.36  318.53      0    632.6  212.16  318.24      0
   268435456      67108864     float     sum      -1   1226.5  218.86  328.30      0   1226.7  218.82  328.23      0
   536870912     134217728     float     sum      -1   2408.5  222.90  334.35      0   2404.1  223.32  334.97      0
  1073741824     268435456     float     sum      -1   4759.9  225.58  338.37      0   4759.2  225.62  338.42      0
  2147483648     536870912     float     sum      -1   9469.4  226.78  340.17      0   9481.8  226.48  339.73      0
  4294967296    1073741824     float     sum      -1    18956  226.58  339.87      0    18945  226.71  340.06      0
           8             2     float     sum      -1     8.38    0.00    0.00      0     8.32    0.00    0.00      0
          16             4     float     sum      -1     8.31    0.00    0.00      0     8.32    0.00    0.00      0
          32             8     float     sum      -1     8.78    0.00    0.01      0     8.71    0.00    0.01      0
          64            16     float     sum      -1     9.30    0.01    0.01      0     9.15    0.01    0.01      0
         128            32     float     sum      -1     9.37    0.01    0.02      0     9.21    0.01    0.02      0
         256            64     float     sum      -1     9.68    0.03    0.04      0     9.29    0.03    0.04      0
         512           128     float     sum      -1     9.59    0.05    0.08      0     9.24    0.06    0.08      0
        1024           256     float     sum      -1     9.64    0.11    0.16      0     9.38    0.11    0.16      0
        2048           512     float     sum      -1     9.75    0.21    0.32      0     9.42    0.22    0.33      0
        4096          1024     float     sum      -1     9.96    0.41    0.62      0     9.49    0.43    0.65      0
        8192          2048     float     sum      -1    10.16    0.81    1.21      0     9.82    0.83    1.25      0
       16384          4096     float     sum      -1    10.98    1.49    2.24      0    10.54    1.55    2.33      0
       32768          8192     float     sum      -1    11.13    2.94    4.41      0    10.79    3.04    4.55      0
       65536         16384     float     sum      -1    11.34    5.78    8.66      0    10.93    6.00    8.99      0
      131072         32768     float     sum      -1    11.67   11.23   16.84      0    11.30   11.60   17.40      0
      262144         65536     float     sum      -1    11.94   21.95   32.92      0    11.53   22.73   34.09      0
      524288        131072     float     sum      -1    15.01   34.94   52.41      0    14.03   37.36   56.04      0
     1048576        262144     float     sum      -1    18.92   55.43   83.15      0    18.81   55.74   83.61      0
     2097152        524288     float     sum      -1    30.18   69.49  104.24      0    30.37   69.05  103.58      0
     4194304       1048576     float     sum      -1    42.88   97.82  146.73      0    42.36   99.02  148.54      0
     8388608       2097152     float     sum      -1    61.83  135.68  203.52      0    61.34  136.76  205.14      0
    16777216       4194304     float     sum      -1    102.6  163.57  245.35      0    100.4  167.08  250.62      0
    33554432       8388608     float     sum      -1    178.7  187.76  281.63      0    177.3  189.28  283.92      0
    67108864      16777216     float     sum      -1    334.3  200.73  301.09      0    334.8  200.47  300.71      0
   134217728      33554432     float     sum      -1    631.2  212.63  318.94      0    633.8  211.77  317.66      0
   268435456      67108864     float     sum      -1   1225.0  219.13  328.70      0   1223.9  219.32  328.98      0
   536870912     134217728     float     sum      -1   2405.1  223.22  334.83      0   2408.6  222.90  334.35      0
  1073741824     268435456     float     sum      -1   4756.1  225.76  338.64      0   4748.7  226.11  339.17      0
  2147483648     536870912     float     sum      -1   9473.1  226.69  340.04      0   9477.0  226.60  339.90      0
  4294967296    1073741824     float     sum      -1    18922  226.98  340.47      0    18945  226.71  340.07      0
           8             2     float     sum      -1     8.37    0.00    0.00      0     8.30    0.00    0.00      0
          16             4     float     sum      -1     8.33    0.00    0.00      0     8.33    0.00    0.00      0
          32             8     float     sum      -1     8.76    0.00    0.01      0     8.80    0.00    0.01      0
          64            16     float     sum      -1     9.29    0.01    0.01      0     9.15    0.01    0.01      0
         128            32     float     sum      -1     9.48    0.01    0.02      0     9.25    0.01    0.02      0
         256            64     float     sum      -1     9.65    0.03    0.04      0     9.25    0.03    0.04      0
         512           128     float     sum      -1     9.58    0.05    0.08      0     9.26    0.06    0.08      0
        1024           256     float     sum      -1     9.76    0.10    0.16      0     9.29    0.11    0.17      0
        2048           512     float     sum      -1     9.75    0.21    0.31      0     9.39    0.22    0.33      0
        4096          1024     float     sum      -1     9.96    0.41    0.62      0     9.52    0.43    0.65      0
        8192          2048     float     sum      -1    10.19    0.80    1.21      0     9.71    0.84    1.26      0
       16384          4096     float     sum      -1    11.06    1.48    2.22      0    10.52    1.56    2.34      0
       32768          8192     float     sum      -1    11.14    2.94    4.41      0    11.26    2.91    4.36      0
       65536         16384     float     sum      -1    12.23    5.36    8.04      0    10.90    6.01    9.02      0
      131072         32768     float     sum      -1    11.67   11.23   16.84      0    11.33   11.57   17.35      0
      262144         65536     float     sum      -1    11.90   22.03   33.05      0    11.47   22.85   34.28      0
      524288        131072     float     sum      -1    14.94   35.09   52.64      0    14.05   37.32   55.98      0
     1048576        262144     float     sum      -1    18.98   55.24   82.86      0    18.79   55.81   83.72      0
     2097152        524288     float     sum      -1    30.21   69.42  104.13      0    30.09   69.70  104.54      0
     4194304       1048576     float     sum      -1    42.90   97.76  146.64      0    42.47   98.76  148.14      0
     8388608       2097152     float     sum      -1    61.73  135.88  203.83      0    61.02  137.47  206.21      0
    16777216       4194304     float     sum      -1    103.1  162.78  244.17      0    99.95  167.86  251.79      0
    33554432       8388608     float     sum      -1    177.5  189.02  283.54      0    178.8  187.62  281.43      0
    67108864      16777216     float     sum      -1    335.0  200.34  300.52      0    335.2  200.18  300.27      0
   134217728      33554432     float     sum      -1    634.2  211.64  317.45      0    632.7  212.14  318.20      0
   268435456      67108864     float     sum      -1   1223.2  219.45  329.18      0   1224.9  219.15  328.72      0
   536870912     134217728     float     sum      -1   2405.6  223.18  334.77      0   2407.9  222.97  334.45      0
  1073741824     268435456     float     sum      -1   4752.1  225.95  338.93      0   4750.2  226.04  339.06      0
  2147483648     536870912     float     sum      -1   9466.5  226.85  340.28      0   9465.3  226.88  340.32      0
  4294967296    1073741824     float     sum      -1    18935  226.82  340.23      0    18950  226.65  339.97      0
           8             2     float     sum      -1     8.34    0.00    0.00      0     8.34    0.00    0.00      0
          16             4     float     sum      -1     8.29    0.00    0.00      0     8.33    0.00    0.00      0
          32             8     float     sum      -1     8.77    0.00    0.01      0     8.85    0.00    0.01      0
          64            16     float     sum      -1     9.31    0.01    0.01      0     9.19    0.01    0.01      0
         128            32     float     sum      -1     9.38    0.01    0.02      0     9.19    0.01    0.02      0
         256            64     float     sum      -1     9.63    0.03    0.04      0     9.22    0.03    0.04      0
         512           128     float     sum      -1     9.59    0.05    0.08      0     9.29    0.06    0.08      0
        1024           256     float     sum      -1     9.79    0.10    0.16      0     9.34    0.11    0.16      0
        2048           512     float     sum      -1     9.81    0.21    0.31      0     9.38    0.22    0.33      0
        4096          1024     float     sum      -1    10.00    0.41    0.61      0     9.57    0.43    0.64      0
        8192          2048     float     sum      -1    10.16    0.81    1.21      0     9.82    0.83    1.25      0
       16384          4096     float     sum      -1    10.98    1.49    2.24      0    10.61    1.54    2.32      0
       32768          8192     float     sum      -1    11.14    2.94    4.41      0    10.77    3.04    4.56      0
       65536         16384     float     sum      -1    11.42    5.74    8.61      0    10.95    5.98    8.98      0
      131072         32768     float     sum      -1    11.69   11.21   16.81      0    11.28   11.62   17.43      0
      262144         65536     float     sum      -1    11.91   22.01   33.01      0    11.53   22.74   34.11      0
      524288        131072     float     sum      -1    15.02   34.90   52.35      0    14.03   37.37   56.06      0
     1048576        262144     float     sum      -1    18.90   55.47   83.20      0    18.87   55.58   83.37      0
     2097152        524288     float     sum      -1    30.14   69.57  104.36      0    30.05   69.79  104.69      0
     4194304       1048576     float     sum      -1    42.81   97.97  146.95      0    42.48   98.74  148.11      0
     8388608       2097152     float     sum      -1    62.15  134.96  202.45      0    61.17  137.13  205.69      0
    16777216       4194304     float     sum      -1    102.8  163.26  244.89      0    100.5  166.98  250.46      0
    33554432       8388608     float     sum      -1    178.8  187.63  281.44      0    178.8  187.61  281.42      0
    67108864      16777216     float     sum      -1    335.3  200.14  300.21      0    335.6  199.97  299.95      0
   134217728      33554432     float     sum      -1    635.8  211.10  316.65      0    632.9  212.07  318.10      0
   268435456      67108864     float     sum      -1   1227.7  218.65  327.97      0   1226.8  218.81  328.22      0
   536870912     134217728     float     sum      -1   2408.9  222.87  334.30      0   2409.1  222.85  334.28      0
  1073741824     268435456     float     sum      -1   4751.8  225.97  338.95      0   4741.5  226.46  339.69      0
  2147483648     536870912     float     sum      -1   9461.7  226.97  340.45      0   9479.4  226.54  339.81      0
  4294967296    1073741824     float     sum      -1    18954  226.60  339.90      0    18960  226.53  339.80      0
           8             2     float     sum      -1     8.31    0.00    0.00      0     8.34    0.00    0.00      0
          16             4     float     sum      -1     8.40    0.00    0.00      0     8.34    0.00    0.00      0
          32             8     float     sum      -1     8.74    0.00    0.01      0     8.69    0.00    0.01      0
          64            16     float     sum      -1     9.32    0.01    0.01      0     9.11    0.01    0.01      0
         128            32     float     sum      -1     9.34    0.01    0.02      0     9.15    0.01    0.02      0
         256            64     float     sum      -1     9.64    0.03    0.04      0     9.26    0.03    0.04      0
         512           128     float     sum      -1     9.60    0.05    0.08      0     9.28    0.06    0.08      0
        1024           256     float     sum      -1     9.67    0.11    0.16      0     9.32    0.11    0.16      0
        2048           512     float     sum      -1     9.75    0.21    0.32      0     9.46    0.22    0.32      0
        4096          1024     float     sum      -1    10.06    0.41    0.61      0     9.44    0.43    0.65      0
        8192          2048     float     sum      -1    10.10    0.81    1.22      0     9.79    0.84    1.26      0
       16384          4096     float     sum      -1    10.94    1.50    2.25      0    10.54    1.55    2.33      0
       32768          8192     float     sum      -1    11.12    2.95    4.42      0    10.73    3.05    4.58      0
       65536         16384     float     sum      -1    11.33    5.78    8.68      0    10.89    6.02    9.03      0
      131072         32768     float     sum      -1    11.64   11.26   16.89      0    11.25   11.65   17.47      0
      262144         65536     float     sum      -1    11.83   22.16   33.25      0    11.47   22.85   34.28      0
      524288        131072     float     sum      -1    15.01   34.93   52.40      0    13.96   37.57   56.35      0
     1048576        262144     float     sum      -1    18.80   55.77   83.65      0    18.83   55.68   83.52      0
     2097152        524288     float     sum      -1    30.14   69.59  104.39      0    29.98   69.95  104.93      0
     4194304       1048576     float     sum      -1    42.71   98.21  147.32      0    42.26   99.26  148.89      0
     8388608       2097152     float     sum      -1    61.79  135.76  203.65      0    61.04  137.44  206.15      0
    16777216       4194304     float     sum      -1    102.3  164.00  246.00      0    100.0  167.72  251.58      0
    33554432       8388608     float     sum      -1    181.4  184.97  277.45      0    177.7  188.85  283.28      0
    67108864      16777216     float     sum      -1    335.0  200.35  300.53      0    333.7  201.12  301.68      0
   134217728      33554432     float     sum      -1    632.9  212.07  318.11      0    633.9  211.72  317.58      0
   268435456      67108864     float     sum      -1   1227.6  218.67  328.00      0   1225.4  219.06  328.59      0
   536870912     134217728     float     sum      -1   2404.5  223.28  334.92      0   2410.7  222.70  334.05      0
  1073741824     268435456     float     sum      -1   4749.5  226.07  339.11      0   4754.5  225.84  338.76      0
  2147483648     536870912     float     sum      -1   9470.2  226.76  340.14      0   9466.4  226.85  340.28      0
  4294967296    1073741824     float     sum      -1    18945  226.71  340.07      0    18938  226.80  340.19      0
