        size         count      type   redop    root     time   algbw   busbw #wrong     time   algbw   busbw #wrong
         (B)    (elements)                               (us)  (GB/s)  (GB/s)            (us)  (GB/s)  (GB/s)       
           8             2     float     sum      -1    366.7    0.00    0.00      0    636.1    0.00    0.00      0
          16             4     float     sum      -1    210.8    0.00    0.00      0    212.0    0.00    0.00      0
          32             8     float     sum      -1    109.3    0.00    0.00      0    173.6    0.00    0.00      0
          64            16     float     sum      -1    115.4    0.00    0.00      0    114.4    0.00    0.00      0
         128            32     float     sum      -1    128.8    0.00    0.00      0    117.7    0.00    0.00      0
         256            64     float     sum      -1    128.4    0.00    0.00      0    119.2    0.00    0.00      0
         512           128     float     sum      -1    139.5    0.00    0.01      0    122.9    0.00    0.01      0
        1024           256     float     sum      -1    145.8    0.01    0.01      0    136.1    0.01    0.02      0
        2048           512     float     sum      -1    149.6    0.01    0.03      0    180.1    0.01    0.02      0
        4096          1024     float     sum      -1    261.1    0.02    0.03      0    258.1    0.02    0.03      0
        8192          2048     float     sum      -1    290.7    0.03    0.06      0    257.4    0.03    0.06      0
       16384          4096     float     sum      -1    276.1    0.06    0.12      0    293.3    0.06    0.11      0
       32768          8192     float     sum      -1    331.2    0.10    0.20      0    330.6    0.10    0.20      0
       65536         16384     float     sum      -1    438.4    0.15    0.30      0    399.5    0.16    0.33      0
      131072         32768     float     sum      -1    554.1    0.24    0.47      0    675.7    0.19    0.39      0
      262144         65536     float     sum      -1   1126.7    0.23    0.46      0    700.5    0.37    0.75      0
      524288        131072     float     sum      -1    844.3    0.62    1.24      0    847.7    0.62    1.24      0
     1048576        262144     float     sum      -1   1214.9    0.86    1.72      0   1223.7    0.86    1.71      0
     2097152        524288     float     sum      -1   1869.0    1.12    2.24      0   2065.8    1.02    2.03      0
     4194304       1048576     float     sum      -1   3107.6    1.35    2.70      0   3310.2    1.27    2.53      0
     8388608       2097152     float     sum      -1   3414.6    2.46    4.91      0   3232.2    2.60    5.19      0
    16777216       4194304     float     sum      -1   3832.9    4.38    8.75      0   3625.3    4.63    9.25      0
    33554432       8388608     float     sum      -1   4708.3    7.13   14.24      0   4571.4    7.34   14.67      0
    67108864      16777216     float     sum      -1   7442.4    9.02   18.02      0   5944.2   11.29   22.56      0
   134217728      33554432     float     sum      -1   9062.4   14.81   29.59      0   9005.0   14.90   29.78      0
   268435456      67108864     float     sum      -1    15137   17.73   35.43      0    14905   18.01   35.98      0
   536870912     134217728     float     sum      -1    28019   19.16   38.28      0    27560   19.48   38.92      0
  1073741824     268435456     float     sum      -1   126702    8.47   16.93      0    50439   21.29   42.53      0
  2147483648     536870912     float     sum      -1   178449   12.03   24.04      0    73604   29.18   58.30      0
  4294967296    1073741824     float     sum      -1   102411   41.94   83.80      0   102247   42.01   83.93      0
           8             2     float     sum      -1    107.1    0.00    0.00      0    104.2    0.00    0.00      0
          16             4     float     sum      -1    105.4    0.00    0.00      0    109.2    0.00    0.00      0
          32             8     float     sum      -1    104.6    0.00    0.00      0    112.6    0.00    0.00      0
          64            16     float     sum      -1    112.9    0.00    0.00      0    111.8    0.00    0.00      0
         128            32     float     sum      -1    117.8    0.00    0.00      0    116.6    0.00    0.00      0
         256            64     float     sum      -1    128.8    0.00    0.00      0    119.0    0.00    0.00      0
         512           128     float     sum      -1    131.6    0.00    0.01      0    122.3    0.00    0.01      0
        1024           256     float     sum      -1    145.2    0.01    0.01      0    135.2    0.01    0.02      0
        2048           512     float     sum      -1    151.7    0.01    0.03      0    148.1    0.01    0.03      0
        4096          1024     float     sum      -1    256.9    0.02    0.03      0    253.7    0.02    0.03      0
        8192          2048     float     sum      -1    259.8    0.03    0.06      0    256.3    0.03    0.06      0
       16384          4096     float     sum      -1    265.7    0.06    0.12      0    258.9    0.06    0.13      0
       32768          8192     float     sum      -1    270.6    0.12    0.24      0    266.7    0.12    0.25      0
       65536         16384     float     sum      -1    381.1    0.17    0.34      0    339.0    0.19    0.39      0
      131072         32768     float     sum      -1    469.6    0.28    0.56      0    463.4    0.28    0.57      0
      262144         65536     float     sum      -1    673.9    0.39    0.78      0    678.8    0.39    0.77      0
      524288        131072     float     sum      -1    752.0    0.70    1.39      0    737.0    0.71    1.42      0
     1048576        262144     float     sum      -1    708.7    1.48    2.96      0    726.8    1.44    2.88      0
     2097152        524288     float     sum      -1   1135.9    1.85    3.69      0   1045.0    2.01    4.01      0
     4194304       1048576     float     sum      -1   1770.9    2.37    4.73      0   1747.4    2.40    4.80      0
     8388608       2097152     float     sum      -1   1882.8    4.46    8.90      0   1831.1    4.58    9.15      0
    16777216       4194304     float     sum      -1   2059.6    8.15   16.28      0   2303.4    7.28   14.55      0
    33554432       8388608     float     sum      -1   2622.3   12.80   25.57      0   2933.5   11.44   22.85      0
    67108864      16777216     float     sum      -1   3624.7   18.51   36.99      0   3838.3   17.48   34.93      0
   134217728      33554432     float     sum      -1   5628.7   23.85   47.64      0   5401.5   24.85   49.65      0
   268435456      67108864     float     sum      -1   8854.7   30.32   60.57      0   8924.9   30.08   60.10      0
   536870912     134217728     float     sum      -1    16177   33.19   66.31      0    15835   33.90   67.74      0
  1073741824     268435456     float     sum      -1    29502   36.40   72.72      0   116436    9.22   18.43      0
  2147483648     536870912     float     sum      -1    57505   37.34   74.62      0   240533    8.93   17.84      0
  4294967296    1073741824     float     sum      -1    93941   45.72   91.35      0    94030   45.68   91.26      0
           8             2     float     sum      -1    106.6    0.00    0.00      0    104.5    0.00    0.00      0
          16             4     float     sum      -1    104.6    0.00    0.00      0    104.2    0.00    0.00      0
          32             8     float     sum      -1    104.7    0.00    0.00      0    105.1    0.00    0.00      0
          64            16     float     sum      -1    113.3    0.00    0.00      0    112.6    0.00    0.00      0
         128            32     float     sum      -1    117.6    0.00    0.00      0    116.3    0.00    0.00      0
         256            64     float     sum      -1    133.9    0.00    0.00      0    120.7    0.00    0.00      0
         512           128     float     sum      -1    127.5    0.00    0.01      0    121.6    0.00    0.01      0
        1024           256     float     sum      -1    158.2    0.01    0.01      0    134.8    0.01    0.02      0
        2048           512     float     sum      -1    148.3    0.01    0.03      0    145.4    0.01    0.03      0
        4096          1024     float     sum      -1    256.1    0.02    0.03      0    261.0    0.02    0.03      0
        8192          2048     float     sum      -1    259.3    0.03    0.06      0    262.1    0.03    0.06      0
       16384          4096     float     sum      -1    261.8    0.06    0.13      0    259.1    0.06    0.13      0
       32768          8192     float     sum      -1    267.1    0.12    0.25      0    276.8    0.12    0.24      0
       65536         16384     float     sum      -1    301.5    0.22    0.43      0    302.4    0.22    0.43      0
      131072         32768     float     sum      -1    392.3    0.33    0.67      0    393.4    0.33    0.67      0
      262144         65536     float     sum      -1    517.1    0.51    1.01      0    493.1    0.53    1.06      0
      524288        131072     float     sum      -1    625.9    0.84    1.67      0    594.9    0.88    1.76      0
     1048576        262144     float     sum      -1    688.1    1.52    3.04      0    669.6    1.57    3.13      0
     2097152        524288     float     sum      -1   1029.6    2.04    4.07      0   1016.3    2.06    4.12      0
     4194304       1048576     float     sum      -1   1710.8    2.45    4.90      0   1718.0    2.44    4.88      0
     8388608       2097152     float     sum      -1   1779.2    4.71    9.42      0   1782.7    4.71    9.40      0
    16777216       4194304     float     sum      -1   2019.4    8.31   16.60      0   2306.0    7.28   14.54      0
    33554432       8388608     float     sum      -1   2626.0   12.78   25.53      0   2781.4   12.06   24.10      0
    67108864      16777216     float     sum      -1   3435.8   19.53   39.03      0   3703.1   18.12   36.21      0
   134217728      33554432     float     sum      -1   5976.9   22.46   44.87      0   5509.1   24.36   48.68      0
   268435456      67108864     float     sum      -1   9337.7   28.75   57.44      0   8825.7   30.42   60.77      0
   536870912     134217728     float     sum      -1    15744   34.10   68.13      0    16603   32.34   64.61      0
  1073741824     268435456     float     sum      -1    28842   37.23   74.38      0    29397   36.53   72.98      0
  2147483648     536870912     float     sum      -1   144254   14.89   29.74      0    56798   37.81   75.54      0
  4294967296    1073741824     float     sum      -1    94070   45.66   91.23      0    94042   45.67   91.25      0
           8             2     float     sum      -1    107.9    0.00    0.00      0    105.1    0.00    0.00      0
          16             4     float     sum      -1    105.4    0.00    0.00      0    105.5    0.00    0.00      0
          32             8     float     sum      -1    105.5    0.00    0.00      0    104.3    0.00    0.00      0
          64            16     float     sum      -1    112.3    0.00    0.00      0    111.5    0.00    0.00      0
         128            32     float     sum      -1    120.5    0.00    0.00      0    115.9    0.00    0.00      0
         256            64     float     sum      -1    128.4    0.00    0.00      0    123.2    0.00    0.00      0
         512           128     float     sum      -1    124.3    0.00    0.01      0    125.4    0.00    0.01      0
        1024           256     float     sum      -1    136.3    0.01    0.02      0    135.4    0.01    0.02      0
        2048           512     float     sum      -1    146.3    0.01    0.03      0    144.4    0.01    0.03      0
        4096          1024     float     sum      -1    256.3    0.02    0.03      0    254.1    0.02    0.03      0
        8192          2048     float     sum      -1    259.4    0.03    0.06      0    266.1    0.03    0.06      0
       16384          4096     float     sum      -1    268.8    0.06    0.12      0    257.3    0.06    0.13      0
       32768          8192     float     sum      -1    269.7    0.12    0.24      0    263.7    0.12    0.25      0
       65536         16384     float     sum      -1    305.3    0.21    0.43      0    306.3    0.21    0.43      0
      131072         32768     float     sum      -1    407.7    0.32    0.64      0    378.1    0.35    0.69      0
      262144         65536     float     sum      -1    540.7    0.48    0.97      0    529.2    0.50    0.99      0
      524288        131072     float     sum      -1    655.1    0.80    1.60      0    605.7    0.87    1.73      0
     1048576        262144     float     sum      -1    707.1    1.48    2.96      0    670.0    1.57    3.13      0
     2097152        524288     float     sum      -1   1015.1    2.07    4.13      0   1025.4    2.05    4.09      0
     4194304       1048576     float     sum      -1   1712.1    2.45    4.89      0   1719.9    2.44    4.87      0
     8388608       2097152     float     sum      -1   1781.8    4.71    9.41      0   1774.8    4.73    9.44      0
    16777216       4194304     float     sum      -1   2019.0    8.31   16.60      0   2175.6    7.71   15.41      0
    33554432       8388608     float     sum      -1   2599.4   12.91   25.79      0   2660.6   12.61   25.20      0
    67108864      16777216     float     sum      -1   3268.3   20.53   41.03      0   3694.0   18.17   36.30      0
   134217728      33554432     float     sum      -1   5331.8   25.17   50.30      0   5661.9   23.71   47.36      0
   268435456      67108864     float     sum      -1   9214.0   29.13   58.21      0   8967.3   29.94   59.81      0
   536870912     134217728     float     sum      -1    70090    7.66   15.30      0    15458   34.73   69.39      0
  1073741824     268435456     float     sum      -1    29216   36.75   73.43      0    29093   36.91   73.74      0
  2147483648     536870912     float     sum      -1   107395   20.00   39.95      0    56729   37.85   75.64      0
  4294967296    1073741824     float     sum      -1    94004   45.69   91.29      0    93953   45.71   91.34      0
           8             2     float     sum      -1    107.8    0.00    0.00      0    104.7    0.00    0.00      0
          16             4     float     sum      -1    104.9    0.00    0.00      0    104.4    0.00    0.00      0
          32             8     float     sum      -1    105.2    0.00    0.00      0    104.6    0.00    0.00      0
          64            16     float     sum      -1    113.7    0.00    0.00      0    115.0    0.00    0.00      0
         128            32     float     sum      -1    118.0    0.00    0.00      0    117.7    0.00    0.00      0
         256            64     float     sum      -1    134.3    0.00    0.00      0    118.6    0.00    0.00      0
         512           128     float     sum      -1    125.5    0.00    0.01      0    121.6    0.00    0.01      0
        1024           256     float     sum      -1    136.9    0.01    0.01      0    143.9    0.01    0.01      0
        2048           512     float     sum      -1    146.9    0.01    0.03      0    146.4    0.01    0.03      0
        4096          1024     float     sum      -1    262.9    0.02    0.03      0    254.1    0.02    0.03      0
        8192          2048     float     sum      -1    260.0    0.03    0.06      0    255.6    0.03    0.06      0
       16384          4096     float     sum      -1    260.4    0.06    0.13      0    264.1    0.06    0.12      0
       32768          8192     float     sum      -1    269.7    0.12    0.24      0    263.3    0.12    0.25      0
       65536         16384     float     sum      -1    307.6    0.21    0.43      0    318.4    0.21    0.41      0
      131072         32768     float     sum      -1    386.4    0.34    0.68      0    383.4    0.34    0.68      0
      262144         65536     float     sum      -1    543.8    0.48    0.96      0    497.1    0.53    1.05      0
      524288        131072     float     sum      -1    543.5    0.96    1.93      0    615.8    0.85    1.70      0
     1048576        262144     float     sum      -1    676.1    1.55    3.10      0    680.1    1.54    3.08      0
     2097152        524288     float     sum      -1   1014.6    2.07    4.13      0   1016.0    2.06    4.12      0
     4194304       1048576     float     sum      -1   1715.5    2.44    4.89      0   1721.9    2.44    4.87      0
     8388608       2097152     float     sum      -1   1777.1    4.72    9.43      0   1786.4    4.70    9.38      0
    16777216       4194304     float     sum      -1   2025.3    8.28   16.55      0   2012.5    8.34   16.66      0
    33554432       8388608     float     sum      -1   2453.4   13.68   27.33      0   2577.5   13.02   26.01      0
    67108864      16777216     float     sum      -1   3329.1   20.16   40.28      0   3788.0   17.72   35.40      0
   134217728      33554432     float     sum      -1   5276.0   25.44   50.83      0   5985.7   22.42   44.80      0
   268435456      67108864     float     sum      -1   9225.0   29.10   58.14      0   9339.4   28.74   57.43      0
   536870912     134217728     float     sum      -1    16059   33.43   66.80      0    15497   34.64   69.22      0
  1073741824     268435456     float     sum      -1    29341   36.60   73.12      0    29116   36.88   73.68      0
  2147483648     536870912     float     sum      -1    57066   37.63   75.19      0    56772   37.83   75.58      0
  4294967296    1073741824     float     sum      -1    93994   45.69   91.30      0    93978   45.70   91.31      0
           8             2     float     sum      -1    153.3    0.00    0.00      0    104.5    0.00    0.00      0
          16             4     float     sum      -1    107.9    0.00    0.00      0    105.2    0.00    0.00      0
          32             8     float     sum      -1    104.5    0.00    0.00      0    104.7    0.00    0.00      0
          64            16     float     sum      -1    113.1    0.00    0.00      0    114.8    0.00    0.00      0
         128            32     float     sum      -1    126.2    0.00    0.00      0    116.5    0.00    0.00      0
         256            64     float     sum      -1    128.2    0.00    0.00      0    117.6    0.00    0.00      0
         512           128     float     sum      -1    123.2    0.00    0.01      0    132.4    0.00    0.01      0
        1024           256     float     sum      -1    136.1    0.01    0.02      0    142.5    0.01    0.01      0
        2048           512     float     sum      -1    148.0    0.01    0.03      0    144.4    0.01    0.03      0
        4096          1024     float     sum      -1    256.5    0.02    0.03      0    254.2    0.02    0.03      0
        8192          2048     float     sum      -1    258.2    0.03    0.06      0    255.5    0.03    0.06      0
       16384          4096     float     sum      -1    266.6    0.06    0.12      0    258.8    0.06    0.13      0
       32768          8192     float     sum      -1    270.8    0.12    0.24      0    264.8    0.12    0.25      0
       65536         16384     float     sum      -1    308.2    0.21    0.42      0    304.9    0.21    0.43      0
      131072         32768     float     sum      -1    391.6    0.33    0.67      0    377.8    0.35    0.69      0
      262144         65536     float     sum      -1    503.2    0.52    1.04      0    521.6    0.50    1.00      0
      524288        131072     float     sum      -1    640.1    0.82    1.64      0    593.0    0.88    1.77      0
     1048576        262144     float     sum      -1    673.2    1.56    3.11      0    679.2    1.54    3.08      0
     2097152        524288     float     sum      -1   1041.2    2.01    4.02      0   1015.2    2.07    4.13      0
     4194304       1048576     float     sum      -1   1712.5    2.45    4.89      0   1728.2    2.43    4.85      0
     8388608       2097152     float     sum      -1   1799.7    4.66    9.31      0   1775.3    4.73    9.44      0
    16777216       4194304     float     sum      -1   2227.4    7.53   15.05      0   2345.0    7.15   14.30      0
    33554432       8388608     float     sum      -1   2835.2   11.83   23.65      0   2637.1   12.72   25.42      0
    67108864      16777216     float     sum      -1   3543.0   18.94   37.85      0   3439.5   19.51   38.98      0
   134217728      33554432     float     sum      -1   6461.3   20.77   41.50      0   5419.8   24.76   49.48      0
   268435456      67108864     float     sum      -1   9033.0   29.72   59.38      0   9057.8   29.64   59.21      0
   536870912     134217728     float     sum      -1    87226    6.15   12.30      0    15812   33.95   67.84      0
  1073741824     268435456     float     sum      -1    29401   36.52   72.97      0    28979   37.05   74.03      0
  2147483648     536870912     float     sum      -1   181350   11.84   23.66      0   218351    9.84   19.65      0
  4294967296    1073741824     float     sum      -1    93933   45.72   91.36      0    94066   45.66   91.23      0
           8             2     float     sum      -1    108.5    0.00    0.00      0    104.6    0.00    0.00      0
          16             4     float     sum      -1    105.6    0.00    0.00      0    104.5    0.00    0.00      0
          32             8     float     sum      -1    104.7    0.00    0.00      0    150.7    0.00    0.00      0
          64            16     float     sum      -1    118.9    0.00    0.00      0    112.6    0.00    0.00      0
         128            32     float     sum      -1    134.9    0.00    0.00      0    117.1    0.00    0.00      0
         256            64     float     sum      -1    127.0    0.00    0.00      0    116.8    0.00    0.00      0
         512           128     float     sum      -1    125.7    0.00    0.01      0    121.6    0.00    0.01      0
        1024           256     float     sum      -1    135.9    0.01    0.02      0    134.7    0.01    0.02      0
        2048           512     float     sum      -1    148.0    0.01    0.03      0    149.1    0.01    0.03      0
        4096          1024     float     sum      -1    257.9    0.02    0.03      0    258.7    0.02    0.03      0
        8192          2048     float     sum      -1    257.3    0.03    0.06      0    255.1    0.03    0.06      0
       16384          4096     float     sum      -1    294.6    0.06    0.11      0    260.2    0.06    0.13      0
       32768          8192     float     sum      -1    267.5    0.12    0.24      0    277.2    0.12    0.24      0
       65536         16384     float     sum      -1    331.5    0.20    0.40      0    310.5    0.21    0.42      0
      131072         32768     float     sum      -1    415.0    0.32    0.63      0    370.0    0.35    0.71      0
      262144         65536     float     sum      -1    549.5    0.48    0.95      0    698.8    0.38    0.75      0
      524288        131072     float     sum      -1    771.8    0.68    1.36      0    739.5    0.71    1.42      0
     1048576        262144     float     sum      -1    698.4    1.50    3.00      0    718.5    1.46    2.92      0
     2097152        524288     float     sum      -1   1098.7    1.91    3.81      0   1074.5    1.95    3.90      0
     4194304       1048576     float     sum      -1   1769.6    2.37    4.74      0   1771.1    2.37    4.73      0
     8388608       2097152     float     sum      -1   1862.9    4.50    9.00      0   1808.3    4.64    9.27      0
    16777216       4194304     float     sum      -1   2053.2    8.17   16.33      0   2070.4    8.10   16.19      0
    33554432       8388608     float     sum      -1   2660.5   12.61   25.20      0   3031.0   11.07   22.12      0
    67108864      16777216     float     sum      -1   3838.1   17.48   34.94      0   3553.7   18.88   37.73      0
   134217728      33554432     float     sum      -1   6092.2   22.03   44.02      0   5745.4   23.36   46.68      0
   268435456      67108864     float     sum      -1   9215.2   29.13   58.20      0   9063.1   29.62   59.18      0
   536870912     134217728     float     sum      -1    16487   32.56   65.06      0    16179   33.18   66.30      0
  1073741824     268435456     float     sum      -1    29364   36.57   73.06      0    29591   36.29   72.50      0
  2147483648     536870912     float     sum      -1   201483   10.66   21.30      0    57008   37.67   75.27      0
  4294967296    1073741824     float     sum      -1   104542   41.08   82.09      0   111093   38.66   77.25      0
           8             2     float     sum      -1    121.4    0.00    0.00      0    104.3    0.00    0.00      0
          16             4     float     sum      -1    104.5    0.00    0.00      0    104.6    0.00    0.00      0
          32             8     float     sum      -1    105.7    0.00    0.00      0    104.7    0.00    0.00      0
          64            16     float     sum      -1    111.8    0.00    0.00      0    113.0    0.00    0.00      0
         128            32     float     sum      -1    118.0    0.00    0.00      0    116.0    0.00    0.00      0
         256            64     float     sum      -1    128.7    0.00    0.00      0    117.6    0.00    0.00      0
         512           128     float     sum      -1    124.5    0.00    0.01      0    121.9    0.00    0.01      0
        1024           256     float     sum      -1    137.2    0.01    0.01      0    137.3    0.01    0.01      0
        2048           512     float     sum      -1    150.5    0.01    0.03      0    147.0    0.01    0.03      0
        4096          1024     float     sum      -1    261.8    0.02    0.03      0    252.7    0.02    0.03      0
        8192          2048     float     sum      -1    284.1    0.03    0.06      0    256.7    0.03    0.06      0
       16384          4096     float     sum      -1    279.7    0.06    0.12      0    264.5    0.06    0.12      0
       32768          8192     float     sum      -1    278.7    0.12    0.23      0    275.7    0.12    0.24      0
       65536         16384     float     sum      -1    353.9    0.19    0.37      0    359.8    0.18    0.36      0
      131072         32768     float     sum      -1    464.3    0.28    0.56      0    468.3    0.28    0.56      0
      262144         65536     float     sum      -1    692.2    0.38    0.76      0    691.1    0.38    0.76      0
      524288        131072     float     sum      -1    744.5    0.70    1.41      0    732.4    0.72    1.43      0
     1048576        262144     float     sum      -1    709.9    1.48    2.95      0   1400.5    0.75    1.50      0
     2097152        524288     float     sum      -1   1042.5    2.01    4.02      0   1035.9    2.02    4.04      0
     4194304       1048576     float     sum      -1   1736.1    2.42    4.83      0   1793.9    2.34    4.67      0
     8388608       2097152     float     sum      -1   1925.5    4.36    8.70      0   1868.2    4.49    8.97      0
    16777216       4194304     float     sum      -1   2298.1    7.30   14.59      0   2052.1    8.18   16.34      0
    33554432       8388608     float     sum      -1   2747.4   12.21   24.40      0   2659.6   12.62   25.21      0
    67108864      16777216     float     sum      -1   3683.7   18.22   36.40      0   4510.4   14.88   29.73      0
   134217728      33554432     float     sum      -1   5890.1   22.79   45.53      0   5694.2   23.57   47.10      0
   268435456      67108864     float     sum      -1   9434.4   28.45   56.85      0    11273   23.81   47.58      0
   536870912     134217728     float     sum      -1    22149   24.24   48.43      0    23935   22.43   44.82      0
  1073741824     268435456     float     sum      -1    44804   23.97   47.88      0    47289   22.71   45.37      0
  2147483648     536870912     float     sum      -1   198463   10.82   21.62      0   176113   12.19   24.36      0
  4294967296    1073741824     float     sum      -1   113361   37.89   75.70      0   102802   41.78   83.48      0
           8             2     float     sum      -1    109.1    0.00    0.00      0    105.3    0.00    0.00      0
          16             4     float     sum      -1    105.3    0.00    0.00      0    105.3    0.00    0.00      0
          32             8     float     sum      -1    105.5    0.00    0.00      0    108.7    0.00    0.00      0
          64            16     float     sum      -1    112.9    0.00    0.00      0    112.5    0.00    0.00      0
         128            32     float     sum      -1    118.0    0.00    0.00      0    116.2    0.00    0.00      0
         256            64     float     sum      -1    126.7    0.00    0.00      0    118.0    0.00    0.00      0
         512           128     float     sum      -1    125.9    0.00    0.01      0    121.8    0.00    0.01      0
        1024           256     float     sum      -1    140.6    0.01    0.01      0    136.1    0.01    0.02      0
        2048           512     float     sum      -1    150.1    0.01    0.03      0    147.1    0.01    0.03      0
        4096          1024     float     sum      -1    263.8    0.02    0.03      0    253.7    0.02    0.03      0
        8192          2048     float     sum      -1    259.4    0.03    0.06      0    257.2    0.03    0.06      0
       16384          4096     float     sum      -1    273.1    0.06    0.12      0    265.9    0.06    0.12      0
       32768          8192     float     sum      -1    273.7    0.12    0.24      0    270.8    0.12    0.24      0
       65536         16384     float     sum      -1    337.5    0.19    0.39      0    344.6    0.19    0.38      0
      131072         32768     float     sum      -1    462.1    0.28    0.57      0    453.6    0.29    0.58      0
      262144         65536     float     sum      -1    682.5    0.38    0.77      0    687.7    0.38    0.76      0
      524288        131072     float     sum      -1    749.1    0.70    1.40      0    751.0    0.70    1.39      0
     1048576        262144     float     sum      -1    709.3    1.48    2.95      0    695.3    1.51    3.01      0
     2097152        524288     float     sum      -1   1167.1    1.80    3.59      0   1039.1    2.02    4.03      0
     4194304       1048576     float     sum      -1   1837.3    2.28    4.56      0   1742.8    2.41    4.81      0
     8388608       2097152     float     sum      -1   1929.1    4.35    8.69      0   1809.6    4.64    9.26      0
    16777216       4194304     float     sum      -1   2278.4    7.36   14.71      0   2187.7    7.67   15.32      0
    33554432       8388608     float     sum      -1   2705.6   12.40   24.78      0   2808.4   11.95   23.87      0
    67108864      16777216     float     sum      -1   3857.8   17.40   34.76      0   4337.7   15.47   30.91      0
   134217728      33554432     float     sum      -1   5302.0   25.31   50.58      0   5205.7   25.78   51.52      0
   268435456      67108864     float     sum      -1   9552.7   28.10   56.15      0   8824.0   30.42   60.78      0
   536870912     134217728     float     sum      -1    15839   33.89   67.72      0    15905   33.75   67.44      0
  1073741824     268435456     float     sum      -1    29013   37.01   73.94      0   110110    9.75   19.48      0
  2147483648     536870912     float     sum      -1   120400   17.84   35.64      0   107682   19.94   39.85      0
  4294967296    1073741824     float     sum      -1   102865   41.75   83.43      0   117687   36.49   72.92      0
           8             2     float     sum      -1    108.3    0.00    0.00      0    105.0    0.00    0.00      0
          16             4     float     sum      -1    104.8    0.00    0.00      0    105.1    0.00    0.00      0
          32             8     float     sum      -1    104.7    0.00    0.00      0    104.2    0.00    0.00      0
          64            16     float     sum      -1    113.0    0.00    0.00      0    112.0    0.00    0.00      0
         128            32     float     sum      -1    122.2    0.00    0.00      0    121.9    0.00    0.00      0
         256            64     float     sum      -1    129.1    0.00    0.00      0    124.1    0.00    0.00      0
         512           128     float     sum      -1    124.7    0.00    0.01      0    122.2    0.00    0.01      0
        1024           256     float     sum      -1    137.5    0.01    0.01      0    135.5    0.01    0.02      0
        2048           512     float     sum      -1    153.2    0.01    0.03      0    147.3    0.01    0.03      0
        4096          1024     float     sum      -1    255.8    0.02    0.03      0    253.9    0.02    0.03      0
        8192          2048     float     sum      -1    259.1    0.03    0.06      0    258.5    0.03    0.06      0
       16384          4096     float     sum      -1    271.2    0.06    0.12      0    266.4    0.06    0.12      0
       32768          8192     float     sum      -1    274.7    0.12    0.24      0    268.9    0.12    0.24      0
       65536         16384     float     sum      -1    377.8    0.17    0.35      0    374.8    0.17    0.35      0
      131072         32768     float     sum      -1    469.2    0.28    0.56      0    471.5    0.28    0.56      0
      262144         65536     float     sum      -1    692.9    0.38    0.76      0    680.3    0.39    0.77      0
      524288        131072     float     sum      -1    795.6    0.66    1.32      0    800.6    0.65    1.31      0
     1048576        262144     float     sum      -1    776.6    1.35    2.70      0    795.0    1.32    2.64      0
     2097152        524288     float     sum      -1   1472.6    1.42    2.85      0   1345.2    1.56    3.11      0
     4194304       1048576     float     sum      -1   2482.9    1.69    3.38      0   2038.1    2.06    4.11      0
     8388608       2097152     float     sum      -1   2514.6    3.34    6.67      0   2439.2    3.44    6.87      0
    16777216       4194304     float     sum      -1   3092.0    5.43   10.84      0   2830.1    5.93   11.84      0
    33554432       8388608     float     sum      -1   3376.4    9.94   19.86      0   3346.2   10.03   20.04      0
    67108864      16777216     float     sum      -1   5136.7   13.06   26.10      0   4722.1   14.21   28.40      0
   134217728      33554432     float     sum      -1   7531.2   17.82   35.61      0    53849    2.49    4.98      0
   268435456      67108864     float     sum      -1    10860   24.72   49.39      0    12091   22.20   44.36      0
   536870912     134217728     float     sum      -1   105657    5.08   10.15      0    23443   22.90   45.76      0
  1073741824     268435456     float     sum      -1   101493   10.58   21.14      0    38685   27.76   55.46      0
  2147483648     536870912     float     sum      -1   111819   19.20   38.37      0    57086   37.62   75.16      0
  4294967296    1073741824     float     sum      -1   102690   41.82   83.57      0   103915   41.33   82.58      0
