        size         count      type   redop    root     time   algbw   busbw #wrong     time   algbw   busbw #wrong
         (B)    (elements)                               (us)  (GB/s)  (GB/s)            (us)  (GB/s)  (GB/s)       
           8             2     float     sum      -1    33.99    0.00    0.00      0    33.20    0.00    0.00      0
          16             4     float     sum      -1    33.67    0.00    0.00      0    33.19    0.00    0.00      0
          32             8     float     sum      -1    33.50    0.00    0.00      0    32.95    0.00    0.00      0
          64            16     float     sum      -1    36.30    0.00    0.00      0    36.10    0.00    0.00      0
         128            32     float     sum      -1    36.35    0.00    0.01      0    36.22    0.00    0.01      0
         256            64     float     sum      -1    39.24    0.01    0.01      0    37.00    0.01    0.01      0
         512           128     float     sum      -1    38.66    0.01    0.02      0    37.78    0.01    0.03      0
        1024           256     float     sum      -1    42.15    0.02    0.05      0    41.60    0.02    0.05      0
        2048           512     float     sum      -1    44.95    0.05    0.09      0    43.92    0.05    0.09      0
        4096          1024     float     sum      -1    76.31    0.05    0.10      0    76.89    0.05    0.10      0
        8192          2048     float     sum      -1    77.64    0.11    0.20      0    76.55    0.11    0.20      0
       16384          4096     float     sum      -1    78.74    0.21    0.39      0    77.18    0.21    0.40      0
       32768          8192     float     sum      -1    79.02    0.41    0.78      0    77.88    0.42    0.79      0
       65536         16384     float     sum      -1    88.26    0.74    1.39      0    86.47    0.76    1.42      0
      131072         32768     float     sum      -1    139.4    0.94    1.76      0    138.1    0.95    1.78      0
      262144         65536     float     sum      -1    164.8    1.59    2.98      0    163.5    1.60    3.01      0
      524288        131072     float     sum      -1    317.8    1.65    3.09      0    459.1    1.14    2.14      0
     1048576        262144     float     sum      -1    526.9    1.99    3.73      0    247.1    4.24    7.96      0
     2097152        524288     float     sum      -1    322.0    6.51   12.21      0    322.2    6.51   12.20      0
     4194304       1048576     float     sum      -1    528.8    7.93   14.87      0    529.1    7.93   14.86      0
     8388608       2097152     float     sum      -1    582.2   14.41   27.02      0    586.9   14.29   26.80      0
    16777216       4194304     float     sum      -1    603.0   27.82   52.17      0    604.9   27.74   52.01      0
    33554432       8388608     float     sum      -1    754.7   44.46   83.37      0    754.9   44.45   83.35      0
    67108864      16777216     float     sum      -1   1411.5   47.55   89.15      0   1409.0   47.63   89.30      0
   134217728      33554432     float     sum      -1   2773.8   48.39   90.73      0   2771.9   48.42   90.79      0
   268435456      67108864     float     sum      -1   5542.6   48.43   90.81      0   5538.5   48.47   90.88      0
   536870912     134217728     float     sum      -1    10947   49.04   91.95      0    10985   48.87   91.64      0
  1073741824     268435456     float     sum      -1    21842   49.16   92.17      0    21850   49.14   92.14      0
  2147483648     536870912     float     sum      -1    43547   49.31   92.46      0    43565   49.29   92.43      0
  4294967296    1073741824     float     sum      -1    86988   49.37   92.58      0    86939   49.40   92.63      0
           8             2     float     sum      -1    34.39    0.00    0.00      0    32.99    0.00    0.00      0
          16             4     float     sum      -1    33.43    0.00    0.00      0    33.41    0.00    0.00      0
          32             8     float     sum      -1    32.97    0.00    0.00      0    33.36    0.00    0.00      0
          64            16     float     sum      -1    35.79    0.00    0.00      0    35.49    0.00    0.00      0
         128            32     float     sum      -1    36.53    0.00    0.01      0    36.21    0.00    0.01      0
         256            64     float     sum      -1    37.68    0.01    0.01      0    36.67    0.01    0.01      0
         512           128     float     sum      -1    38.11    0.01    0.03      0    37.31    0.01    0.03      0
        1024           256     float     sum      -1    42.53    0.02    0.05      0    41.00    0.02    0.05      0
        2048           512     float     sum      -1    46.62    0.04    0.08      0    45.27    0.05    0.08      0
        4096          1024     float     sum      -1    76.50    0.05    0.10      0    75.84    0.05    0.10      0
        8192          2048     float     sum      -1    76.25    0.11    0.20      0    76.56    0.11    0.20      0
       16384          4096     float     sum      -1    77.78    0.21    0.39      0    77.43    0.21    0.40      0
       32768          8192     float     sum      -1    79.18    0.41    0.78      0    78.90    0.42    0.78      0
       65536         16384     float     sum      -1    87.64    0.75    1.40      0    86.69    0.76    1.42      0
      131072         32768     float     sum      -1    140.6    0.93    1.75      0    138.5    0.95    1.77      0
      262144         65536     float     sum      -1    161.7    1.62    3.04      0    159.4    1.65    3.08      0
      524288        131072     float     sum      -1    298.9    1.75    3.29      0    375.1    1.40    2.62      0
     1048576        262144     float     sum      -1    581.2    1.80    3.38      0    279.5    3.75    7.03      0
     2097152        524288     float     sum      -1    324.0    6.47   12.14      0    314.6    6.67   12.50      0
     4194304       1048576     float     sum      -1    527.5    7.95   14.91      0    512.6    8.18   15.34      0
     8388608       2097152     float     sum      -1    587.3   14.28   26.78      0    584.3   14.36   26.92      0
    16777216       4194304     float     sum      -1    602.6   27.84   52.20      0    604.9   27.74   52.01      0
    33554432       8388608     float     sum      -1    756.1   44.38   83.20      0    752.9   44.56   83.56      0
    67108864      16777216     float     sum      -1   1409.9   47.60   89.25      0   1411.3   47.55   89.16      0
   134217728      33554432     float     sum      -1   2777.8   48.32   90.60      0   2781.4   48.25   90.48      0
   268435456      67108864     float     sum      -1   5531.9   48.52   90.98      0   5558.2   48.30   90.55      0
   536870912     134217728     float     sum      -1    10985   48.87   91.64      0    10990   48.85   91.59      0
  1073741824     268435456     float     sum      -1    21847   49.15   92.15      0    21800   49.26   92.35      0
  2147483648     536870912     float     sum      -1    43536   49.33   92.49      0    43543   49.32   92.47      0
  4294967296    1073741824     float     sum      -1    86928   49.41   92.64      0    87050   49.34   92.51      0
           8             2     float     sum      -1    33.51    0.00    0.00      0    33.35    0.00    0.00      0
          16             4     float     sum      -1    33.47    0.00    0.00      0    33.08    0.00    0.00      0
          32             8     float     sum      -1    33.55    0.00    0.00      0    33.22    0.00    0.00      0
          64            16     float     sum      -1    35.53    0.00    0.00      0    35.62    0.00    0.00      0
         128            32     float     sum      -1    36.34    0.00    0.01      0    35.99    0.00    0.01      0
         256            64     float     sum      -1    37.36    0.01    0.01      0    36.96    0.01    0.01      0
         512           128     float     sum      -1    37.95    0.01    0.03      0    37.91    0.01    0.03      0
        1024           256     float     sum      -1    42.32    0.02    0.05      0    41.92    0.02    0.05      0
        2048           512     float     sum      -1    44.97    0.05    0.09      0    44.36    0.05    0.09      0
        4096          1024     float     sum      -1    75.95    0.05    0.10      0    74.84    0.05    0.10      0
        8192          2048     float     sum      -1    76.74    0.11    0.20      0    76.50    0.11    0.20      0
       16384          4096     float     sum      -1    78.99    0.21    0.39      0    77.47    0.21    0.40      0
       32768          8192     float     sum      -1    78.83    0.42    0.78      0    78.27    0.42    0.78      0
       65536         16384     float     sum      -1    88.15    0.74    1.39      0    86.54    0.76    1.42      0
      131072         32768     float     sum      -1    140.5    0.93    1.75      0    140.1    0.94    1.75      0
      262144         65536     float     sum      -1    161.6    1.62    3.04      0    157.4    1.67    3.12      0
      524288        131072     float     sum      -1    310.7    1.69    3.16      0    295.2    1.78    3.33      0
     1048576        262144     float     sum      -1    272.4    3.85    7.22      0    316.1    3.32    6.22      0
     2097152        524288     float     sum      -1    321.2    6.53   12.24      0    322.4    6.50   12.20      0
     4194304       1048576     float     sum      -1    530.1    7.91   14.84      0    528.6    7.93   14.88      0
     8388608       2097152     float     sum      -1    584.9   14.34   26.89      0    582.3   14.41   27.01      0
    16777216       4194304     float     sum      -1    605.3   27.72   51.97      0    602.7   27.84   52.19      0
    33554432       8388608     float     sum      -1    756.4   44.36   83.18      0    754.2   44.49   83.41      0
    67108864      16777216     float     sum      -1   1410.4   47.58   89.22      0   1411.0   47.56   89.18      0
   134217728      33554432     float     sum      -1   2773.5   48.39   90.74      0   2779.9   48.28   90.53      0
   268435456      67108864     float     sum      -1   5529.0   48.55   91.03      0   5554.1   48.33   90.62      0
   536870912     134217728     float     sum      -1    10994   48.83   91.56      0    10981   48.89   91.67      0
  1073741824     268435456     float     sum      -1    21797   49.26   92.37      0    21820   49.21   92.27      0
  2147483648     536870912     float     sum      -1    43523   49.34   92.51      0    43528   49.34   92.51      0
  4294967296    1073741824     float     sum      -1    87120   49.30   92.44      0    86951   49.39   92.62      0
           8             2     float     sum      -1    33.61    0.00    0.00      0    33.36    0.00    0.00      0
          16             4     float     sum      -1    33.49    0.00    0.00      0    32.84    0.00    0.00      0
          32             8     float     sum      -1    33.30    0.00    0.00      0    32.58    0.00    0.00      0
          64            16     float     sum      -1    35.64    0.00    0.00      0    35.31    0.00    0.00      0
         128            32     float     sum      -1    36.72    0.00    0.01      0    36.28    0.00    0.01      0
         256            64     float     sum      -1    37.26    0.01    0.01      0    36.73    0.01    0.01      0
         512           128     float     sum      -1    38.15    0.01    0.03      0    37.59    0.01    0.03      0
        1024           256     float     sum      -1    41.75    0.02    0.05      0    41.69    0.02    0.05      0
        2048           512     float     sum      -1    45.37    0.05    0.08      0    45.06    0.05    0.09      0
        4096          1024     float     sum      -1    75.87    0.05    0.10      0    75.93    0.05    0.10      0
        8192          2048     float     sum      -1    76.43    0.11    0.20      0    77.08    0.11    0.20      0
       16384          4096     float     sum      -1    78.20    0.21    0.39      0    77.91    0.21    0.39      0
       32768          8192     float     sum      -1    79.03    0.41    0.78      0    78.23    0.42    0.79      0
       65536         16384     float     sum      -1    88.56    0.74    1.39      0    86.65    0.76    1.42      0
      131072         32768     float     sum      -1    141.0    0.93    1.74      0    138.7    0.94    1.77      0
      262144         65536     float     sum      -1    160.0    1.64    3.07      0    160.8    1.63    3.06      0
      524288        131072     float     sum      -1    262.8    1.99    3.74      0    370.2    1.42    2.66      0
     1048576        262144     float     sum      -1    256.2    4.09    7.67      0    391.3    2.68    5.02      0
     2097152        524288     float     sum      -1    322.7    6.50   12.19      0    323.0    6.49   12.17      0
     4194304       1048576     float     sum      -1    529.6    7.92   14.85      0    527.6    7.95   14.90      0
     8388608       2097152     float     sum      -1    583.0   14.39   26.98      0    583.4   14.38   26.96      0
    16777216       4194304     float     sum      -1    605.1   27.73   51.99      0    609.1   27.54   51.64      0
    33554432       8388608     float     sum      -1    754.7   44.46   83.36      0    753.8   44.51   83.46      0
    67108864      16777216     float     sum      -1   1412.0   47.53   89.12      0   1410.1   47.59   89.23      0
   134217728      33554432     float     sum      -1   2778.4   48.31   90.58      0   2773.4   48.40   90.74      0
   268435456      67108864     float     sum      -1   5525.5   48.58   91.09      0   5536.3   48.49   90.91      0
   536870912     134217728     float     sum      -1    10952   49.02   91.91      0    10968   48.95   91.78      0
  1073741824     268435456     float     sum      -1    21838   49.17   92.19      0    21808   49.24   92.32      0
  2147483648     536870912     float     sum      -1    43560   49.30   92.44      0    43554   49.31   92.45      0
  4294967296    1073741824     float     sum      -1    86989   49.37   92.58      0    86961   49.39   92.61      0
           8             2     float     sum      -1    33.75    0.00    0.00      0    32.71    0.00    0.00      0
          16             4     float     sum      -1    33.08    0.00    0.00      0    32.87    0.00    0.00      0
          32             8     float     sum      -1    33.38    0.00    0.00      0    33.12    0.00    0.00      0
          64            16     float     sum      -1    35.82    0.00    0.00      0    35.45    0.00    0.00      0
         128            32     float     sum      -1    36.57    0.00    0.01      0    36.51    0.00    0.01      0
         256            64     float     sum      -1    36.92    0.01    0.01      0    36.85    0.01    0.01      0
         512           128     float     sum      -1    37.97    0.01    0.03      0    37.50    0.01    0.03      0
        1024           256     float     sum      -1    41.95    0.02    0.05      0    41.31    0.02    0.05      0
        2048           512     float     sum      -1    44.83    0.05    0.09      0    44.01    0.05    0.09      0
        4096          1024     float     sum      -1    75.60    0.05    0.10      0    76.45    0.05    0.10      0
        8192          2048     float     sum      -1    77.10    0.11    0.20      0    76.27    0.11    0.20      0
       16384          4096     float     sum      -1    78.50    0.21    0.39      0    77.48    0.21    0.40      0
       32768          8192     float     sum      -1    78.74    0.42    0.78      0    78.25    0.42    0.79      0
       65536         16384     float     sum      -1    88.82    0.74    1.38      0    86.06    0.76    1.43      0
      131072         32768     float     sum      -1    139.7    0.94    1.76      0    140.8    0.93    1.75      0
      262144         65536     float     sum      -1    161.6    1.62    3.04      0    163.0    1.61    3.02      0
      524288        131072     float     sum      -1    252.6    2.08    3.89      0    332.0    1.58    2.96      0
     1048576        262144     float     sum      -1    332.0    3.16    5.92      0    297.6    3.52    6.61      0
     2097152        524288     float     sum      -1    323.3    6.49   12.16      0    322.9    6.50   12.18      0
     4194304       1048576     float     sum      -1    530.9    7.90   14.81      0    513.1    8.18   15.33      0
     8388608       2097152     float     sum      -1    584.9   14.34   26.89      0    584.3   14.36   26.92      0
    16777216       4194304     float     sum      -1    606.3   27.67   51.88      0    605.4   27.71   51.96      0
    33554432       8388608     float     sum      -1    758.4   44.24   82.96      0    752.1   44.62   83.65      0
    67108864      16777216     float     sum      -1   1410.2   47.59   89.23      0   1412.0   47.53   89.11      0
   134217728      33554432     float     sum      -1   2776.4   48.34   90.64      0   2778.7   48.30   90.57      0
   268435456      67108864     float     sum      -1   5537.7   48.47   90.89      0   5546.2   48.40   90.75      0
   536870912     134217728     float     sum      -1    10974   48.92   91.73      0    10951   49.02   91.92      0
  1073741824     268435456     float     sum      -1    21885   49.06   91.99      0    21828   49.19   92.23      0
  2147483648     536870912     float     sum      -1    43554   49.31   92.45      0    43564   49.30   92.43      0
  4294967296    1073741824     float     sum      -1    86998   49.37   92.57      0    86916   49.42   92.65      0
           8             2     float     sum      -1    33.73    0.00    0.00      0    33.20    0.00    0.00      0
          16             4     float     sum      -1    33.06    0.00    0.00      0    33.06    0.00    0.00      0
          32             8     float     sum      -1    33.05    0.00    0.00      0    33.69    0.00    0.00      0
          64            16     float     sum      -1    35.81    0.00    0.00      0    35.26    0.00    0.00      0
         128            32     float     sum      -1    36.91    0.00    0.01      0    36.66    0.00    0.01      0
         256            64     float     sum      -1    37.21    0.01    0.01      0    36.49    0.01    0.01      0
         512           128     float     sum      -1    37.97    0.01    0.03      0    37.17    0.01    0.03      0
        1024           256     float     sum      -1    42.54    0.02    0.05      0    42.18    0.02    0.05      0
        2048           512     float     sum      -1    44.92    0.05    0.09      0    43.73    0.05    0.09      0
        4096          1024     float     sum      -1    76.13    0.05    0.10      0    75.28    0.05    0.10      0
        8192          2048     float     sum      -1    77.23    0.11    0.20      0    76.94    0.11    0.20      0
       16384          4096     float     sum      -1    78.09    0.21    0.39      0    77.41    0.21    0.40      0
       32768          8192     float     sum      -1    78.96    0.42    0.78      0    77.88    0.42    0.79      0
       65536         16384     float     sum      -1    87.82    0.75    1.40      0    86.49    0.76    1.42      0
      131072         32768     float     sum      -1    138.5    0.95    1.77      0    136.5    0.96    1.80      0
      262144         65536     float     sum      -1    159.4    1.64    3.08      0    159.3    1.65    3.09      0
      524288        131072     float     sum      -1    333.6    1.57    2.95      0    291.7    1.80    3.37      0
     1048576        262144     float     sum      -1    266.3    3.94    7.38      0    350.5    2.99    5.61      0
     2097152        524288     float     sum      -1    321.7    6.52   12.22      0    321.0    6.53   12.25      0
     4194304       1048576     float     sum      -1    531.2    7.90   14.80      0    529.7    7.92   14.85      0
     8388608       2097152     float     sum      -1    584.2   14.36   26.92      0    582.2   14.41   27.02      0
    16777216       4194304     float     sum      -1    602.9   27.83   52.18      0    604.5   27.75   52.04      0
    33554432       8388608     float     sum      -1    752.6   44.58   83.60      0    752.7   44.58   83.59      0
    67108864      16777216     float     sum      -1   1410.3   47.59   89.22      0   1410.1   47.59   89.23      0
   134217728      33554432     float     sum      -1   2780.3   48.28   90.52      0   2775.5   48.36   90.67      0
   268435456      67108864     float     sum      -1   5528.1   48.56   91.05      0   5521.0   48.62   91.16      0
   536870912     134217728     float     sum      -1    10936   49.09   92.05      0    10963   48.97   91.82      0
  1073741824     268435456     float     sum      -1    21823   49.20   92.25      0    21804   49.25   92.33      0
  2147483648     536870912     float     sum      -1    43547   49.31   92.46      0    43534   49.33   92.49      0
  4294967296    1073741824     float     sum      -1    87036   49.35   92.53      0    86963   49.39   92.60      0
           8             2     float     sum      -1    33.59    0.00    0.00      0    33.40    0.00    0.00      0
          16             4     float     sum      -1    33.03    0.00    0.00      0    33.45    0.00    0.00      0
          32             8     float     sum      -1    33.14    0.00    0.00      0    32.80    0.00    0.00      0
          64            16     float     sum      -1    35.80    0.00    0.00      0    35.19    0.00    0.00      0
         128            32     float     sum      -1    36.35    0.00    0.01      0    35.97    0.00    0.01      0
         256            64     float     sum      -1    37.37    0.01    0.01      0    36.53    0.01    0.01      0
         512           128     float     sum      -1    38.27    0.01    0.03      0    37.90    0.01    0.03      0
        1024           256     float     sum      -1    41.51    0.02    0.05      0    41.13    0.02    0.05      0
        2048           512     float     sum      -1    44.43    0.05    0.09      0    44.47    0.05    0.09      0
        4096          1024     float     sum      -1    75.88    0.05    0.10      0    75.29    0.05    0.10      0
        8192          2048     float     sum      -1    77.15    0.11    0.20      0    76.76    0.11    0.20      0
       16384          4096     float     sum      -1    78.25    0.21    0.39      0    76.82    0.21    0.40      0
       32768          8192     float     sum      -1    79.08    0.41    0.78      0    77.93    0.42    0.79      0
       65536         16384     float     sum      -1    87.95    0.75    1.40      0    86.80    0.76    1.42      0
      131072         32768     float     sum      -1    137.7    0.95    1.79      0    139.1    0.94    1.77      0
      262144         65536     float     sum      -1    165.4    1.58    2.97      0    160.5    1.63    3.06      0
      524288        131072     float     sum      -1    292.8    1.79    3.36      0    243.0    2.16    4.05      0
     1048576        262144     float     sum      -1    386.2    2.72    5.09      0    344.9    3.04    5.70      0
     2097152        524288     float     sum      -1    321.1    6.53   12.25      0    322.9    6.49   12.18      0
     4194304       1048576     float     sum      -1    530.5    7.91   14.82      0    529.5    7.92   14.85      0
     8388608       2097152     float     sum      -1    583.5   14.38   26.95      0    584.9   14.34   26.89      0
    16777216       4194304     float     sum      -1    608.6   27.56   51.68      0    604.1   27.77   52.08      0
    33554432       8388608     float     sum      -1    755.0   44.44   83.33      0    750.6   44.70   83.82      0
    67108864      16777216     float     sum      -1   1412.0   47.53   89.11      0   1413.0   47.49   89.05      0
   134217728      33554432     float     sum      -1   2775.8   48.35   90.66      0   2773.6   48.39   90.73      0
   268435456      67108864     float     sum      -1   5535.3   48.50   90.93      0   5549.0   48.38   90.70      0
   536870912     134217728     float     sum      -1    10993   48.84   91.57      0    10958   48.99   91.86      0
  1073741824     268435456     float     sum      -1    21855   49.13   92.12      0    21833   49.18   92.21      0
  2147483648     536870912     float     sum      -1    43542   49.32   92.48      0    43529   49.33   92.50      0
  4294967296    1073741824     float     sum      -1    86962   49.39   92.60      0    86945   49.40   92.62      0
           8             2     float     sum      -1    34.26    0.00    0.00      0    33.14    0.00    0.00      0
          16             4     float     sum      -1    33.13    0.00    0.00      0    32.79    0.00    0.00      0
          32             8     float     sum      -1    32.68    0.00    0.00      0    32.85    0.00    0.00      0
          64            16     float     sum      -1    36.17    0.00    0.00      0    35.43    0.00    0.00      0
         128            32     float     sum      -1    36.99    0.00    0.01      0    35.94    0.00    0.01      0
         256            64     float     sum      -1    37.13    0.01    0.01      0    36.97    0.01    0.01      0
         512           128     float     sum      -1    37.99    0.01    0.03      0    37.91    0.01    0.03      0
        1024           256     float     sum      -1    41.79    0.02    0.05      0    41.24    0.02    0.05      0
        2048           512     float     sum      -1    45.27    0.05    0.08      0    44.12    0.05    0.09      0
        4096          1024     float     sum      -1    75.99    0.05    0.10      0    75.59    0.05    0.10      0
        8192          2048     float     sum      -1    77.31    0.11    0.20      0    76.74    0.11    0.20      0
       16384          4096     float     sum      -1    78.02    0.21    0.39      0    77.65    0.21    0.40      0
       32768          8192     float     sum      -1    78.50    0.42    0.78      0    78.65    0.42    0.78      0
       65536         16384     float     sum      -1    88.20    0.74    1.39      0    86.89    0.75    1.41      0
      131072         32768     float     sum      -1    142.4    0.92    1.73      0    137.7    0.95    1.78      0
      262144         65536     float     sum      -1    159.5    1.64    3.08      0    164.4    1.59    2.99      0
      524288        131072     float     sum      -1    327.8    1.60    3.00      0    244.5    2.14    4.02      0
     1048576        262144     float     sum      -1    447.6    2.34    4.39      0    299.1    3.51    6.57      0
     2097152        524288     float     sum      -1    324.5    6.46   12.12      0    315.2    6.65   12.47      0
     4194304       1048576     float     sum      -1    529.5    7.92   14.85      0    528.8    7.93   14.87      0
     8388608       2097152     float     sum      -1    585.8   14.32   26.85      0    586.7   14.30   26.81      0
    16777216       4194304     float     sum      -1    606.9   27.65   51.84      0    606.9   27.65   51.84      0
    33554432       8388608     float     sum      -1    755.7   44.40   83.26      0    754.5   44.47   83.39      0
    67108864      16777216     float     sum      -1   1410.7   47.57   89.20      0   1411.1   47.56   89.17      0
   134217728      33554432     float     sum      -1   2776.2   48.35   90.65      0   2773.4   48.39   90.74      0
   268435456      67108864     float     sum      -1   5550.0   48.37   90.69      0   5559.1   48.29   90.54      0
   536870912     134217728     float     sum      -1    10999   48.81   91.52      0    11007   48.78   91.46      0
  1073741824     268435456     float     sum      -1    21796   49.26   92.37      0    21858   49.12   92.11      0
  2147483648     536870912     float     sum      -1    43512   49.35   92.54      0    43528   49.34   92.50      0
  4294967296    1073741824     float     sum      -1    86956   49.39   92.61      0    86936   49.40   92.63      0
           8             2     float     sum      -1    34.20    0.00    0.00      0    33.44    0.00    0.00      0
          16             4     float     sum      -1    33.16    0.00    0.00      0    33.00    0.00    0.00      0
          32             8     float     sum      -1    32.64    0.00    0.00      0    33.05    0.00    0.00      0
          64            16     float     sum      -1    35.51    0.00    0.00      0    35.47    0.00    0.00      0
         128            32     float     sum      -1    36.46    0.00    0.01      0    36.60    0.00    0.01      0
         256            64     float     sum      -1    37.09    0.01    0.01      0    36.74    0.01    0.01      0
         512           128     float     sum      -1    38.52    0.01    0.02      0    37.84    0.01    0.03      0
        1024           256     float     sum      -1    42.19    0.02    0.05      0    41.53    0.02    0.05      0
        2048           512     float     sum      -1    45.03    0.05    0.09      0    44.82    0.05    0.09      0
        4096          1024     float     sum      -1    75.74    0.05    0.10      0    75.67    0.05    0.10      0
        8192          2048     float     sum      -1    78.50    0.10    0.20      0    76.48    0.11    0.20      0
       16384          4096     float     sum      -1    78.61    0.21    0.39      0    77.48    0.21    0.40      0
       32768          8192     float     sum      -1    79.09    0.41    0.78      0    79.09    0.41    0.78      0
       65536         16384     float     sum      -1    87.90    0.75    1.40      0    86.46    0.76    1.42      0
      131072         32768     float     sum      -1    136.8    0.96    1.80      0    136.6    0.96    1.80      0
      262144         65536     float     sum      -1    160.3    1.63    3.07      0    165.5    1.58    2.97      0
      524288        131072     float     sum      -1    291.8    1.80    3.37      0    254.8    2.06    3.86      0
     1048576        262144     float     sum      -1    257.7    4.07    7.63      0    358.2    2.93    5.49      0
     2097152        524288     float     sum      -1    324.1    6.47   12.13      0    321.2    6.53   12.24      0
     4194304       1048576     float     sum      -1    529.7    7.92   14.85      0    513.1    8.18   15.33      0
     8388608       2097152     float     sum      -1    584.0   14.37   26.93      0    580.2   14.46   27.11      0
    16777216       4194304     float     sum      -1    605.1   27.72   51.98      0    603.9   27.78   52.09      0
    33554432       8388608     float     sum      -1    753.9   44.51   83.45      0    752.0   44.62   83.66      0
    67108864      16777216     float     sum      -1   1409.8   47.60   89.26      0   1410.9   47.57   89.19      0
   134217728      33554432     float     sum      -1   2775.5   48.36   90.67      0   2773.4   48.40   90.74      0
   268435456      67108864     float     sum      -1   5529.9   48.54   91.02      0   5565.1   48.24   90.44      0
   536870912     134217728     float     sum      -1    10964   48.97   91.81      0    10948   49.04   91.95      0
  1073741824     268435456     float     sum      -1    21817   49.22   92.28      0    21844   49.16   92.17      0
  2147483648     536870912     float     sum      -1    43527   49.34   92.51      0    43546   49.32   92.47      0
  4294967296    1073741824     float     sum      -1    86986   49.38   92.58      0    86930   49.41   92.64      0
           8             2     float     sum      -1    34.21    0.00    0.00      0    33.25    0.00    0.00      0
          16             4     float     sum      -1    33.25    0.00    0.00      0    32.91    0.00    0.00      0
          32             8     float     sum      -1    33.12    0.00    0.00      0    32.95    0.00    0.00      0
          64            16     float     sum      -1    35.68    0.00    0.00      0    35.96    0.00    0.00      0
         128            32     float     sum      -1    37.00    0.00    0.01      0    36.49    0.00    0.01      0
         256            64     float     sum      -1    37.27    0.01    0.01      0    37.12    0.01    0.01      0
         512           128     float     sum      -1    38.36    0.01    0.03      0    37.64    0.01    0.03      0
        1024           256     float     sum      -1    41.93    0.02    0.05      0    42.27    0.02    0.05      0
        2048           512     float     sum      -1    45.41    0.05    0.08      0    44.11    0.05    0.09      0
        4096          1024     float     sum      -1    75.77    0.05    0.10      0    75.80    0.05    0.10      0
        8192          2048     float     sum      -1    76.68    0.11    0.20      0    76.29    0.11    0.20      0
       16384          4096     float     sum      -1    78.37    0.21    0.39      0    77.48    0.21    0.40      0
       32768          8192     float     sum      -1    79.00    0.41    0.78      0    78.26    0.42    0.79      0
       65536         16384     float     sum      -1    87.59    0.75    1.40      0    86.58    0.76    1.42      0
      131072         32768     float     sum      -1    137.1    0.96    1.79      0    136.2    0.96    1.80      0
      262144         65536     float     sum      -1    161.4    1.62    3.04      0    157.4    1.67    3.12      0
      524288        131072     float     sum      -1    222.1    2.36    4.43      0    284.7    1.84    3.45      0
     1048576        262144     float     sum      -1    436.0    2.40    4.51      0    321.5    3.26    6.11      0
     2097152        524288     float     sum      -1    316.2    6.63   12.44      0    321.9    6.51   12.21      0
     4194304       1048576     float     sum      -1    530.8    7.90   14.82      0    530.8    7.90   14.82      0
     8388608       2097152     float     sum      -1    585.4   14.33   26.87      0    583.2   14.38   26.97      0
    16777216       4194304     float     sum      -1    601.1   27.91   52.33      0    602.6   27.84   52.20      0
    33554432       8388608     float     sum      -1    753.7   44.52   83.48      0    753.0   44.56   83.55      0
    67108864      16777216     float     sum      -1   1411.4   47.55   89.15      0   1408.7   47.64   89.32      0
   134217728      33554432     float     sum      -1   2771.0   48.44   90.82      0   2782.0   48.24   90.46      0
   268435456      67108864     float     sum      -1   5535.0   48.50   90.93      0   5557.9   48.30   90.56      0
   536870912     134217728     float     sum      -1    10981   48.89   91.67      0    10986   48.87   91.63      0
  1073741824     268435456     float     sum      -1    21841   49.16   92.18      0    21826   49.20   92.24      0
  2147483648     536870912     float     sum      -1    43523   49.34   92.51      0    43557   49.30   92.44      0
  4294967296    1073741824     float     sum      -1    86962   49.39   92.60      0    86950   49.40   92.62      0
