        size         count      type   redop    root     time   algbw   busbw #wrong     time   algbw   busbw #wrong
         (B)    (elements)                               (us)  (GB/s)  (GB/s)            (us)  (GB/s)  (GB/s)       
           8             2     float     sum      -1    66.96    0.00    0.00      0    66.28    0.00    0.00      0
          16             4     float     sum      -1    65.25    0.00    0.00      0    66.20    0.00    0.00      0
          32             8     float     sum      -1    65.67    0.00    0.00      0    66.12    0.00    0.00      0
          64            16     float     sum      -1    72.33    0.00    0.00      0    71.98    0.00    0.00      0
         128            32     float     sum      -1    72.96    0.00    0.00      0    72.17    0.00    0.00      0
         256            64     float     sum      -1    76.04    0.00    0.01      0    72.46    0.00    0.01      0
         512           128     float     sum      -1    77.85    0.01    0.01      0    74.97    0.01    0.01      0
        1024           256     float     sum      -1    85.36    0.01    0.02      0    84.05    0.01    0.02      0
        2048           512     float     sum      -1    90.23    0.02    0.05      0    89.86    0.02    0.05      0
        4096          1024     float     sum      -1    151.3    0.03    0.05      0    149.1    0.03    0.05      0
        8192          2048     float     sum      -1    160.5    0.05    0.10      0    158.6    0.05    0.10      0
       16384          4096     float     sum      -1    175.6    0.09    0.19      0    170.8    0.10    0.19      0
       32768          8192     float     sum      -1    184.1    0.18    0.35      0    166.3    0.20    0.39      0
       65536         16384     float     sum      -1    223.4    0.29    0.58      0    240.5    0.27    0.54      0
      131072         32768     float     sum      -1    408.5    0.32    0.64      0    389.7    0.34    0.67      0
      262144         65536     float     sum      -1    503.0    0.52    1.03      0    505.2    0.52    1.03      0
      524288        131072     float     sum      -1    417.7    1.26    2.49      0    423.3    1.24    2.46      0
     1048576        262144     float     sum      -1    616.2    1.70    3.38      0    660.1    1.59    3.15      0
     2097152        524288     float     sum      -1   1017.9    2.06    4.09      0    810.4    2.59    5.14      0
     4194304       1048576     float     sum      -1   1770.2    2.37    4.70      0   1720.4    2.44    4.84      0
     8388608       2097152     float     sum      -1   1632.6    5.14   10.20      0   1903.2    4.41    8.75      0
    16777216       4194304     float     sum      -1   2150.1    7.80   15.48      0   2031.7    8.26   16.39      0
    33554432       8388608     float     sum      -1   2846.9   11.79   23.39      0   2881.4   11.65   23.11      0
    67108864      16777216     float     sum      -1   4108.1   16.34   32.42      0   4307.7   15.58   30.91      0
   134217728      33554432     float     sum      -1   6557.6   20.47   40.62      0   6335.3   21.19   42.04      0
   268435456      67108864     float     sum      -1   8950.8   29.99   59.51      0   8506.1   31.56   62.62      0
   536870912     134217728     float     sum      -1    17434   30.80   61.11      0    17251   31.12   61.75      0
  1073741824     268435456     float     sum      -1    35246   30.46   60.45      0    35524   30.23   59.98      0
  2147483648     536870912     float     sum      -1    64784   33.15   65.78      0    62582   34.31   68.09      0
  4294967296    1073741824     float     sum      -1   111533   38.51   76.42      0   111919   38.38   76.15      0
           8             2     float     sum      -1    66.70    0.00    0.00      0    65.45    0.00    0.00      0
          16             4     float     sum      -1    65.22    0.00    0.00      0    65.87    0.00    0.00      0
          32             8     float     sum      -1    64.49    0.00    0.00      0    65.80    0.00    0.00      0
          64            16     float     sum      -1    70.86    0.00    0.00      0    70.73    0.00    0.00      0
         128            32     float     sum      -1    71.55    0.00    0.00      0    71.47    0.00    0.00      0
         256            64     float     sum      -1    74.66    0.00    0.01      0    72.27    0.00    0.01      0
         512           128     float     sum      -1    77.20    0.01    0.01      0    73.99    0.01    0.01      0
        1024           256     float     sum      -1    84.12    0.01    0.02      0    83.24    0.01    0.02      0
        2048           512     float     sum      -1    90.73    0.02    0.04      0    89.53    0.02    0.05      0
        4096          1024     float     sum      -1    151.2    0.03    0.05      0    149.4    0.03    0.05      0
        8192          2048     float     sum      -1    158.9    0.05    0.10      0    158.5    0.05    0.10      0
       16384          4096     float     sum      -1    168.5    0.10    0.19      0    172.0    0.10    0.19      0
       32768          8192     float     sum      -1    178.5    0.18    0.36      0    176.9    0.19    0.37      0
       65536         16384     float     sum      -1    262.9    0.25    0.49      0    263.6    0.25    0.49      0
      131072         32768     float     sum      -1    431.1    0.30    0.60      0    412.4    0.32    0.63      0
      262144         65536     float     sum      -1    514.3    0.51    1.01      0    479.4    0.55    1.09      0
      524288        131072     float     sum      -1    462.9    1.13    2.25      0    491.4    1.07    2.12      0
     1048576        262144     float     sum      -1   7002.0    0.15    0.30      0    428.5    2.45    4.86      0
     2097152        524288     float     sum      -1    654.5    3.20    6.36      0    654.8    3.20    6.35      0
     4194304       1048576     float     sum      -1   1104.0    3.80    7.54      0   1105.4    3.79    7.53      0
     8388608       2097152     float     sum      -1   1166.4    7.19   14.27      0   1205.1    6.96   13.81      0
    16777216       4194304     float     sum      -1   1387.6   12.09   23.99      0   1386.7   12.10   24.01      0
    33554432       8388608     float     sum      -1   1760.5   19.06   37.82      0   1761.1   19.05   37.81      0
    67108864      16777216     float     sum      -1   2721.7   24.66   48.93      0   2693.8   24.91   49.44      0
   134217728      33554432     float     sum      -1   4102.9   32.71   64.92      0   4263.3   31.48   62.47      0
   268435456      67108864     float     sum      -1   5940.5   45.19   89.67      0   5938.3   45.20   89.70      0
   536870912     134217728     float     sum      -1    11567   46.41   92.10      0    11570   46.40   92.08      0
  1073741824     268435456     float     sum      -1    23305   46.07   91.43      0    23310   46.06   91.41      0
  2147483648     536870912     float     sum      -1    47693   45.03   89.35      0    47484   45.23   89.74      0
  4294967296    1073741824     float     sum      -1    95673   44.89   89.08      0    95537   44.96   89.21      0
           8             2     float     sum      -1    65.89    0.00    0.00      0    65.26    0.00    0.00      0
          16             4     float     sum      -1    65.14    0.00    0.00      0    64.36    0.00    0.00      0
          32             8     float     sum      -1    65.50    0.00    0.00      0    65.77    0.00    0.00      0
          64            16     float     sum      -1    70.88    0.00    0.00      0    70.88    0.00    0.00      0
         128            32     float     sum      -1    73.29    0.00    0.00      0    73.09    0.00    0.00      0
         256            64     float     sum      -1    73.08    0.00    0.01      0    72.20    0.00    0.01      0
         512           128     float     sum      -1    75.80    0.01    0.01      0    74.62    0.01    0.01      0
        1024           256     float     sum      -1    84.10    0.01    0.02      0    83.63    0.01    0.02      0
        2048           512     float     sum      -1    90.80    0.02    0.04      0    90.00    0.02    0.05      0
        4096          1024     float     sum      -1    150.6    0.03    0.05      0    149.8    0.03    0.05      0
        8192          2048     float     sum      -1    154.0    0.05    0.11      0    153.5    0.05    0.11      0
       16384          4096     float     sum      -1    155.1    0.11    0.21      0    152.9    0.11    0.21      0
       32768          8192     float     sum      -1    156.0    0.21    0.42      0    156.4    0.21    0.42      0
       65536         16384     float     sum      -1    176.7    0.37    0.74      0    175.5    0.37    0.74      0
      131072         32768     float     sum      -1    227.5    0.58    1.14      0    219.5    0.60    1.18      0
      262144         65536     float     sum      -1    304.4    0.86    1.71      0    306.0    0.86    1.70      0
      524288        131072     float     sum      -1    323.1    1.62    3.22      0    320.0    1.64    3.25      0
     1048576        262144     float     sum      -1    427.3    2.45    4.87      0    428.9    2.44    4.85      0
     2097152        524288     float     sum      -1    657.0    3.19    6.33      0    656.2    3.20    6.34      0
     4194304       1048576     float     sum      -1   1105.8    3.79    7.53      0   1104.1    3.80    7.54      0
     8388608       2097152     float     sum      -1   1169.2    7.17   14.24      0   1166.4    7.19   14.27      0
    16777216       4194304     float     sum      -1   1383.6   12.13   24.06      0   1390.6   12.06   23.94      0
    33554432       8388608     float     sum      -1   1888.7   17.77   35.25      0   1763.9   19.02   37.75      0
    67108864      16777216     float     sum      -1   2690.9   24.94   49.49      0   2575.9   26.05   51.70      0
   134217728      33554432     float     sum      -1   4098.8   32.75   64.98      0   4161.6   32.25   64.00      0
   268435456      67108864     float     sum      -1   5942.9   45.17   89.63      0   5942.3   45.17   89.64      0
   536870912     134217728     float     sum      -1    11563   46.43   92.14      0    11566   46.42   92.11      0
  1073741824     268435456     float     sum      -1    23288   46.11   91.49      0    23301   46.08   91.44      0
  2147483648     536870912     float     sum      -1    47601   45.11   89.52      0    47457   45.25   89.80      0
  4294967296    1073741824     float     sum      -1    95342   45.05   89.39      0    95612   44.92   89.14      0
           8             2     float     sum      -1    66.51    0.00    0.00      0    66.30    0.00    0.00      0
          16             4     float     sum      -1    66.30    0.00    0.00      0    65.37    0.00    0.00      0
          32             8     float     sum      -1    67.60    0.00    0.00      0    65.02    0.00    0.00      0
          64            16     float     sum      -1    71.04    0.00    0.00      0    71.85    0.00    0.00      0
         128            32     float     sum      -1    72.91    0.00    0.00      0    71.52    0.00    0.00      0
         256            64     float     sum      -1    73.36    0.00    0.01      0    71.98    0.00    0.01      0
         512           128     float     sum      -1    74.89    0.01    0.01      0    75.15    0.01    0.01      0
        1024           256     float     sum      -1    84.86    0.01    0.02      0    82.79    0.01    0.02      0
        2048           512     float     sum      -1    90.35    0.02    0.04      0    90.26    0.02    0.05      0
        4096          1024     float     sum      -1    150.1    0.03    0.05      0    148.6    0.03    0.05      0
        8192          2048     float     sum      -1    152.1    0.05    0.11      0    152.7    0.05    0.11      0
       16384          4096     float     sum      -1    155.0    0.11    0.21      0    152.8    0.11    0.21      0
       32768          8192     float     sum      -1    155.1    0.21    0.42      0    154.0    0.21    0.42      0
       65536         16384     float     sum      -1    178.2    0.37    0.73      0    176.1    0.37    0.74      0
      131072         32768     float     sum      -1    221.7    0.59    1.17      0    230.5    0.57    1.13      0
      262144         65536     float     sum      -1    303.6    0.86    1.71      0    296.8    0.88    1.75      0
      524288        131072     float     sum      -1    328.2    1.60    3.17      0    319.7    1.64    3.25      0
     1048576        262144     float     sum      -1    428.1    2.45    4.86      0    428.2    2.45    4.86      0
     2097152        524288     float     sum      -1    655.0    3.20    6.35      0    654.2    3.21    6.36      0
     4194304       1048576     float     sum      -1   1104.5    3.80    7.54      0   1105.5    3.79    7.53      0
     8388608       2097152     float     sum      -1   1167.3    7.19   14.26      0   1165.0    7.20   14.29      0
    16777216       4194304     float     sum      -1   1392.4   12.05   23.91      0   1384.9   12.11   24.04      0
    33554432       8388608     float     sum      -1   1768.4   18.97   37.65      0   1762.9   19.03   37.77      0
    67108864      16777216     float     sum      -1   2854.8   23.51   46.65      0   2637.2   25.45   50.50      0
   134217728      33554432     float     sum      -1   4121.0   32.57   64.63      0   4111.0   32.65   64.79      0
   268435456      67108864     float     sum      -1   5946.7   45.14   89.58      0   5941.7   45.18   89.65      0
   536870912     134217728     float     sum      -1    11565   46.42   92.12      0    11567   46.42   92.11      0
  1073741824     268435456     float     sum      -1    23304   46.08   91.43      0    23323   46.04   91.36      0
  2147483648     536870912     float     sum      -1    47883   44.85   89.00      0    47735   44.99   89.27      0
  4294967296    1073741824     float     sum      -1    95567   44.94   89.18      0    95527   44.96   89.22      0
           8             2     float     sum      -1    67.01    0.00    0.00      0    65.40    0.00    0.00      0
          16             4     float     sum      -1    65.71    0.00    0.00      0    65.06    0.00    0.00      0
          32             8     float     sum      -1    65.12    0.00    0.00      0    64.92    0.00    0.00      0
          64            16     float     sum      -1    71.91    0.00    0.00      0    70.24    0.00    0.00      0
         128            32     float     sum      -1    71.90    0.00    0.00      0    71.27    0.00    0.00      0
         256            64     float     sum      -1    74.54    0.00    0.01      0    72.06    0.00    0.01      0
         512           128     float     sum      -1    75.08    0.01    0.01      0    74.08    0.01    0.01      0
        1024           256     float     sum      -1    84.51    0.01    0.02      0    83.29    0.01    0.02      0
        2048           512     float     sum      -1    91.03    0.02    0.04      0    89.62    0.02    0.05      0
        4096          1024     float     sum      -1    149.9    0.03    0.05      0    149.2    0.03    0.05      0
        8192          2048     float     sum      -1    153.7    0.05    0.11      0    150.5    0.05    0.11      0
       16384          4096     float     sum      -1    154.7    0.11    0.21      0    152.8    0.11    0.21      0
       32768          8192     float     sum      -1    155.7    0.21    0.42      0    154.3    0.21    0.42      0
       65536         16384     float     sum      -1    177.8    0.37    0.73      0    175.5    0.37    0.74      0
      131072         32768     float     sum      -1    228.3    0.57    1.14      0    224.2    0.58    1.16      0
      262144         65536     float     sum      -1    317.2    0.83    1.64      0    297.3    0.88    1.75      0
      524288        131072     float     sum      -1    322.4    1.63    3.23      0    320.0    1.64    3.25      0
     1048576        262144     float     sum      -1    427.4    2.45    4.87      0    428.6    2.45    4.85      0
     2097152        524288     float     sum      -1    654.2    3.21    6.36      0    653.2    3.21    6.37      0
     4194304       1048576     float     sum      -1   1106.2    3.79    7.52      0   1104.7    3.80    7.53      0
     8388608       2097152     float     sum      -1   1168.2    7.18   14.25      0   1166.8    7.19   14.27      0
    16777216       4194304     float     sum      -1   1382.1   12.14   24.09      0   1389.8   12.07   23.95      0
    33554432       8388608     float     sum      -1   1943.7   17.26   34.26      0   1758.6   19.08   37.86      0
    67108864      16777216     float     sum      -1   2570.3   26.11   51.81      0   2546.7   26.35   52.29      0
   134217728      33554432     float     sum      -1   4099.8   32.74   64.96      0   4095.1   32.78   65.04      0
   268435456      67108864     float     sum      -1   5943.2   45.17   89.63      0   5939.8   45.19   89.68      0
   536870912     134217728     float     sum      -1    11596   46.30   91.87      0    11597   46.29   91.87      0
  1073741824     268435456     float     sum      -1    23298   46.09   91.45      0    23350   45.99   91.25      0
  2147483648     536870912     float     sum      -1    47661   45.06   89.41      0    47573   45.14   89.58      0
  4294967296    1073741824     float     sum      -1    95644   44.91   89.11      0    95612   44.92   89.14      0
           8             2     float     sum      -1    67.35    0.00    0.00      0    98.90    0.00    0.00      0
          16             4     float     sum      -1    65.07    0.00    0.00      0    65.58    0.00    0.00      0
          32             8     float     sum      -1    65.37    0.00    0.00      0    65.02    0.00    0.00      0
          64            16     float     sum      -1    70.44    0.00    0.00      0    70.40    0.00    0.00      0
         128            32     float     sum      -1    72.32    0.00    0.00      0    72.00    0.00    0.00      0
         256            64     float     sum      -1    73.14    0.00    0.01      0    72.40    0.00    0.01      0
         512           128     float     sum      -1    74.77    0.01    0.01      0    74.58    0.01    0.01      0
        1024           256     float     sum      -1    84.23    0.01    0.02      0    84.10    0.01    0.02      0
        2048           512     float     sum      -1    90.51    0.02    0.04      0    89.57    0.02    0.05      0
        4096          1024     float     sum      -1    151.0    0.03    0.05      0    148.5    0.03    0.05      0
        8192          2048     float     sum      -1    154.6    0.05    0.11      0    150.8    0.05    0.11      0
       16384          4096     float     sum      -1    154.9    0.11    0.21      0    152.3    0.11    0.21      0
       32768          8192     float     sum      -1    154.8    0.21    0.42      0    155.2    0.21    0.42      0
       65536         16384     float     sum      -1    177.1    0.37    0.73      0    179.3    0.37    0.73      0
      131072         32768     float     sum      -1    239.2    0.55    1.09      0    223.3    0.59    1.16      0
      262144         65536     float     sum      -1    306.8    0.85    1.70      0    297.6    0.88    1.75      0
      524288        131072     float     sum      -1    323.3    1.62    3.22      0    319.9    1.64    3.25      0
     1048576        262144     float     sum      -1    427.7    2.45    4.87      0    427.3    2.45    4.87      0
     2097152        524288     float     sum      -1    655.2    3.20    6.35      0    656.2    3.20    6.34      0
     4194304       1048576     float     sum      -1   1104.9    3.80    7.53      0   1103.9    3.80    7.54      0
     8388608       2097152     float     sum      -1   1166.8    7.19   14.27      0   1165.5    7.20   14.28      0
    16777216       4194304     float     sum      -1   1388.9   12.08   23.97      0   1386.4   12.10   24.01      0
    33554432       8388608     float     sum      -1   1967.2   17.06   33.85      0   1762.0   19.04   37.79      0
    67108864      16777216     float     sum      -1   2566.4   26.15   51.89      0   2562.5   26.19   51.97      0
   134217728      33554432     float     sum      -1   4234.8   31.69   62.89      0   4358.0   30.80   61.11      0
   268435456      67108864     float     sum      -1   5941.5   45.18   89.65      0   5940.1   45.19   89.68      0
   536870912     134217728     float     sum      -1    11565   46.42   92.12      0    11563   46.43   92.13      0
  1073741824     268435456     float     sum      -1    23313   46.06   91.40      0    23313   46.06   91.40      0
  2147483648     536870912     float     sum      -1    47724   45.00   89.29      0    47588   45.13   89.55      0
  4294967296    1073741824     float     sum      -1    95467   44.99   89.27      0    95839   44.81   88.93      0
           8             2     float     sum      -1    66.88    0.00    0.00      0    65.74    0.00    0.00      0
          16             4     float     sum      -1    65.72    0.00    0.00      0    65.67    0.00    0.00      0
          32             8     float     sum      -1    64.49    0.00    0.00      0    65.06    0.00    0.00      0
          64            16     float     sum      -1    71.33    0.00    0.00      0    70.36    0.00    0.00      0
         128            32     float     sum      -1    72.01    0.00    0.00      0    71.56    0.00    0.00      0
         256            64     float     sum      -1    73.86    0.00    0.01      0    72.13    0.00    0.01      0
         512           128     float     sum      -1    75.58    0.01    0.01      0    74.83    0.01    0.01      0
        1024           256     float     sum      -1    84.06    0.01    0.02      0    83.40    0.01    0.02      0
        2048           512     float     sum      -1    89.80    0.02    0.05      0    89.18    0.02    0.05      0
        4096          1024     float     sum      -1    151.4    0.03    0.05      0    149.3    0.03    0.05      0
        8192          2048     float     sum      -1    153.2    0.05    0.11      0    150.5    0.05    0.11      0
       16384          4096     float     sum      -1    155.7    0.11    0.21      0    152.4    0.11    0.21      0
       32768          8192     float     sum      -1    155.9    0.21    0.42      0    155.2    0.21    0.42      0
       65536         16384     float     sum      -1    178.2    0.37    0.73      0    175.0    0.37    0.74      0
      131072         32768     float     sum      -1    237.4    0.55    1.10      0    222.0    0.59    1.17      0
      262144         65536     float     sum      -1    304.6    0.86    1.71      0    297.2    0.88    1.75      0
      524288        131072     float     sum      -1    323.1    1.62    3.22      0    320.1    1.64    3.25      0
     1048576        262144     float     sum      -1    427.7    2.45    4.86      0    427.9    2.45    4.86      0
     2097152        524288     float     sum      -1    654.0    3.21    6.36      0    657.0    3.19    6.33      0
     4194304       1048576     float     sum      -1   1103.7    3.80    7.54      0   1104.8    3.80    7.53      0
     8388608       2097152     float     sum      -1   1168.2    7.18   14.25      0   1166.9    7.19   14.26      0
    16777216       4194304     float     sum      -1   1391.0   12.06   23.93      0   1386.0   12.10   24.02      0
    33554432       8388608     float     sum      -1   1759.5   19.07   37.84      0   1758.8   19.08   37.86      0
    67108864      16777216     float     sum      -1   2555.8   26.26   52.10      0   2798.4   23.98   47.59      0
   134217728      33554432     float     sum      -1   4452.4   30.14   59.82      0   4300.4   31.21   61.93      0
   268435456      67108864     float     sum      -1   5949.3   45.12   89.54      0   5934.6   45.23   89.76      0
   536870912     134217728     float     sum      -1    11568   46.41   92.10      0    11578   46.37   92.01      0
  1073741824     268435456     float     sum      -1    23354   45.98   91.24      0    23319   46.05   91.37      0
  2147483648     536870912     float     sum      -1    47718   45.00   89.30      0    47733   44.99   89.28      0
  4294967296    1073741824     float     sum      -1    95268   45.08   89.46      0    95731   44.87   89.03      0
           8             2     float     sum      -1    66.44    0.00    0.00      0    65.25    0.00    0.00      0
          16             4     float     sum      -1    65.58    0.00    0.00      0    65.77    0.00    0.00      0
          32             8     float     sum      -1    64.72    0.00    0.00      0    64.70    0.00    0.00      0
          64            16     float     sum      -1    74.42    0.00    0.00      0    70.88    0.00    0.00      0
         128            32     float     sum      -1    72.70    0.00    0.00      0    71.09    0.00    0.00      0
         256            64     float     sum      -1    73.55    0.00    0.01      0    72.85    0.00    0.01      0
         512           128     float     sum      -1    74.67    0.01    0.01      0    74.37    0.01    0.01      0
        1024           256     float     sum      -1    84.12    0.01    0.02      0    83.97    0.01    0.02      0
        2048           512     float     sum      -1    90.44    0.02    0.04      0    89.67    0.02    0.05      0
        4096          1024     float     sum      -1    151.0    0.03    0.05      0    148.8    0.03    0.05      0
        8192          2048     float     sum      -1    153.2    0.05    0.11      0    151.2    0.05    0.11      0
       16384          4096     float     sum      -1    156.4    0.10    0.21      0    154.9    0.11    0.21      0
       32768          8192     float     sum      -1    156.0    0.21    0.42      0    154.6    0.21    0.42      0
       65536         16384     float     sum      -1    181.6    0.36    0.72      0    175.4    0.37    0.74      0
      131072         32768     float     sum      -1    223.2    0.59    1.17      0    219.9    0.60    1.18      0
      262144         65536     float     sum      -1    310.8    0.84    1.67      0    298.2    0.88    1.74      0
      524288        131072     float     sum      -1    323.9    1.62    3.21      0    319.9    1.64    3.25      0
     1048576        262144     float     sum      -1    428.8    2.45    4.85      0    429.1    2.44    4.85      0
     2097152        524288     float     sum      -1    655.7    3.20    6.35      0    654.3    3.21    6.36      0
     4194304       1048576     float     sum      -1   1106.4    3.79    7.52      0   1105.1    3.80    7.53      0
     8388608       2097152     float     sum      -1   1169.3    7.17   14.24      0   1167.9    7.18   14.25      0
    16777216       4194304     float     sum      -1   1385.8   12.11   24.02      0   1613.0   10.40   20.64      0
    33554432       8388608     float     sum      -1   1766.4   19.00   37.70      0   1760.2   19.06   37.83      0
    67108864      16777216     float     sum      -1   2595.0   25.86   51.32      0   2587.9   25.93   51.46      0
   134217728      33554432     float     sum      -1   4222.8   31.78   63.07      0   4139.8   32.42   64.34      0
   268435456      67108864     float     sum      -1   5942.5   45.17   89.64      0   5943.7   45.16   89.62      0
   536870912     134217728     float     sum      -1    11570   46.40   92.08      0    11565   46.42   92.12      0
  1073741824     268435456     float     sum      -1    23301   46.08   91.44      0    23282   46.12   91.52      0
  2147483648     536870912     float     sum      -1    47767   44.96   89.21      0    47921   44.81   88.93      0
  4294967296    1073741824     float     sum      -1    95056   45.18   89.66      0    95705   44.88   89.05      0
           8             2     float     sum      -1    66.68    0.00    0.00      0    64.30    0.00    0.00      0
          16             4     float     sum      -1    65.46    0.00    0.00      0    65.31    0.00    0.00      0
          32             8     float     sum      -1    64.70    0.00    0.00      0    66.12    0.00    0.00      0
          64            16     float     sum      -1    70.82    0.00    0.00      0    69.75    0.00    0.00      0
         128            32     float     sum      -1    72.21    0.00    0.00      0    71.14    0.00    0.00      0
         256            64     float     sum      -1    72.70    0.00    0.01      0    72.45    0.00    0.01      0
         512           128     float     sum      -1    75.08    0.01    0.01      0    74.34    0.01    0.01      0
        1024           256     float     sum      -1    83.55    0.01    0.02      0    83.48    0.01    0.02      0
        2048           512     float     sum      -1    89.76    0.02    0.05      0    89.57    0.02    0.05      0
        4096          1024     float     sum      -1    150.3    0.03    0.05      0    148.9    0.03    0.05      0
        8192          2048     float     sum      -1    154.3    0.05    0.11      0    151.4    0.05    0.11      0
       16384          4096     float     sum      -1    155.1    0.11    0.21      0    155.2    0.11    0.21      0
       32768          8192     float     sum      -1    155.9    0.21    0.42      0    154.9    0.21    0.42      0
       65536         16384     float     sum      -1    178.1    0.37    0.73      0    175.0    0.37    0.74      0
      131072         32768     float     sum      -1    227.6    0.58    1.14      0    229.0    0.57    1.14      0
      262144         65536     float     sum      -1    303.8    0.86    1.71      0    297.4    0.88    1.75      0
      524288        131072     float     sum      -1    321.7    1.63    3.23      0    319.0    1.64    3.26      0
     1048576        262144     float     sum      -1    426.9    2.46    4.87      0    428.4    2.45    4.86      0
     2097152        524288     float     sum      -1    654.2    3.21    6.36      0    655.4    3.20    6.35      0
     4194304       1048576     float     sum      -1   1104.8    3.80    7.53      0   1103.7    3.80    7.54      0
     8388608       2097152     float     sum      -1   1166.9    7.19   14.27      0   1166.0    7.19   14.28      0
    16777216       4194304     float     sum      -1   1395.5   12.02   23.86      0   1553.9   10.80   21.42      0
    33554432       8388608     float     sum      -1   1891.2   17.74   35.21      0   1760.2   19.06   37.83      0
    67108864      16777216     float     sum      -1   2556.3   26.25   52.09      0   2563.9   26.17   51.94      0
   134217728      33554432     float     sum      -1   4191.9   32.02   63.54      0   4270.3   31.43   62.37      0
   268435456      67108864     float     sum      -1   5946.5   45.14   89.58      0   5938.6   45.20   89.70      0
   536870912     134217728     float     sum      -1    11570   46.40   92.08      0    11577   46.37   92.02      0
  1073741824     268435456     float     sum      -1    23297   46.09   91.46      0    23283   46.12   91.51      0
  2147483648     536870912     float     sum      -1    47700   45.02   89.34      0    47611   45.11   89.51      0
  4294967296    1073741824     float     sum      -1    95485   44.98   89.26      0    95643   44.91   89.11      0
           8             2     float     sum      -1    66.65    0.00    0.00      0    65.66    0.00    0.00      0
          16             4     float     sum      -1    67.35    0.00    0.00      0    70.21    0.00    0.00      0
          32             8     float     sum      -1    68.70    0.00    0.00      0    66.07    0.00    0.00      0
          64            16     float     sum      -1    70.65    0.00    0.00      0    70.12    0.00    0.00      0
         128            32     float     sum      -1    72.20    0.00    0.00      0    71.81    0.00    0.00      0
         256            64     float     sum      -1    73.08    0.00    0.01      0    72.09    0.00    0.01      0
         512           128     float     sum      -1    75.29    0.01    0.01      0    74.78    0.01    0.01      0
        1024           256     float     sum      -1    83.86    0.01    0.02      0    83.19    0.01    0.02      0
        2048           512     float     sum      -1    90.74    0.02    0.04      0    89.91    0.02    0.05      0
        4096          1024     float     sum      -1    151.0    0.03    0.05      0    149.0    0.03    0.05      0
        8192          2048     float     sum      -1    153.9    0.05    0.11      0    151.6    0.05    0.11      0
       16384          4096     float     sum      -1    156.2    0.10    0.21      0    153.7    0.11    0.21      0
       32768          8192     float     sum      -1    155.5    0.21    0.42      0    156.0    0.21    0.42      0
       65536         16384     float     sum      -1    180.2    0.36    0.72      0    184.0    0.36    0.71      0
      131072         32768     float     sum      -1    229.5    0.57    1.13      0    230.4    0.57    1.13      0
      262144         65536     float     sum      -1    321.1    0.82    1.62      0    298.3    0.88    1.74      0
      524288        131072     float     sum      -1    322.5    1.63    3.23      0    320.6    1.64    3.25      0
     1048576        262144     float     sum      -1    428.8    2.45    4.85      0    427.7    2.45    4.86      0
     2097152        524288     float     sum      -1    653.5    3.21    6.37      0    653.7    3.21    6.37      0
     4194304       1048576     float     sum      -1   1104.1    3.80    7.54      0   1104.1    3.80    7.54      0
     8388608       2097152     float     sum      -1   1165.9    7.20   14.28      0   1166.6    7.19   14.27      0
    16777216       4194304     float     sum      -1   1385.5   12.11   24.03      0   1388.1   12.09   23.98      0
    33554432       8388608     float     sum      -1   1762.7   19.04   37.78      0   1765.5   19.01   37.72      0
    67108864      16777216     float     sum      -1   2605.1   25.76   51.12      0   3128.2   21.45   42.57      0
   134217728      33554432     float     sum      -1   4124.8   32.54   64.57      0   4225.2   31.77   63.04      0
   268435456      67108864     float     sum      -1   5944.2   45.16   89.61      0   5935.9   45.22   89.74      0
   536870912     134217728     float     sum      -1    11575   46.38   92.04      0    11574   46.39   92.05      0
  1073741824     268435456     float     sum      -1    23343   46.00   91.28      0    23331   46.02   91.33      0
  2147483648     536870912     float     sum      -1    47821   44.91   89.11      0    47741   44.98   89.26      0
  4294967296    1073741824     float     sum      -1    95533   44.96   89.21      0    95521   44.96   89.22      0
