        size         count      type   redop    root     time   algbw   busbw #wrong     time   algbw   busbw #wrong
         (B)    (elements)                               (us)  (GB/s)  (GB/s)            (us)  (GB/s)  (GB/s)       
           8             2     float     sum      -1    667.4    0.00    0.00      0    653.6    0.00    0.00      0
          16             4     float     sum      -1    607.8    0.00    0.00      0    627.8    0.00    0.00      0
          32             8     float     sum      -1    661.5    0.00    0.00      0    585.3    0.00    0.00      0
          64            16     float     sum      -1    590.1    0.00    0.00      0    584.6    0.00    0.00      0
         128            32     float     sum      -1    405.8    0.00    0.00      0    509.6    0.00    0.00      0
         256            64     float     sum      -1    399.8    0.00    0.00      0    410.5    0.00    0.00      0
         512           128     float     sum      -1    404.3    0.00    0.00      0    745.4    0.00    0.00      0
        1024           256     float     sum      -1    411.9    0.00    0.00      0    619.5    0.00    0.00      0
        2048           512     float     sum      -1    457.9    0.00    0.01      0    443.7    0.00    0.01      0
        4096          1024     float     sum      -1    561.2    0.01    0.01      0    588.0    0.01    0.01      0
        8192          2048     float     sum      -1    906.5    0.01    0.02      0    870.1    0.01    0.02      0
       16384          4096     float     sum      -1   2638.9    0.01    0.01      0   2069.9    0.01    0.02      0
       32768          8192     float     sum      -1   3445.7    0.01    0.02      0   2986.1    0.01    0.02      0
       65536         16384     float     sum      -1   3128.9    0.02    0.04      0   3167.1    0.02    0.04      0
      131072         32768     float     sum      -1   3416.1    0.04    0.08      0   3634.6    0.04    0.07      0
      262144         65536     float     sum      -1   3522.5    0.07    0.15      0   3356.7    0.08    0.15      0
      524288        131072     float     sum      -1   119566    0.00    0.01      0    78305    0.01    0.01      0
     1048576        262144     float     sum      -1    43057    0.02    0.05      0    32665    0.03    0.06      0
     2097152        524288     float     sum      -1    31146    0.07    0.13      0    35722    0.06    0.12      0
     4194304       1048576     float     sum      -1    35409    0.12    0.23      0    32192    0.13    0.26      0
     8388608       2097152     float     sum      -1    50957    0.16    0.32      0    49695    0.17    0.33      0
    16777216       4194304     float     sum      -1    93797    0.18    0.35      0    89336    0.19    0.37      0
    33554432       8388608     float     sum      -1   170738    0.20    0.39      0   175456    0.19    0.38      0
    67108864      16777216     float     sum      -1   354854    0.19    0.37      0   358833    0.19    0.37      0
