        size         count      type   redop    root     time   algbw   busbw #wrong     time   algbw   busbw #wrong
         (B)    (elements)                               (us)  (GB/s)  (GB/s)            (us)  (GB/s)  (GB/s)       
           8             2     float     sum      -1    241.2    0.00    0.00      0    245.9    0.00    0.00      0
          16             4     float     sum      -1    242.3    0.00    0.00      0    243.5    0.00    0.00      0
          32             8     float     sum      -1    244.9    0.00    0.00      0    241.7    0.00    0.00      0
          64            16     float     sum      -1    241.4    0.00    0.00      0    245.3    0.00    0.00      0
         128            32     float     sum      -1    216.7    0.00    0.00      0    214.9    0.00    0.00      0
         256            64     float     sum      -1    226.4    0.00    0.00      0    217.1    0.00    0.00      0
         512           128     float     sum      -1    217.8    0.00    0.00      0    220.5    0.00    0.00      0
        1024           256     float     sum      -1    217.4    0.00    0.01      0    213.5    0.00    0.01      0
        2048           512     float     sum      -1    225.1    0.01    0.02      0    220.1    0.01    0.02      0
        4096          1024     float     sum      -1    229.0    0.02    0.03      0    230.1    0.02    0.03      0
        8192          2048     float     sum      -1    612.0    0.01    0.03      0    606.9    0.01    0.03      0
       16384          4096     float     sum      -1   1750.6    0.01    0.02      0   1716.2    0.01    0.02      0
       32768          8192     float     sum      -1   2770.0    0.01    0.02      0   2714.3    0.01    0.02      0
       65536         16384     float     sum      -1   2843.5    0.02    0.04      0   2824.9    0.02    0.04      0
      131072         32768     float     sum      -1    112.6    1.16    2.18      0    111.1    1.18    2.21      0
      262144         65536     float     sum      -1    113.0    2.32    4.35      0    112.0    2.34    4.39      0
      524288        131072     float     sum      -1    171.4    3.06    5.73      0    171.8    3.05    5.72      0
     1048576        262144     float     sum      -1    227.2    4.61    8.65      0    188.5    5.56   10.43      0
     2097152        524288     float     sum      -1    13655    0.15    0.29      0    13791    0.15    0.29      0
     4194304       1048576     float     sum      -1    13357    0.31    0.59      0    13140    0.32    0.60      0
     8388608       2097152     float     sum      -1    26180    0.32    0.60      0    29203    0.29    0.54      0
    16777216       4194304     float     sum      -1  3345394    0.01    0.01      0    567.6   29.56   55.42      0
