        size         count      type   redop    root     time   algbw   busbw #wrong     time   algbw   busbw #wrong
         (B)    (elements)                               (us)  (GB/s)  (GB/s)            (us)  (GB/s)  (GB/s)       
           8             2     float     sum      -1    562.0    0.00    0.00      0    496.7    0.00    0.00      0
          16             4     float     sum      -1    581.7    0.00    0.00      0    405.5    0.00    0.00      0
          32             8     float     sum      -1    413.9    0.00    0.00      0    393.2    0.00    0.00      0
          64            16     float     sum      -1    403.5    0.00    0.00      0    405.3    0.00    0.00      0
         128            32     float     sum      -1    335.6    0.00    0.00      0    327.8    0.00    0.00      0
         256            64     float     sum      -1    329.4    0.00    0.00      0    336.7    0.00    0.00      0
         512           128     float     sum      -1    337.9    0.00    0.00      0    335.9    0.00    0.00      0
        1024           256     float     sum      -1    334.2    0.00    0.01      0    330.2    0.00    0.01      0
        2048           512     float     sum      -1    343.4    0.01    0.01      0    335.4    0.01    0.01      0
        4096          1024     float     sum      -1    378.1    0.01    0.02      0    558.7    0.01    0.01      0
        8192          2048     float     sum      -1    761.3    0.01    0.02      0    751.0    0.01    0.02      0
       16384          4096     float     sum      -1   1961.6    0.01    0.02      0   2221.8    0.01    0.01      0
       32768          8192     float     sum      -1   2804.0    0.01    0.02      0   2760.6    0.01    0.02      0
       65536         16384     float     sum      -1   3056.4    0.02    0.04      0   2960.4    0.02    0.04      0
      131072         32768     float     sum      -1   2982.2    0.04    0.09      0   2967.4    0.04    0.09      0
      262144         65536     float     sum      -1   3147.4    0.08    0.16      0   3019.6    0.09    0.17      0
      524288        131072     float     sum      -1    703.2    0.75    1.44      0    682.0    0.77    1.49      0
     1048576        262144     float     sum      -1    64835    0.02    0.03      0    25416    0.04    0.08      0
     2097152        524288     float     sum      -1    25744    0.08    0.16      0    24403    0.09    0.17      0
     4194304       1048576     float     sum      -1    25084    0.17    0.32      0    25095    0.17    0.32      0
