        size         count      type   redop    root     time   algbw   busbw #wrong     time   algbw   busbw #wrong
         (B)    (elements)                               (us)  (GB/s)  (GB/s)            (us)  (GB/s)  (GB/s)       
           8             2     float     sum      -1    457.1    0.00    0.00      0    374.2    0.00    0.00      0
          16             4     float     sum      -1    415.7    0.00    0.00      0    348.4    0.00    0.00      0
          32             8     float     sum      -1    347.0    0.00    0.00      0    336.8    0.00    0.00      0
          64            16     float     sum      -1    331.7    0.00    0.00      0    325.6    0.00    0.00      0
         128            32     float     sum      -1    337.9    0.00    0.00      0    333.5    0.00    0.00      0
         256            64     float     sum      -1    330.5    0.00    0.00      0    332.7    0.00    0.00      0
         512           128     float     sum      -1    332.3    0.00    0.00      0    327.4    0.00    0.00      0
        1024           256     float     sum      -1    329.7    0.00    0.01      0    327.7    0.00    0.01      0
        2048           512     float     sum      -1    334.4    0.01    0.01      0    327.4    0.01    0.01      0
        4096          1024     float     sum      -1    330.1    0.01    0.02      0    331.7    0.01    0.02      0
        8192          2048     float     sum      -1    691.0    0.01    0.02      0    679.5    0.01    0.02      0
       16384          4096     float     sum      -1   2150.9    0.01    0.01      0   2400.9    0.01    0.01      0
       32768          8192     float     sum      -1   2772.8    0.01    0.02      0   2773.9    0.01    0.02      0
       65536         16384     float     sum      -1   2877.5    0.02    0.04      0   2895.3    0.02    0.04      0
      131072         32768     float     sum      -1    101.5    1.29    2.42      0    99.43    1.32    2.47      0
      262144         65536     float     sum      -1    152.7    1.72    3.22      0    166.8    1.57    2.95      0
      524288        131072     float     sum      -1    229.1    2.29    4.29      0    197.3    2.66    4.98      0
     1048576        262144     float     sum      -1    239.0    4.39    8.23      0    264.8    3.96    7.42      0
     2097152        524288     float     sum      -1    18984    0.11    0.21      0    18653    0.11    0.21      0
     4194304       1048576     float     sum      -1    19351    0.22    0.41      0    18444    0.23    0.43      0
     8388608       2097152     float     sum      -1    40928    0.20    0.38      0    40483    0.21    0.39      0
    16777216       4194304     float     sum      -1  3318272    0.01    0.01      0    574.3   29.21   54.78      0
