        size         count      type   redop    root     time   algbw   busbw #wrong     time   algbw   busbw #wrong
         (B)    (elements)                               (us)  (GB/s)  (GB/s)            (us)  (GB/s)  (GB/s)       
           8             2     float     sum      -1     8.71    0.00    0.00      0     8.31    0.00    0.00      0
          16             4     float     sum      -1     8.27    0.00    0.00      0     8.26    0.00    0.00      0
          32             8     float     sum      -1     8.72    0.00    0.01      0     8.64    0.00    0.01      0
          64            16     float     sum      -1     9.29    0.01    0.01      0     9.13    0.01    0.01      0
         128            32     float     sum      -1     9.33    0.01    0.02      0     9.19    0.01    0.02      0
         256            64     float     sum      -1     9.67    0.03    0.04      0     9.22    0.03    0.04      0
         512           128     float     sum      -1     9.60    0.05    0.08      0     9.25    0.06    0.08      0
        1024           256     float     sum      -1     9.80    0.10    0.16      0     9.25    0.11    0.17      0
        2048           512     float     sum      -1     9.79    0.21    0.31      0     9.38    0.22    0.33      0
        4096          1024     float     sum      -1     9.88    0.41    0.62      0     9.54    0.43    0.64      0
        8192          2048     float     sum      -1    10.15    0.81    1.21      0     9.83    0.83    1.25      0
       16384          4096     float     sum      -1    10.95    1.50    2.24      0    10.48    1.56    2.34      0
       32768          8192     float     sum      -1    11.17    2.93    4.40      0    10.81    3.03    4.55      0
       65536         16384     float     sum      -1    11.36    5.77    8.66      0    10.96    5.98    8.97      0
      131072         32768     float     sum      -1    11.79   11.12   16.68      0    11.31   11.59   17.39      0
      262144         65536     float     sum      -1    11.98   21.89   32.83      0    11.46   22.87   34.30      0
      524288        131072     float     sum      -1    15.11   34.71   52.06      0    14.02   37.40   56.10      0
     1048576        262144     float     sum      -1    18.79   55.81   83.71      0    18.89   55.52   83.28      0
     2097152        524288     float     sum      -1    29.90   70.14  105.21      0    29.88   70.19  105.29      0
     4194304       1048576     float     sum      -1    42.70   98.24  147.36      0    42.15   99.50  149.25      0
     8388608       2097152     float     sum      -1    61.49  136.42  204.63      0    61.07  137.35  206.03      0
    16777216       4194304     float     sum      -1    106.8  157.04  235.56      0    100.5  167.00  250.51      0
    33554432       8388608     float     sum      -1    188.2  178.28  267.42      0    177.8  188.67  283.00      0
    67108864      16777216     float     sum      -1    343.6  195.32  292.98      0    331.2  202.61  303.91      0
   134217728      33554432     float     sum      -1    674.5  199.00  298.50      0    631.7  212.48  318.71      0
   268435456      67108864     float     sum      -1   1330.1  201.82  302.73      0   1222.7  219.54  329.31      0
   536870912     134217728     float     sum      -1   2592.4  207.10  310.65      0   2396.0  224.07  336.11      0
  1073741824     268435456     float     sum      -1   5157.7  208.18  312.27      0   4743.1  226.38  339.57      0
  2147483648     536870912     float     sum      -1    10279  208.91  313.37      0   9465.6  226.87  340.31      0
  4294967296    1073741824     float     sum      -1    20523  209.28  313.92      0    18936  226.81  340.21      0
           8             2     float     sum      -1     8.36    0.00    0.00      0     8.34    0.00    0.00      0
          16             4     float     sum      -1     8.29    0.00    0.00      0     8.25    0.00    0.00      0
          32             8     float     sum      -1     8.74    0.00    0.01      0     8.68    0.00    0.01      0
          64            16     float     sum      -1     9.25    0.01    0.01      0     9.12    0.01    0.01      0
         128            32     float     sum      -1     9.39    0.01    0.02      0     9.17    0.01    0.02      0
         256            64     float     sum      -1     9.60    0.03    0.04      0     9.13    0.03    0.04      0
         512           128     float     sum      -1     9.56    0.05    0.08      0     9.20    0.06    0.08      0
        1024           256     float     sum      -1     9.79    0.10    0.16      0     9.24    0.11    0.17      0
        2048           512     float     sum      -1     9.70    0.21    0.32      0     9.34    0.22    0.33      0
        4096          1024     float     sum      -1     9.94    0.41    0.62      0     9.53    0.43    0.64      0
        8192          2048     float     sum      -1    10.16    0.81    1.21      0     9.73    0.84    1.26      0
       16384          4096     float     sum      -1    10.96    1.50    2.24      0    10.50    1.56    2.34      0
       32768          8192     float     sum      -1    11.14    2.94    4.41      0    10.82    3.03    4.54      0
       65536         16384     float     sum      -1    11.32    5.79    8.68      0    10.89    6.02    9.03      0
      131072         32768     float     sum      -1    11.74   11.17   16.75      0    11.32   11.58   17.37      0
      262144         65536     float     sum      -1    12.03   21.80   32.70      0    11.46   22.88   34.32      0
      524288        131072     float     sum      -1    15.05   34.85   52.27      0    13.94   37.62   56.43      0
     1048576        262144     float     sum      -1    18.80   55.79   83.68      0    18.85   55.62   83.43      0
     2097152        524288     float     sum      -1    29.98   69.96  104.94      0    29.92   70.09  105.14      0
     4194304       1048576     float     sum      -1    42.59   98.48  147.72      0    42.14   99.53  149.30      0
     8388608       2097152     float     sum      -1    61.50  136.41  204.61      0    60.74  138.11  207.17      0
    16777216       4194304     float     sum      -1    105.6  158.88  238.32      0    100.1  167.62  251.42      0
    33554432       8388608     float     sum      -1    189.4  177.14  265.71      0    176.5  190.16  285.24      0
    67108864      16777216     float     sum      -1    345.5  194.26  291.38      0    333.7  201.08  301.62      0
   134217728      33554432     float     sum      -1    677.1  198.23  297.35      0    631.2  212.64  318.96      0
   268435456      67108864     float     sum      -1   1298.7  206.69  310.04      0   1222.5  219.58  329.36      0
   536870912     134217728     float     sum      -1   2643.1  203.12  304.68      0   2401.1  223.59  335.39      0
  1073741824     268435456     float     sum      -1   5150.6  208.47  312.70      0   4741.7  226.44  339.67      0
  2147483648     536870912     float     sum      -1    10533  203.88  305.83      0   9458.7  227.04  340.56      0
  4294967296    1073741824     float     sum      -1    21003  204.49  306.74      0    18925  226.94  340.41      0
           8             2     float     sum      -1     8.37    0.00    0.00      0     8.27    0.00    0.00      0
          16             4     float     sum      -1     8.33    0.00    0.00      0     8.31    0.00    0.00      0
          32             8     float     sum      -1     8.67    0.00    0.01      0     8.74    0.00    0.01      0
          64            16     float     sum      -1     9.25    0.01    0.01      0     9.11    0.01    0.01      0
         128            32     float     sum      -1     9.39    0.01    0.02      0     9.15    0.01    0.02      0
         256            64     float     sum      -1     9.62    0.03    0.04      0     9.17    0.03    0.04      0
         512           128     float     sum      -1     9.62    0.05    0.08      0     9.27    0.06    0.08      0
        1024           256     float     sum      -1     9.71    0.11    0.16      0     9.26    0.11    0.17      0
        2048           512     float     sum      -1     9.69    0.21    0.32      0     9.33    0.22    0.33      0
        4096          1024     float     sum      -1     9.92    0.41    0.62      0     9.46    0.43    0.65      0
        8192          2048     float     sum      -1    10.16    0.81    1.21      0     9.79    0.84    1.26      0
       16384          4096     float     sum      -1    10.94    1.50    2.25      0    10.52    1.56    2.34      0
       32768          8192     float     sum      -1    11.17    2.93    4.40      0    10.80    3.03    4.55      0
       65536         16384     float     sum      -1    11.36    5.77    8.65      0    10.95    5.99    8.98      0
      131072         32768     float     sum      -1    11.79   11.12   16.68      0    11.32   11.57   17.36      0
      262144         65536     float     sum      -1    11.92   22.00   32.99      0    11.43   22.94   34.41      0
      524288        131072     float     sum      -1    15.01   34.93   52.40      0    14.01   37.42   56.13      0
     1048576        262144     float     sum      -1    18.83   55.69   83.54      0    18.82   55.73   83.59      0
     2097152        524288     float     sum      -1    29.92   70.09  105.13      0    30.00   69.91  104.86      0
     4194304       1048576     float     sum      -1    42.67   98.30  147.45      0    42.14   99.52  149.28      0
     8388608       2097152     float     sum      -1    61.47  136.47  204.71      0    61.00  137.51  206.27      0
    16777216       4194304     float     sum      -1    105.5  158.98  238.46      0    100.2  167.52  251.28      0
    33554432       8388608     float     sum      -1    189.4  177.15  265.72      0    177.0  189.55  284.33      0
    67108864      16777216     float     sum      -1    342.4  195.98  293.97      0    333.4  201.26  301.89      0
   134217728      33554432     float     sum      -1    679.4  197.57  296.35      0    630.1  213.01  319.51      0
   268435456      67108864     float     sum      -1   1307.0  205.38  308.07      0   1220.4  219.97  329.95      0
   536870912     134217728     float     sum      -1   2585.7  207.63  311.44      0   2398.8  223.81  335.71      0
  1073741824     268435456     float     sum      -1   5154.7  208.30  312.46      0   4742.5  226.41  339.61      0
  2147483648     536870912     float     sum      -1    10285  208.79  313.19      0   9466.2  226.86  340.29      0
  4294967296    1073741824     float     sum      -1    20555  208.95  313.42      0    18923  226.97  340.45      0
           8             2     float     sum      -1     8.33    0.00    0.00      0     8.28    0.00    0.00      0
          16             4     float     sum      -1     8.33    0.00    0.00      0     8.33    0.00    0.00      0
          32             8     float     sum      -1     8.76    0.00    0.01      0     8.69    0.00    0.01      0
          64            16     float     sum      -1     9.23    0.01    0.01      0     9.10    0.01    0.01      0
         128            32     float     sum      -1     9.32    0.01    0.02      0     9.16    0.01    0.02      0
         256            64     float     sum      -1     9.67    0.03    0.04      0     9.19    0.03    0.04      0
         512           128     float     sum      -1     9.57    0.05    0.08      0     9.26    0.06    0.08      0
        1024           256     float     sum      -1     9.75    0.11    0.16      0     9.21    0.11    0.17      0
        2048           512     float     sum      -1     9.74    0.21    0.32      0     9.33    0.22    0.33      0
        4096          1024     float     sum      -1     9.91    0.41    0.62      0     9.44    0.43    0.65      0
        8192          2048     float     sum      -1    10.09    0.81    1.22      0     9.76    0.84    1.26      0
       16384          4096     float     sum      -1    10.89    1.51    2.26      0    10.54    1.55    2.33      0
       32768          8192     float     sum      -1    11.15    2.94    4.41      0    10.83    3.03    4.54      0
       65536         16384     float     sum      -1    11.47    5.71    8.57      0    10.92    6.00    9.00      0
      131072         32768     float     sum      -1    11.74   11.17   16.75      0    11.31   11.58   17.38      0
      262144         65536     float     sum      -1    12.00   21.84   32.76      0    11.45   22.89   34.33      0
      524288        131072     float     sum      -1    14.94   35.10   52.65      0    13.99   37.47   56.21      0
     1048576        262144     float     sum      -1    18.82   55.72   83.58      0    18.92   55.41   83.11      0
     2097152        524288     float     sum      -1    29.88   70.18  105.27      0    29.93   70.08  105.12      0
     4194304       1048576     float     sum      -1    42.65   98.34  147.51      0    42.09   99.65  149.48      0
     8388608       2097152     float     sum      -1    61.55  136.28  204.42      0    60.81  137.94  206.91      0
    16777216       4194304     float     sum      -1    107.2  156.54  234.81      0    99.75  168.19  252.28      0
    33554432       8388608     float     sum      -1    187.5  178.95  268.43      0    177.7  188.86  283.28      0
    67108864      16777216     float     sum      -1    342.6  195.90  293.85      0    333.3  201.37  302.06      0
   134217728      33554432     float     sum      -1    662.7  202.54  303.80      0    633.4  211.91  317.87      0
   268435456      67108864     float     sum      -1   1335.3  201.03  301.55      0   1218.7  220.26  330.39      0
   536870912     134217728     float     sum      -1   2647.3  202.80  304.20      0   2402.1  223.50  335.25      0
  1073741824     268435456     float     sum      -1   5156.0  208.25  312.37      0   4740.0  226.53  339.79      0
  2147483648     536870912     float     sum      -1    10229  209.94  314.92      0   9467.8  226.82  340.23      0
  4294967296    1073741824     float     sum      -1    20576  208.73  313.10      0    18934  226.84  340.26      0
           8             2     float     sum      -1     8.30    0.00    0.00      0     8.29    0.00    0.00      0
          16             4     float     sum      -1     8.29    0.00    0.00      0     8.36    0.00    0.00      0
          32             8     float     sum      -1     8.74    0.00    0.01      0     8.86    0.00    0.01      0
          64            16     float     sum      -1     9.25    0.01    0.01      0     9.15    0.01    0.01      0
         128            32     float     sum      -1     9.31    0.01    0.02      0     9.13    0.01    0.02      0
         256            64     float     sum      -1     9.67    0.03    0.04      0     9.21    0.03    0.04      0
         512           128     float     sum      -1     9.66    0.05    0.08      0     9.23    0.06    0.08      0
        1024           256     float     sum      -1     9.67    0.11    0.16      0     9.27    0.11    0.17      0
        2048           512     float     sum      -1     9.77    0.21    0.31      0     9.36    0.22    0.33      0
        4096          1024     float     sum      -1     9.94    0.41    0.62      0     9.46    0.43    0.65      0
        8192          2048     float     sum      -1    10.08    0.81    1.22      0     9.86    0.83    1.25      0
       16384          4096     float     sum      -1    11.00    1.49    2.23      0    10.64    1.54    2.31      0
       32768          8192     float     sum      -1    11.61    2.82    4.23      0    10.82    3.03    4.54      0
       65536         16384     float     sum      -1    11.36    5.77    8.65      0    10.90    6.01    9.02      0
      131072         32768     float     sum      -1    11.73   11.18   16.76      0    11.26   11.64   17.46      0
      262144         65536     float     sum      -1    11.92   21.98   32.97      0    11.51   22.77   34.16      0
      524288        131072     float     sum      -1    14.96   35.04   52.56      0    14.46   36.27   54.40      0
     1048576        262144     float     sum      -1    18.81   55.73   83.60      0    18.81   55.75   83.63      0
     2097152        524288     float     sum      -1    29.89   70.17  105.25      0    29.97   69.97  104.96      0
     4194304       1048576     float     sum      -1    42.79   98.01  147.02      0    42.14   99.54  149.30      0
     8388608       2097152     float     sum      -1    61.42  136.59  204.88      0    60.95  137.64  206.46      0
    16777216       4194304     float     sum      -1    106.1  158.13  237.19      0    100.1  167.56  251.35      0
    33554432       8388608     float     sum      -1    188.7  177.81  266.72      0    178.4  188.12  282.18      0
    67108864      16777216     float     sum      -1    351.4  190.97  286.45      0    334.0  200.92  301.38      0
   134217728      33554432     float     sum      -1    653.1  205.51  308.27      0    632.4  212.23  318.35      0
   268435456      67108864     float     sum      -1   1303.4  205.94  308.92      0   1221.9  219.68  329.52      0
   536870912     134217728     float     sum      -1   2597.4  206.70  310.05      0   2400.2  223.68  335.52      0
  1073741824     268435456     float     sum      -1   5256.1  204.29  306.43      0   4745.0  226.29  339.44      0
  2147483648     536870912     float     sum      -1    10282  208.86  313.30      0   9461.2  226.98  340.47      0
  4294967296    1073741824     float     sum      -1    20575  208.75  313.12      0    18954  226.60  339.90      0
           8             2     float     sum      -1     8.31    0.00    0.00      0     8.25    0.00    0.00      0
          16             4     float     sum      -1     8.33    0.00    0.00      0     8.27    0.00    0.00      0
          32             8     float     sum      -1     8.76    0.00    0.01      0     8.75    0.00    0.01      0
          64            16     float     sum      -1     9.24    0.01    0.01      0     9.12    0.01    0.01      0
         128            32     float     sum      -1     9.28    0.01    0.02      0     9.13    0.01    0.02      0
         256            64     float     sum      -1     9.63    0.03    0.04      0     9.17    0.03    0.04      0
         512           128     float     sum      -1     9.61    0.05    0.08      0     9.26    0.06    0.08      0
        1024           256     float     sum      -1     9.69    0.11    0.16      0     9.25    0.11    0.17      0
        2048           512     float     sum      -1     9.73    0.21    0.32      0     9.31    0.22    0.33      0
        4096          1024     float     sum      -1     9.89    0.41    0.62      0     9.48    0.43    0.65      0
        8192          2048     float     sum      -1    10.18    0.80    1.21      0     9.78    0.84    1.26      0
       16384          4096     float     sum      -1    10.95    1.50    2.25      0    10.54    1.55    2.33      0
       32768          8192     float     sum      -1    11.20    2.92    4.39      0    10.86    3.02    4.53      0
       65536         16384     float     sum      -1    11.45    5.72    8.59      0    10.90    6.01    9.02      0
      131072         32768     float     sum      -1    11.73   11.17   16.76      0    11.30   11.60   17.40      0
      262144         65536     float     sum      -1    11.95   21.94   32.91      0    11.45   22.88   34.33      0
      524288        131072     float     sum      -1    14.91   35.16   52.74      0    14.03   37.36   56.04      0
     1048576        262144     float     sum      -1    18.85   55.61   83.42      0    18.80   55.79   83.68      0
     2097152        524288     float     sum      -1    29.95   70.03  105.04      0    30.06   69.76  104.64      0
     4194304       1048576     float     sum      -1    42.60   98.45  147.67      0    42.26   99.25  148.88      0
     8388608       2097152     float     sum      -1    61.51  136.38  204.57      0    60.93  137.67  206.50      0
    16777216       4194304     float     sum      -1    106.0  158.31  237.47      0    100.4  167.07  250.60      0
    33554432       8388608     float     sum      -1    190.0  176.65  264.97      0    176.2  190.47  285.70      0
    67108864      16777216     float     sum      -1    343.7  195.23  292.84      0    332.9  201.58  302.37      0
   134217728      33554432     float     sum      -1    675.1  198.81  298.22      0    631.7  212.45  318.68      0
   268435456      67108864     float     sum      -1   1305.1  205.68  308.52      0   1221.1  219.83  329.75      0
   536870912     134217728     float     sum      -1   2576.3  208.39  312.58      0   2401.0  223.60  335.40      0
  1073741824     268435456     float     sum      -1   5149.3  208.52  312.78      0   4740.9  226.49  339.73      0
  2147483648     536870912     float     sum      -1    10531  203.91  305.87      0   9467.4  226.83  340.24      0
  4294967296    1073741824     float     sum      -1    20647  208.02  312.03      0    18946  226.70  340.04      0
           8             2     float     sum      -1     8.35    0.00    0.00      0     8.29    0.00    0.00      0
          16             4     float     sum      -1     8.35    0.00    0.00      0     8.27    0.00    0.00      0
          32             8     float     sum      -1     8.73    0.00    0.01      0     8.74    0.00    0.01      0
          64            16     float     sum      -1     9.65    0.01    0.01      0     9.40    0.01    0.01      0
         128            32     float     sum      -1     9.37    0.01    0.02      0     9.20    0.01    0.02      0
         256            64     float     sum      -1     9.65    0.03    0.04      0     9.19    0.03    0.04      0
         512           128     float     sum      -1     9.63    0.05    0.08      0     9.28    0.06    0.08      0
        1024           256     float     sum      -1     9.74    0.11    0.16      0     9.22    0.11    0.17      0
        2048           512     float     sum      -1     9.70    0.21    0.32      0     9.35    0.22    0.33      0
        4096          1024     float     sum      -1     9.90    0.41    0.62      0     9.46    0.43    0.65      0
        8192          2048     float     sum      -1    10.19    0.80    1.21      0     9.85    0.83    1.25      0
       16384          4096     float     sum      -1    10.94    1.50    2.25      0    10.51    1.56    2.34      0
       32768          8192     float     sum      -1    11.16    2.94    4.40      0    10.91    3.00    4.51      0
       65536         16384     float     sum      -1    11.45    5.72    8.58      0    10.85    6.04    9.06      0
      131072         32768     float     sum      -1    11.78   11.13   16.69      0    11.34   11.56   17.34      0
      262144         65536     float     sum      -1    12.00   21.84   32.76      0    11.47   22.86   34.29      0
      524288        131072     float     sum      -1    14.95   35.07   52.61      0    13.97   37.52   56.28      0
     1048576        262144     float     sum      -1    18.74   55.97   83.95      0    18.80   55.76   83.64      0
     2097152        524288     float     sum      -1    29.90   70.14  105.21      0    29.90   70.14  105.20      0
     4194304       1048576     float     sum      -1    42.69   98.26  147.39      0    42.33   99.07  148.61      0
     8388608       2097152     float     sum      -1    61.60  136.17  204.26      0    60.91  137.73  206.59      0
    16777216       4194304     float     sum      -1    105.8  158.57  237.85      0    100.1  167.65  251.47      0
    33554432       8388608     float     sum      -1    187.2  179.25  268.87      0    177.5  189.07  283.60      0
    67108864      16777216     float     sum      -1    343.7  195.24  292.86      0    332.8  201.64  302.46      0
   134217728      33554432     float     sum      -1    656.2  204.53  306.79      0    632.8  212.09  318.14      0
   268435456      67108864     float     sum      -1   1291.4  207.87  311.80      0   1221.9  219.68  329.52      0
   536870912     134217728     float     sum      -1   2639.2  203.42  305.13      0   2401.5  223.55  335.33      0
  1073741824     268435456     float     sum      -1   5132.2  209.22  313.83      0   4744.6  226.31  339.47      0
  2147483648     536870912     float     sum      -1    10288  208.75  313.12      0   9478.7  226.56  339.84      0
  4294967296    1073741824     float     sum      -1    20627  208.22  312.33      0    18968  226.44  339.66      0
           8             2     float     sum      -1     8.32    0.00    0.00      0     8.22    0.00    0.00      0
          16             4     float     sum      -1     8.29    0.00    0.00      0     8.31    0.00    0.00      0
          32             8     float     sum      -1     8.70    0.00    0.01      0     8.77    0.00    0.01      0
          64            16     float     sum      -1     9.28    0.01    0.01      0     9.09    0.01    0.01      0
         128            32     float     sum      -1     9.35    0.01    0.02      0     9.18    0.01    0.02      0
         256            64     float     sum      -1     9.63    0.03    0.04      0     9.16    0.03    0.04      0
         512           128     float     sum      -1     9.60    0.05    0.08      0     9.27    0.06    0.08      0
        1024           256     float     sum      -1     9.73    0.11    0.16      0     9.27    0.11    0.17      0
        2048           512     float     sum      -1     9.73    0.21    0.32      0     9.40    0.22    0.33      0
        4096          1024     float     sum      -1     9.95    0.41    0.62      0     9.57    0.43    0.64      0
        8192          2048     float     sum      -1    10.08    0.81    1.22      0     9.80    0.84    1.25      0
       16384          4096     float     sum      -1    11.05    1.48    2.22      0    10.56    1.55    2.33      0
       32768          8192     float     sum      -1    11.11    2.95    4.43      0    10.82    3.03    4.54      0
       65536         16384     float     sum      -1    11.39    5.75    8.63      0    10.86    6.04    9.06      0
      131072         32768     float     sum      -1    11.73   11.17   16.76      0    11.38   11.52   17.28      0
      262144         65536     float     sum      -1    11.96   21.92   32.88      0    11.51   22.77   34.16      0
      524288        131072     float     sum      -1    14.99   34.98   52.47      0    14.01   37.42   56.13      0
     1048576        262144     float     sum      -1    18.83   55.68   83.52      0    18.80   55.76   83.64      0
     2097152        524288     float     sum      -1    29.89   70.16  105.24      0    30.01   69.88  104.82      0
     4194304       1048576     float     sum      -1    42.66   98.32  147.47      0    42.09   99.65  149.47      0
     8388608       2097152     float     sum      -1    61.43  136.56  204.84      0    60.86  137.84  206.77      0
    16777216       4194304     float     sum      -1    106.1  158.11  237.16      0    100.4  167.03  250.55      0
    33554432       8388608     float     sum      -1    190.7  175.96  263.94      0    177.9  188.59  282.89      0
    67108864      16777216     float     sum      -1    345.2  194.40  291.60      0    334.8  200.43  300.65      0
   134217728      33554432     float     sum      -1    657.9  204.01  306.02      0    632.5  212.19  318.28      0
   268435456      67108864     float     sum      -1   1332.4  201.47  302.20      0   1220.7  219.90  329.85      0
   536870912     134217728     float     sum      -1   2594.9  206.90  310.34      0   2394.5  224.21  336.31      0
  1073741824     268435456     float     sum      -1   5146.9  208.62  312.93      0   4744.2  226.33  339.49      0
  2147483648     536870912     float     sum      -1    10300  208.49  312.74      0   9470.6  226.75  340.13      0
  4294967296    1073741824     float     sum      -1    20565  208.85  313.27      0    18935  226.82  340.24      0
           8             2     float     sum      -1     8.23    0.00    0.00      0     8.31    0.00    0.00      0
          16             4     float     sum      -1     8.31    0.00    0.00      0     8.28    0.00    0.00      0
          32             8     float     sum      -1     8.71    0.00    0.01      0     8.71    0.00    0.01      0
          64            16     float     sum      -1     9.28    0.01    0.01      0     9.10    0.01    0.01      0
         128            32     float     sum      -1     9.32    0.01    0.02      0     9.16    0.01    0.02      0
         256            64     float     sum      -1     9.59    0.03    0.04      0     9.19    0.03    0.04      0
         512           128     float     sum      -1     9.59    0.05    0.08      0     9.35    0.05    0.08      0
        1024           256     float     sum      -1     9.71    0.11    0.16      0     9.23    0.11    0.17      0
        2048           512     float     sum      -1     9.72    0.21    0.32      0     9.40    0.22    0.33      0
        4096          1024     float     sum      -1     9.98    0.41    0.62      0     9.51    0.43    0.65      0
        8192          2048     float     sum      -1    10.15    0.81    1.21      0     9.83    0.83    1.25      0
       16384          4096     float     sum      -1    10.88    1.51    2.26      0    10.55    1.55    2.33      0
       32768          8192     float     sum      -1    11.18    2.93    4.40      0    10.83    3.03    4.54      0
       65536         16384     float     sum      -1    11.36    5.77    8.65      0    10.95    5.99    8.98      0
      131072         32768     float     sum      -1    11.74   11.16   16.75      0    11.29   11.61   17.42      0
      262144         65536     float     sum      -1    12.07   21.72   32.59      0    11.45   22.90   34.34      0
      524288        131072     float     sum      -1    15.70   33.39   50.08      0    13.94   37.60   56.40      0
     1048576        262144     float     sum      -1    18.78   55.82   83.74      0    19.30   54.33   81.50      0
     2097152        524288     float     sum      -1    29.91   70.12  105.18      0    29.90   70.15  105.22      0
     4194304       1048576     float     sum      -1    42.75   98.12  147.18      0    42.38   98.96  148.44      0
     8388608       2097152     float     sum      -1    61.89  135.53  203.30      0    61.02  137.48  206.21      0
    16777216       4194304     float     sum      -1    106.2  157.93  236.90      0    100.2  167.50  251.25      0
    33554432       8388608     float     sum      -1    190.2  176.38  264.57      0    178.0  188.46  282.69      0
    67108864      16777216     float     sum      -1    350.5  191.49  287.23      0    334.1  200.86  301.29      0
   134217728      33554432     float     sum      -1    677.6  198.09  297.14      0    635.8  211.09  316.64      0
   268435456      67108864     float     sum      -1   1304.6  205.75  308.63      0   1221.4  219.78  329.67      0
   536870912     134217728     float     sum      -1   2603.9  206.18  309.27      0   2397.9  223.89  335.84      0
  1073741824     268435456     float     sum      -1   5151.9  208.41  312.62      0   4736.3  226.71  340.06      0
  2147483648     536870912     float     sum      -1    10570  203.17  304.76      0   9468.7  226.80  340.20      0
  4294967296    1073741824     float     sum      -1    20577  208.73  313.09      0    18968  226.43  339.65      0
           8             2     float     sum      -1     8.32    0.00    0.00      0     8.25    0.00    0.00      0
          16             4     float     sum      -1     8.35    0.00    0.00      0     8.22    0.00    0.00      0
          32             8     float     sum      -1     8.72    0.00    0.01      0     8.70    0.00    0.01      0
          64            16     float     sum      -1     9.31    0.01    0.01      0     9.10    0.01    0.01      0
         128            32     float     sum      -1     9.35    0.01    0.02      0     9.15    0.01    0.02      0
         256            64     float     sum      -1     9.60    0.03    0.04      0     9.20    0.03    0.04      0
         512           128     float     sum      -1     9.62    0.05    0.08      0     9.26    0.06    0.08      0
        1024           256     float     sum      -1     9.69    0.11    0.16      0     9.22    0.11    0.17      0
        2048           512     float     sum      -1     9.74    0.21    0.32      0     9.41    0.22    0.33      0
        4096          1024     float     sum      -1     9.88    0.41    0.62      0     9.48    0.43    0.65      0
        8192          2048     float     sum      -1    10.17    0.81    1.21      0     9.83    0.83    1.25      0
       16384          4096     float     sum      -1    10.92    1.50    2.25      0    10.52    1.56    2.34      0
       32768          8192     float     sum      -1    11.19    2.93    4.39      0    10.84    3.02    4.54      0
       65536         16384     float     sum      -1    11.39    5.75    8.63      0    10.97    5.97    8.96      0
      131072         32768     float     sum      -1    11.72   11.18   16.77      0    11.35   11.55   17.32      0
      262144         65536     float     sum      -1    11.99   21.86   32.79      0    11.47   22.86   34.29      0
      524288        131072     float     sum      -1    14.96   35.05   52.57      0    14.05   37.31   55.97      0
     1048576        262144     float     sum      -1    18.78   55.84   83.77      0    18.84   55.65   83.47      0
     2097152        524288     float     sum      -1    30.00   69.91  104.87      0    29.97   69.98  104.97      0
     4194304       1048576     float     sum      -1    42.70   98.22  147.33      0    42.17   99.46  149.20      0
     8388608       2097152     float     sum      -1    61.52  136.36  204.53      0    61.00  137.51  206.26      0
    16777216       4194304     float     sum      -1    106.5  157.59  236.38      0    100.2  167.45  251.17      0
    33554432       8388608     float     sum      -1    189.4  177.18  265.76      0    177.5  189.06  283.59      0
    67108864      16777216     float     sum      -1    344.4  194.88  292.32      0    334.2  200.82  301.24      0
   134217728      33554432     float     sum      -1    657.9  203.99  305.99      0    631.8  212.45  318.68      0
   268435456      67108864     float     sum      -1   1298.5  206.73  310.09      0   1222.0  219.67  329.51      0
   536870912     134217728     float     sum      -1   2630.4  204.11  306.16      0   2402.8  223.43  335.15      0
  1073741824     268435456     float     sum      -1   5150.0  208.49  312.74      0   4737.0  226.67  340.01      0
  2147483648     536870912     float     sum      -1    10271  209.08  313.62      0   9466.0  226.86  340.30      0
  4294967296    1073741824     float     sum      -1    21018  204.34  306.52      0    18943  226.73  340.10      0
