        size         count      type   redop    root     time   algbw   busbw #wrong     time   algbw   busbw #wrong
         (B)    (elements)                               (us)  (GB/s)  (GB/s)            (us)  (GB/s)  (GB/s)       
           8             2     float     sum      -1    33.96    0.00    0.00      0    33.57    0.00    0.00      0
          16             4     float     sum      -1    33.83    0.00    0.00      0    32.73    0.00    0.00      0
          32             8     float     sum      -1    32.88    0.00    0.00      0    32.66    0.00    0.00      0
          64            16     float     sum      -1    36.08    0.00    0.00      0    35.57    0.00    0.00      0
         128            32     float     sum      -1    36.77    0.00    0.01      0    36.28    0.00    0.01      0
         256            64     float     sum      -1    39.75    0.01    0.01      0    37.01    0.01    0.01      0
         512           128     float     sum      -1    37.96    0.01    0.03      0    37.64    0.01    0.03      0
        1024           256     float     sum      -1    42.37    0.02    0.05      0    41.37    0.02    0.05      0
        2048           512     float     sum      -1    44.42    0.05    0.09      0    44.40    0.05    0.09      0
        4096          1024     float     sum      -1    76.18    0.05    0.10      0    74.63    0.05    0.10      0
        8192          2048     float     sum      -1    76.65    0.11    0.20      0    76.71    0.11    0.20      0
       16384          4096     float     sum      -1    77.02    0.21    0.40      0    76.43    0.21    0.40      0
       32768          8192     float     sum      -1    80.62    0.41    0.76      0    80.01    0.41    0.77      0
       65536         16384     float     sum      -1    85.85    0.76    1.43      0    84.86    0.77    1.45      0
      131072         32768     float     sum      -1    165.8    0.79    1.48      0    164.5    0.80    1.49      0
      262144         65536     float     sum      -1    172.4    1.52    2.85      0    174.4    1.50    2.82      0
      524288        131072     float     sum      -1    266.6    1.97    3.69      0    276.5    1.90    3.55      0
     1048576        262144     float     sum      -1    468.3    2.24    4.20      0    482.6    2.17    4.07      0
     2097152        524288     float     sum      -1    246.9    8.49   15.92      0    245.5    8.54   16.02      0
     4194304       1048576     float     sum      -1    401.7   10.44   19.58      0    384.1   10.92   20.48      0
     8388608       2097152     float     sum      -1    647.2   12.96   24.30      0    649.9   12.91   24.20      0
    16777216       4194304     float     sum      -1   1409.4   11.90   22.32      0   1406.4   11.93   22.37      0
    33554432       8388608     float     sum      -1   1438.4   23.33   43.74      0   1440.5   23.29   43.68      0
    67108864      16777216     float     sum      -1   1627.5   41.24   77.32      0   1604.7   41.82   78.41      0
   134217728      33554432     float     sum      -1   3188.9   42.09   78.92      0   3188.7   42.09   78.92      0
   268435456      67108864     float     sum      -1   6330.3   42.40   79.51      0   6341.4   42.33   79.37      0
   536870912     134217728     float     sum      -1    13413   40.03   75.05      0    13395   40.08   75.15      0
  1073741824     268435456     float     sum      -1    26715   40.19   75.36      0    26692   40.23   75.43      0
  2147483648     536870912     float     sum      -1    54215   39.61   74.27      0    54341   39.52   74.10      0
  4294967296    1073741824     float     sum      -1   108756   39.49   74.05      0   108713   39.51   74.08      0
           8             2     float     sum      -1    33.91    0.00    0.00      0    33.90    0.00    0.00      0
          16             4     float     sum      -1    33.21    0.00    0.00      0    33.30    0.00    0.00      0
          32             8     float     sum      -1    33.74    0.00    0.00      0    33.16    0.00    0.00      0
          64            16     float     sum      -1    36.03    0.00    0.00      0    35.82    0.00    0.00      0
         128            32     float     sum      -1    37.37    0.00    0.01      0    36.36    0.00    0.01      0
         256            64     float     sum      -1    37.57    0.01    0.01      0    37.28    0.01    0.01      0
         512           128     float     sum      -1    38.50    0.01    0.02      0    37.56    0.01    0.03      0
        1024           256     float     sum      -1    42.37    0.02    0.05      0    41.79    0.02    0.05      0
        2048           512     float     sum      -1    43.89    0.05    0.09      0    43.89    0.05    0.09      0
        4096          1024     float     sum      -1    74.46    0.06    0.10      0    74.59    0.05    0.10      0
        8192          2048     float     sum      -1    75.87    0.11    0.20      0    75.28    0.11    0.20      0
       16384          4096     float     sum      -1    77.79    0.21    0.39      0    75.95    0.22    0.40      0
       32768          8192     float     sum      -1    80.60    0.41    0.76      0    79.28    0.41    0.77      0
       65536         16384     float     sum      -1    85.33    0.77    1.44      0    85.02    0.77    1.45      0
      131072         32768     float     sum      -1    163.6    0.80    1.50      0    163.1    0.80    1.51      0
      262144         65536     float     sum      -1    177.6    1.48    2.77      0    172.5    1.52    2.85      0
      524288        131072     float     sum      -1    264.3    1.98    3.72      0    260.5    2.01    3.77      0
     1048576        262144     float     sum      -1    472.1    2.22    4.16      0    464.7    2.26    4.23      0
     2097152        524288     float     sum      -1    248.4    8.44   15.83      0    245.3    8.55   16.03      0
     4194304       1048576     float     sum      -1    385.2   10.89   20.41      0    381.5   10.99   20.61      0
     8388608       2097152     float     sum      -1    643.7   13.03   24.43      0    655.9   12.79   23.98      0
    16777216       4194304     float     sum      -1   1401.8   11.97   22.44      0   1378.8   12.17   22.81      0
    33554432       8388608     float     sum      -1   1428.5   23.49   44.04      0   1432.2   23.43   43.93      0
    67108864      16777216     float     sum      -1   1599.9   41.95   78.65      0   1606.8   41.77   78.31      0
   134217728      33554432     float     sum      -1   3174.2   42.28   79.28      0   3177.7   42.24   79.20      0
   268435456      67108864     float     sum      -1   6336.4   42.36   79.43      0   6331.6   42.40   79.49      0
   536870912     134217728     float     sum      -1    13388   40.10   75.19      0    13382   40.12   75.22      0
  1073741824     268435456     float     sum      -1    26715   40.19   75.36      0    26696   40.22   75.41      0
  2147483648     536870912     float     sum      -1    54379   39.49   74.05      0    54220   39.61   74.26      0
  4294967296    1073741824     float     sum      -1   108599   39.55   74.15      0   108722   39.50   74.07      0
           8             2     float     sum      -1    34.02    0.00    0.00      0    33.24    0.00    0.00      0
          16             4     float     sum      -1    33.86    0.00    0.00      0    33.17    0.00    0.00      0
          32             8     float     sum      -1    33.63    0.00    0.00      0    33.49    0.00    0.00      0
          64            16     float     sum      -1    36.47    0.00    0.00      0    35.77    0.00    0.00      0
         128            32     float     sum      -1    37.14    0.00    0.01      0    36.27    0.00    0.01      0
         256            64     float     sum      -1    37.07    0.01    0.01      0    37.06    0.01    0.01      0
         512           128     float     sum      -1    38.54    0.01    0.02      0    37.74    0.01    0.03      0
        1024           256     float     sum      -1    42.39    0.02    0.05      0    41.05    0.02    0.05      0
        2048           512     float     sum      -1    44.37    0.05    0.09      0    44.04    0.05    0.09      0
        4096          1024     float     sum      -1    74.74    0.05    0.10      0    75.19    0.05    0.10      0
        8192          2048     float     sum      -1    76.83    0.11    0.20      0    76.00    0.11    0.20      0
       16384          4096     float     sum      -1    77.22    0.21    0.40      0    76.99    0.21    0.40      0
       32768          8192     float     sum      -1    81.31    0.40    0.76      0    79.40    0.41    0.77      0
       65536         16384     float     sum      -1    86.08    0.76    1.43      0    84.81    0.77    1.45      0
      131072         32768     float     sum      -1    174.0    0.75    1.41      0    166.2    0.79    1.48      0
      262144         65536     float     sum      -1    174.7    1.50    2.81      0    178.0    1.47    2.76      0
      524288        131072     float     sum      -1    258.0    2.03    3.81      0    318.4    1.65    3.09      0
     1048576        262144     float     sum      -1    468.7    2.24    4.19      0    467.8    2.24    4.20      0
     2097152        524288     float     sum      -1    246.4    8.51   15.96      0    247.5    8.47   15.89      0
     4194304       1048576     float     sum      -1    387.8   10.82   20.28      0    387.7   10.82   20.28      0
     8388608       2097152     float     sum      -1    648.3   12.94   24.26      0    632.4   13.27   24.87      0
    16777216       4194304     float     sum      -1   1397.0   12.01   22.52      0   1380.4   12.15   22.79      0
    33554432       8388608     float     sum      -1   1430.0   23.46   44.00      0   1428.8   23.49   44.03      0
    67108864      16777216     float     sum      -1   1609.9   41.69   78.16      0   1604.9   41.82   78.40      0
   134217728      33554432     float     sum      -1   3182.3   42.18   79.08      0   3184.1   42.15   79.04      0
   268435456      67108864     float     sum      -1   6342.5   42.32   79.36      0   6324.9   42.44   79.58      0
   536870912     134217728     float     sum      -1    13392   40.09   75.17      0    13380   40.12   75.23      0
  1073741824     268435456     float     sum      -1    26706   40.21   75.39      0    26687   40.23   75.44      0
  2147483648     536870912     float     sum      -1    54278   39.56   74.18      0    54339   39.52   74.10      0
  4294967296    1073741824     float     sum      -1   108658   39.53   74.11      0   108639   39.53   74.13      0
           8             2     float     sum      -1    34.03    0.00    0.00      0    33.28    0.00    0.00      0
          16             4     float     sum      -1    33.60    0.00    0.00      0    33.41    0.00    0.00      0
          32             8     float     sum      -1    33.34    0.00    0.00      0    33.83    0.00    0.00      0
          64            16     float     sum      -1    36.37    0.00    0.00      0    36.47    0.00    0.00      0
         128            32     float     sum      -1    36.71    0.00    0.01      0    36.19    0.00    0.01      0
         256            64     float     sum      -1    37.45    0.01    0.01      0    36.47    0.01    0.01      0
         512           128     float     sum      -1    37.76    0.01    0.03      0    37.68    0.01    0.03      0
        1024           256     float     sum      -1    42.14    0.02    0.05      0    41.37    0.02    0.05      0
        2048           512     float     sum      -1    44.30    0.05    0.09      0    43.34    0.05    0.09      0
        4096          1024     float     sum      -1    75.08    0.05    0.10      0    74.74    0.05    0.10      0
        8192          2048     float     sum      -1    76.34    0.11    0.20      0    75.43    0.11    0.20      0
       16384          4096     float     sum      -1    77.29    0.21    0.40      0    76.12    0.22    0.40      0
       32768          8192     float     sum      -1    83.16    0.39    0.74      0    79.79    0.41    0.77      0
       65536         16384     float     sum      -1    85.47    0.77    1.44      0    84.12    0.78    1.46      0
      131072         32768     float     sum      -1    169.1    0.77    1.45      0    164.2    0.80    1.50      0
      262144         65536     float     sum      -1    177.3    1.48    2.77      0    174.4    1.50    2.82      0
      524288        131072     float     sum      -1    266.5    1.97    3.69      0    261.6    2.00    3.76      0
     1048576        262144     float     sum      -1    580.4    1.81    3.39      0    473.8    2.21    4.15      0
     2097152        524288     float     sum      -1    250.0    8.39   15.73      0    248.9    8.43   15.80      0
     4194304       1048576     float     sum      -1    386.6   10.85   20.34      0    384.5   10.91   20.45      0
     8388608       2097152     float     sum      -1    640.1   13.11   24.57      0    636.9   13.17   24.70      0
    16777216       4194304     float     sum      -1   1395.5   12.02   22.54      0   1382.8   12.13   22.75      0
    33554432       8388608     float     sum      -1   1428.0   23.50   44.06      0   1424.6   23.55   44.16      0
    67108864      16777216     float     sum      -1   1596.5   42.04   78.82      0   1601.9   41.89   78.55      0
   134217728      33554432     float     sum      -1   3204.2   41.89   78.54      0   3152.5   42.57   79.83      0
   268435456      67108864     float     sum      -1   6354.8   42.24   79.20      0   6355.8   42.23   79.19      0
   536870912     134217728     float     sum      -1    13420   40.01   75.01      0    13419   40.01   75.01      0
  1073741824     268435456     float     sum      -1    26753   40.14   75.26      0    26716   40.19   75.36      0
  2147483648     536870912     float     sum      -1    54227   39.60   74.25      0    54411   39.47   74.00      0
  4294967296    1073741824     float     sum      -1   108658   39.53   74.11      0   108624   39.54   74.14      0
           8             2     float     sum      -1    33.99    0.00    0.00      0    33.41    0.00    0.00      0
          16             4     float     sum      -1    33.40    0.00    0.00      0    33.20    0.00    0.00      0
          32             8     float     sum      -1    33.29    0.00    0.00      0    33.30    0.00    0.00      0
          64            16     float     sum      -1    36.52    0.00    0.00      0    35.91    0.00    0.00      0
         128            32     float     sum      -1    36.94    0.00    0.01      0    36.36    0.00    0.01      0
         256            64     float     sum      -1    37.22    0.01    0.01      0    36.89    0.01    0.01      0
         512           128     float     sum      -1    38.12    0.01    0.03      0    37.69    0.01    0.03      0
        1024           256     float     sum      -1    41.74    0.02    0.05      0    41.40    0.02    0.05      0
        2048           512     float     sum      -1    44.68    0.05    0.09      0    43.77    0.05    0.09      0
        4096          1024     float     sum      -1    74.87    0.05    0.10      0    74.56    0.05    0.10      0
        8192          2048     float     sum      -1    76.31    0.11    0.20      0    75.09    0.11    0.20      0
       16384          4096     float     sum      -1    76.58    0.21    0.40      0    76.29    0.21    0.40      0
       32768          8192     float     sum      -1    80.39    0.41    0.76      0    79.73    0.41    0.77      0
       65536         16384     float     sum      -1    87.31    0.75    1.41      0    84.57    0.77    1.45      0
      131072         32768     float     sum      -1    166.7    0.79    1.47      0    166.4    0.79    1.48      0
      262144         65536     float     sum      -1    173.3    1.51    2.84      0    172.5    1.52    2.85      0
      524288        131072     float     sum      -1    286.3    1.83    3.43      0    303.8    1.73    3.24      0
     1048576        262144     float     sum      -1    469.8    2.23    4.19      0    471.6    2.22    4.17      0
     2097152        524288     float     sum      -1    245.3    8.55   16.03      0    244.8    8.57   16.07      0
     4194304       1048576     float     sum      -1    384.9   10.90   20.43      0    388.6   10.79   20.24      0
     8388608       2097152     float     sum      -1    653.7   12.83   24.06      0    653.9   12.83   24.05      0
    16777216       4194304     float     sum      -1   1396.2   12.02   22.53      0   1378.1   12.17   22.83      0
    33554432       8388608     float     sum      -1   1431.6   23.44   43.95      0   1426.2   23.53   44.11      0
    67108864      16777216     float     sum      -1   1600.5   41.93   78.62      0   1596.7   42.03   78.80      0
   134217728      33554432     float     sum      -1   3180.2   42.20   79.13      0   3174.3   42.28   79.28      0
   268435456      67108864     float     sum      -1   6334.8   42.37   79.45      0   6359.8   42.21   79.14      0
   536870912     134217728     float     sum      -1    13404   40.05   75.10      0    13417   40.01   75.03      0
  1073741824     268435456     float     sum      -1    26733   40.17   75.31      0    26681   40.24   75.46      0
  2147483648     536870912     float     sum      -1    54427   39.46   73.98      0    54470   39.43   73.92      0
  4294967296    1073741824     float     sum      -1   108789   39.48   74.02      0   108618   39.54   74.14      0
           8             2     float     sum      -1    34.30    0.00    0.00      0    33.84    0.00    0.00      0
          16             4     float     sum      -1    34.26    0.00    0.00      0    33.06    0.00    0.00      0
          32             8     float     sum      -1    33.14    0.00    0.00      0    33.25    0.00    0.00      0
          64            16     float     sum      -1    36.88    0.00    0.00      0    35.62    0.00    0.00      0
         128            32     float     sum      -1    37.05    0.00    0.01      0    36.08    0.00    0.01      0
         256            64     float     sum      -1    37.13    0.01    0.01      0    37.00    0.01    0.01      0
         512           128     float     sum      -1    37.95    0.01    0.03      0    38.04    0.01    0.03      0
        1024           256     float     sum      -1    42.20    0.02    0.05      0    41.56    0.02    0.05      0
        2048           512     float     sum      -1    44.71    0.05    0.09      0    44.00    0.05    0.09      0
        4096          1024     float     sum      -1    75.16    0.05    0.10      0    73.72    0.06    0.10      0
        8192          2048     float     sum      -1    76.25    0.11    0.20      0    75.40    0.11    0.20      0
       16384          4096     float     sum      -1    76.81    0.21    0.40      0    76.18    0.22    0.40      0
       32768          8192     float     sum      -1    80.33    0.41    0.76      0    79.38    0.41    0.77      0
       65536         16384     float     sum      -1    86.22    0.76    1.43      0    85.32    0.77    1.44      0
      131072         32768     float     sum      -1    164.1    0.80    1.50      0    162.9    0.80    1.51      0
      262144         65536     float     sum      -1    172.8    1.52    2.84      0    176.0    1.49    2.79      0
      524288        131072     float     sum      -1    263.0    1.99    3.74      0    264.0    1.99    3.72      0
     1048576        262144     float     sum      -1    468.3    2.24    4.20      0    466.6    2.25    4.21      0
     2097152        524288     float     sum      -1    247.0    8.49   15.92      0    249.0    8.42   15.79      0
     4194304       1048576     float     sum      -1    384.2   10.92   20.47      0    385.6   10.88   20.40      0
     8388608       2097152     float     sum      -1    638.5   13.14   24.63      0    629.3   13.33   24.99      0
    16777216       4194304     float     sum      -1   1395.4   12.02   22.54      0   1378.6   12.17   22.82      0
    33554432       8388608     float     sum      -1   1429.5   23.47   44.01      0   1425.4   23.54   44.14      0
    67108864      16777216     float     sum      -1   1606.6   41.77   78.32      0   1599.9   41.95   78.65      0
   134217728      33554432     float     sum      -1   3182.8   42.17   79.07      0   3150.2   42.61   79.89      0
   268435456      67108864     float     sum      -1   6334.2   42.38   79.46      0   6361.7   42.20   79.12      0
   536870912     134217728     float     sum      -1    13392   40.09   75.17      0    13449   39.92   74.85      0
  1073741824     268435456     float     sum      -1    26688   40.23   75.44      0    26651   40.29   75.54      0
  2147483648     536870912     float     sum      -1    54310   39.54   74.14      0    54283   39.56   74.18      0
  4294967296    1073741824     float     sum      -1   108729   39.50   74.07      0   108707   39.51   74.08      0
           8             2     float     sum      -1    34.23    0.00    0.00      0    33.56    0.00    0.00      0
          16             4     float     sum      -1    34.19    0.00    0.00      0    33.48    0.00    0.00      0
          32             8     float     sum      -1    34.15    0.00    0.00      0    33.63    0.00    0.00      0
          64            16     float     sum      -1    36.64    0.00    0.00      0    36.12    0.00    0.00      0
         128            32     float     sum      -1    36.52    0.00    0.01      0    36.39    0.00    0.01      0
         256            64     float     sum      -1    37.17    0.01    0.01      0    36.77    0.01    0.01      0
         512           128     float     sum      -1    37.71    0.01    0.03      0    37.97    0.01    0.03      0
        1024           256     float     sum      -1    42.10    0.02    0.05      0    41.71    0.02    0.05      0
        2048           512     float     sum      -1    44.21    0.05    0.09      0    43.93    0.05    0.09      0
        4096          1024     float     sum      -1    75.71    0.05    0.10      0    74.89    0.05    0.10      0
        8192          2048     float     sum      -1    76.19    0.11    0.20      0    75.50    0.11    0.20      0
       16384          4096     float     sum      -1    77.02    0.21    0.40      0    76.44    0.21    0.40      0
       32768          8192     float     sum      -1    81.44    0.40    0.75      0    80.44    0.41    0.76      0
       65536         16384     float     sum      -1    85.82    0.76    1.43      0    84.69    0.77    1.45      0
      131072         32768     float     sum      -1    168.1    0.78    1.46      0    164.8    0.80    1.49      0
      262144         65536     float     sum      -1    176.0    1.49    2.79      0    174.2    1.51    2.82      0
      524288        131072     float     sum      -1    262.7    2.00    3.74      0    259.3    2.02    3.79      0
     1048576        262144     float     sum      -1    472.9    2.22    4.16      0    465.0    2.25    4.23      0
     2097152        524288     float     sum      -1    247.3    8.48   15.90      0    247.3    8.48   15.90      0
     4194304       1048576     float     sum      -1    381.8   10.99   20.60      0    380.4   11.03   20.67      0
     8388608       2097152     float     sum      -1    644.4   13.02   24.41      0    637.7   13.15   24.66      0
    16777216       4194304     float     sum      -1   1394.0   12.04   22.57      0   1373.9   12.21   22.90      0
    33554432       8388608     float     sum      -1   1430.1   23.46   43.99      0   1425.9   23.53   44.12      0
    67108864      16777216     float     sum      -1   1600.3   41.94   78.63      0   1596.9   42.02   78.80      0
   134217728      33554432     float     sum      -1   3167.6   42.37   79.45      0   3184.5   42.15   79.03      0
   268435456      67108864     float     sum      -1   6301.7   42.60   79.87      0   6336.0   42.37   79.44      0
   536870912     134217728     float     sum      -1    13388   40.10   75.19      0    13378   40.13   75.24      0
  1073741824     268435456     float     sum      -1    26674   40.25   75.48      0    26758   40.13   75.24      0
  2147483648     536870912     float     sum      -1    54307   39.54   74.14      0    54316   39.54   74.13      0
  4294967296    1073741824     float     sum      -1   108678   39.52   74.10      0   108668   39.52   74.11      0
           8             2     float     sum      -1    34.25    0.00    0.00      0    33.43    0.00    0.00      0
          16             4     float     sum      -1    33.85    0.00    0.00      0    33.54    0.00    0.00      0
          32             8     float     sum      -1    33.17    0.00    0.00      0    33.14    0.00    0.00      0
          64            16     float     sum      -1    36.11    0.00    0.00      0    36.30    0.00    0.00      0
         128            32     float     sum      -1    36.86    0.00    0.01      0    36.67    0.00    0.01      0
         256            64     float     sum      -1    37.40    0.01    0.01      0    37.58    0.01    0.01      0
         512           128     float     sum      -1    38.31    0.01    0.03      0    38.14    0.01    0.03      0
        1024           256     float     sum      -1    41.94    0.02    0.05      0    41.45    0.02    0.05      0
        2048           512     float     sum      -1    44.73    0.05    0.09      0    43.88    0.05    0.09      0
        4096          1024     float     sum      -1    75.46    0.05    0.10      0    74.33    0.06    0.10      0
        8192          2048     float     sum      -1    76.82    0.11    0.20      0    75.63    0.11    0.20      0
       16384          4096     float     sum      -1    77.07    0.21    0.40      0    76.41    0.21    0.40      0
       32768          8192     float     sum      -1    80.48    0.41    0.76      0    79.93    0.41    0.77      0
       65536         16384     float     sum      -1    85.43    0.77    1.44      0    84.75    0.77    1.45      0
      131072         32768     float     sum      -1    166.1    0.79    1.48      0    168.0    0.78    1.46      0
      262144         65536     float     sum      -1    172.7    1.52    2.85      0    173.3    1.51    2.84      0
      524288        131072     float     sum      -1    257.6    2.04    3.82      0    259.8    2.02    3.78      0
     1048576        262144     float     sum      -1    468.7    2.24    4.19      0    463.5    2.26    4.24      0
     2097152        524288     float     sum      -1    249.9    8.39   15.74      0    250.0    8.39   15.73      0
     4194304       1048576     float     sum      -1    379.5   11.05   20.73      0    380.6   11.02   20.66      0
     8388608       2097152     float     sum      -1    651.9   12.87   24.13      0    655.5   12.80   23.99      0
    16777216       4194304     float     sum      -1   1397.3   12.01   22.51      0   1380.0   12.16   22.79      0
    33554432       8388608     float     sum      -1   1430.6   23.46   43.98      0   1429.7   23.47   44.01      0
    67108864      16777216     float     sum      -1   1601.2   41.91   78.58      0   1605.4   41.80   78.38      0
   134217728      33554432     float     sum      -1   3190.1   42.07   78.89      0   3162.2   42.44   79.58      0
   268435456      67108864     float     sum      -1   6320.6   42.47   79.63      0   6324.6   42.44   79.58      0
   536870912     134217728     float     sum      -1    13381   40.12   75.23      0    13408   40.04   75.08      0
  1073741824     268435456     float     sum      -1    26737   40.16   75.30      0    26748   40.14   75.27      0
  2147483648     536870912     float     sum      -1    54356   39.51   74.08      0    54411   39.47   74.00      0
  4294967296    1073741824     float     sum      -1   108696   39.51   74.09      0   108743   39.50   74.06      0
           8             2     float     sum      -1    34.29    0.00    0.00      0    33.74    0.00    0.00      0
          16             4     float     sum      -1    33.09    0.00    0.00      0    33.39    0.00    0.00      0
          32             8     float     sum      -1    33.37    0.00    0.00      0    33.40    0.00    0.00      0
          64            16     float     sum      -1    36.45    0.00    0.00      0    35.69    0.00    0.00      0
         128            32     float     sum      -1    36.59    0.00    0.01      0    36.43    0.00    0.01      0
         256            64     float     sum      -1    37.25    0.01    0.01      0    36.80    0.01    0.01      0
         512           128     float     sum      -1    38.25    0.01    0.03      0    37.65    0.01    0.03      0
        1024           256     float     sum      -1    42.01    0.02    0.05      0    41.38    0.02    0.05      0
        2048           512     float     sum      -1    44.41    0.05    0.09      0    44.39    0.05    0.09      0
        4096          1024     float     sum      -1    75.74    0.05    0.10      0    75.01    0.05    0.10      0
        8192          2048     float     sum      -1    77.22    0.11    0.20      0    75.31    0.11    0.20      0
       16384          4096     float     sum      -1    76.75    0.21    0.40      0    75.33    0.22    0.41      0
       32768          8192     float     sum      -1    81.40    0.40    0.75      0    79.60    0.41    0.77      0
       65536         16384     float     sum      -1    86.02    0.76    1.43      0    84.25    0.78    1.46      0
      131072         32768     float     sum      -1    164.6    0.80    1.49      0    167.4    0.78    1.47      0
      262144         65536     float     sum      -1    175.7    1.49    2.80      0    177.1    1.48    2.77      0
      524288        131072     float     sum      -1    259.3    2.02    3.79      0    262.2    2.00    3.75      0
     1048576        262144     float     sum      -1    521.9    2.01    3.77      0    467.3    2.24    4.21      0
     2097152        524288     float     sum      -1    249.0    8.42   15.79      0    245.0    8.56   16.05      0
     4194304       1048576     float     sum      -1    378.8   11.07   20.76      0    375.8   11.16   20.93      0
     8388608       2097152     float     sum      -1    649.1   12.92   24.23      0    652.8   12.85   24.10      0
    16777216       4194304     float     sum      -1   1399.2   11.99   22.48      0   1384.2   12.12   22.73      0
    33554432       8388608     float     sum      -1   1431.4   23.44   43.95      0   1434.4   23.39   43.86      0
    67108864      16777216     float     sum      -1   1607.5   41.75   78.28      0   1598.1   41.99   78.73      0
   134217728      33554432     float     sum      -1   3168.5   42.36   79.43      0   3170.9   42.33   79.37      0
   268435456      67108864     float     sum      -1   6363.7   42.18   79.09      0   6348.5   42.28   79.28      0
   536870912     134217728     float     sum      -1    13431   39.97   74.95      0    13484   39.81   74.65      0
  1073741824     268435456     float     sum      -1    26689   40.23   75.43      0    26832   40.02   75.03      0
  2147483648     536870912     float     sum      -1    54389   39.48   74.03      0    54453   39.44   73.95      0
  4294967296    1073741824     float     sum      -1   108603   39.55   74.15      0   108576   39.56   74.17      0
           8             2     float     sum      -1    34.08    0.00    0.00      0    34.07    0.00    0.00      0
          16             4     float     sum      -1    33.63    0.00    0.00      0    33.21    0.00    0.00      0
          32             8     float     sum      -1    32.98    0.00    0.00      0    33.37    0.00    0.00      0
          64            16     float     sum      -1    36.29    0.00    0.00      0    36.04    0.00    0.00      0
         128            32     float     sum      -1    37.19    0.00    0.01      0    36.61    0.00    0.01      0
         256            64     float     sum      -1    38.21    0.01    0.01      0    36.97    0.01    0.01      0
         512           128     float     sum      -1    38.17    0.01    0.03      0    37.82    0.01    0.03      0
        1024           256     float     sum      -1    41.59    0.02    0.05      0    41.38    0.02    0.05      0
        2048           512     float     sum      -1    44.80    0.05    0.09      0    43.63    0.05    0.09      0
        4096          1024     float     sum      -1    74.95    0.05    0.10      0    74.35    0.06    0.10      0
        8192          2048     float     sum      -1    75.54    0.11    0.20      0    76.20    0.11    0.20      0
       16384          4096     float     sum      -1    76.64    0.21    0.40      0    76.54    0.21    0.40      0
       32768          8192     float     sum      -1    80.62    0.41    0.76      0    80.48    0.41    0.76      0
       65536         16384     float     sum      -1    86.61    0.76    1.42      0    84.16    0.78    1.46      0
      131072         32768     float     sum      -1    166.2    0.79    1.48      0    166.4    0.79    1.48      0
      262144         65536     float     sum      -1    175.1    1.50    2.81      0    171.8    1.53    2.86      0
      524288        131072     float     sum      -1    259.0    2.02    3.80      0    265.5    1.97    3.70      0
     1048576        262144     float     sum      -1    467.6    2.24    4.20      0    464.0    2.26    4.24      0
     2097152        524288     float     sum      -1    246.2    8.52   15.97      0    244.7    8.57   16.07      0
     4194304       1048576     float     sum      -1    386.0   10.87   20.37      0    372.0   11.28   21.14      0
     8388608       2097152     float     sum      -1    632.2   13.27   24.88      0    647.6   12.95   24.29      0
    16777216       4194304     float     sum      -1   1402.4   11.96   22.43      0   1379.9   12.16   22.80      0
    33554432       8388608     float     sum      -1   1433.2   23.41   43.90      0   1430.3   23.46   43.99      0
    67108864      16777216     float     sum      -1   1595.3   42.07   78.87      0   1602.5   41.88   78.52      0
   134217728      33554432     float     sum      -1   3161.9   42.45   79.59      0   3172.8   42.30   79.32      0
   268435456      67108864     float     sum      -1   6334.1   42.38   79.46      0   6335.9   42.37   79.44      0
   536870912     134217728     float     sum      -1    13409   40.04   75.07      0    13444   39.93   74.88      0
  1073741824     268435456     float     sum      -1    26864   39.97   74.94      0    26718   40.19   75.35      0
  2147483648     536870912     float     sum      -1    54309   39.54   74.14      0    54309   39.54   74.14      0
  4294967296    1073741824     float     sum      -1   108614   39.54   74.14      0   108704   39.51   74.08      0
