        size         count      type   redop    root     time   algbw   busbw #wrong     time   algbw   busbw #wrong
         (B)    (elements)                               (us)  (GB/s)  (GB/s)            (us)  (GB/s)  (GB/s)       
           8             2     float     sum      -1     8.77    0.00    0.00      0     8.26    0.00    0.00      0
          16             4     float     sum      -1     8.43    0.00    0.00      0     8.36    0.00    0.00      0
          32             8     float     sum      -1     8.72    0.00    0.01      0     8.73    0.00    0.01      0
          64            16     float     sum      -1     9.36    0.01    0.01      0     9.19    0.01    0.01      0
         128            32     float     sum      -1     9.45    0.01    0.02      0     9.29    0.01    0.02      0
         256            64     float     sum      -1     9.76    0.03    0.04      0     9.34    0.03    0.04      0
         512           128     float     sum      -1     9.73    0.05    0.08      0     9.37    0.05    0.08      0
        1024           256     float     sum      -1     9.82    0.10    0.16      0     9.34    0.11    0.16      0
        2048           512     float     sum      -1     9.85    0.21    0.31      0     9.53    0.21    0.32      0
        4096          1024     float     sum      -1    10.03    0.41    0.61      0     9.57    0.43    0.64      0
        8192          2048     float     sum      -1    10.26    0.80    1.20      0     9.88    0.83    1.24      0
       16384          4096     float     sum      -1    11.07    1.48    2.22      0    10.61    1.54    2.32      0
       32768          8192     float     sum      -1    11.20    2.92    4.39      0    10.83    3.03    4.54      0
       65536         16384     float     sum      -1    11.50    5.70    8.55      0    10.99    5.96    8.95      0
      131072         32768     float     sum      -1    12.24   10.71   16.07      0    11.34   11.55   17.33      0
      262144         65536     float     sum      -1    12.11   21.65   32.48      0    11.50   22.79   34.18      0
      524288        131072     float     sum      -1    15.02   34.91   52.37      0    14.08   37.24   55.87      0
     1048576        262144     float     sum      -1    19.03   55.09   82.64      0    18.98   55.25   82.87      0
     2097152        524288     float     sum      -1    30.14   69.57  104.36      0    30.10   69.67  104.50      0
     4194304       1048576     float     sum      -1    42.92   97.72  146.59      0    42.77   98.07  147.11      0
     8388608       2097152     float     sum      -1    62.10  135.09  202.63      0    61.17  137.13  205.69      0
    16777216       4194304     float     sum      -1    103.0  162.92  244.38      0    100.9  166.33  249.50      0
    33554432       8388608     float     sum      -1    181.4  185.01  277.52      0    182.0  184.32  276.49      0
    67108864      16777216     float     sum      -1    342.8  195.78  293.68      0    339.5  197.67  296.50      0
   134217728      33554432     float     sum      -1    647.5  207.30  310.95      0    647.8  207.18  310.78      0
   268435456      67108864     float     sum      -1   1262.7  212.58  318.87      0   1261.1  212.86  319.29      0
   536870912     134217728     float     sum      -1   2484.9  216.05  324.08      0   2492.7  215.38  323.07      0
  1073741824     268435456     float     sum      -1   4960.4  216.46  324.69      0   4947.6  217.02  325.53      0
  2147483648     536870912     float     sum      -1   9919.2  216.50  324.75      0   9943.2  215.98  323.96      0
  4294967296    1073741824     float     sum      -1    19891  215.92  323.88      0    19903  215.80  323.69      0
           8             2     float     sum      -1     8.40    0.00    0.00      0     8.37    0.00    0.00      0
          16             4     float     sum      -1     8.39    0.00    0.00      0     8.35    0.00    0.00      0
          32             8     float     sum      -1     8.78    0.00    0.01      0     8.86    0.00    0.01      0
          64            16     float     sum      -1     9.32    0.01    0.01      0     9.28    0.01    0.01      0
         128            32     float     sum      -1     9.49    0.01    0.02      0     9.33    0.01    0.02      0
         256            64     float     sum      -1     9.72    0.03    0.04      0     9.36    0.03    0.04      0
         512           128     float     sum      -1     9.67    0.05    0.08      0     9.33    0.05    0.08      0
        1024           256     float     sum      -1     9.98    0.10    0.15      0     9.58    0.11    0.16      0
        2048           512     float     sum      -1     9.97    0.21    0.31      0     9.58    0.21    0.32      0
        4096          1024     float     sum      -1    10.08    0.41    0.61      0     9.63    0.43    0.64      0
        8192          2048     float     sum      -1    10.23    0.80    1.20      0     9.97    0.82    1.23      0
       16384          4096     float     sum      -1    11.14    1.47    2.21      0    10.59    1.55    2.32      0
       32768          8192     float     sum      -1    11.21    2.92    4.38      0    10.80    3.04    4.55      0
       65536         16384     float     sum      -1    11.44    5.73    8.59      0    11.03    5.94    8.91      0
      131072         32768     float     sum      -1    11.83   11.08   16.62      0    11.31   11.59   17.38      0
      262144         65536     float     sum      -1    12.04   21.77   32.65      0    11.53   22.75   34.12      0
      524288        131072     float     sum      -1    14.89   35.20   52.81      0    14.13   37.10   55.65      0
     1048576        262144     float     sum      -1    18.90   55.49   83.23      0    19.72   53.18   79.77      0
     2097152        524288     float     sum      -1    30.19   69.46  104.19      0    30.01   69.87  104.81      0
     4194304       1048576     float     sum      -1    42.93   97.69  146.53      0    42.43   98.85  148.28      0
     8388608       2097152     float     sum      -1    62.08  135.13  202.69      0    61.08  137.33  206.00      0
    16777216       4194304     float     sum      -1    102.7  163.32  244.98      0    100.7  166.56  249.84      0
    33554432       8388608     float     sum      -1    182.3  184.06  276.09      0    180.4  186.00  279.00      0
    67108864      16777216     float     sum      -1    341.5  196.50  294.75      0    341.3  196.64  294.96      0
   134217728      33554432     float     sum      -1    647.9  207.15  310.72      0    650.0  206.50  309.76      0
   268435456      67108864     float     sum      -1   1265.1  212.18  318.27      0   1260.4  212.97  319.46      0
   536870912     134217728     float     sum      -1   2490.5  215.57  323.35      0   2489.7  215.63  323.45      0
  1073741824     268435456     float     sum      -1   4973.1  215.91  323.87      0   4953.1  216.78  325.17      0
  2147483648     536870912     float     sum      -1   9955.8  215.70  323.55      0   9962.3  215.56  323.34      0
  4294967296    1073741824     float     sum      -1    19922  215.59  323.38      0    19866  216.20  324.30      0
           8             2     float     sum      -1     8.87    0.00    0.00      0     8.34    0.00    0.00      0
          16             4     float     sum      -1     8.34    0.00    0.00      0     8.36    0.00    0.00      0
          32             8     float     sum      -1     8.84    0.00    0.01      0     8.87    0.00    0.01      0
          64            16     float     sum      -1     9.34    0.01    0.01      0     9.27    0.01    0.01      0
         128            32     float     sum      -1     9.47    0.01    0.02      0     9.33    0.01    0.02      0
         256            64     float     sum      -1     9.74    0.03    0.04      0     9.30    0.03    0.04      0
         512           128     float     sum      -1     9.71    0.05    0.08      0     9.42    0.05    0.08      0
        1024           256     float     sum      -1     9.80    0.10    0.16      0     9.38    0.11    0.16      0
        2048           512     float     sum      -1    10.01    0.20    0.31      0     9.51    0.22    0.32      0
        4096          1024     float     sum      -1    10.05    0.41    0.61      0     9.64    0.43    0.64      0
        8192          2048     float     sum      -1    10.33    0.79    1.19      0     9.82    0.83    1.25      0
       16384          4096     float     sum      -1    11.02    1.49    2.23      0    10.65    1.54    2.31      0
       32768          8192     float     sum      -1    11.23    2.92    4.38      0    10.85    3.02    4.53      0
       65536         16384     float     sum      -1    11.47    5.72    8.57      0    11.09    5.91    8.87      0
      131072         32768     float     sum      -1    11.81   11.10   16.65      0    11.40   11.49   17.24      0
      262144         65536     float     sum      -1    12.05   21.76   32.64      0    11.54   22.71   34.06      0
      524288        131072     float     sum      -1    15.04   34.85   52.28      0    14.12   37.13   55.70      0
     1048576        262144     float     sum      -1    19.00   55.18   82.77      0    18.94   55.37   83.06      0
     2097152        524288     float     sum      -1    30.13   69.61  104.42      0    30.08   69.73  104.60      0
     4194304       1048576     float     sum      -1    43.02   97.49  146.23      0    42.42   98.87  148.31      0
     8388608       2097152     float     sum      -1    62.22  134.83  202.24      0    61.16  137.17  205.75      0
    16777216       4194304     float     sum      -1    103.3  162.40  243.60      0    101.2  165.70  248.55      0
    33554432       8388608     float     sum      -1    181.9  184.42  276.63      0    181.5  184.89  277.33      0
    67108864      16777216     float     sum      -1    343.0  195.64  293.46      0    342.2  196.12  294.18      0
   134217728      33554432     float     sum      -1    648.9  206.83  310.24      0    647.6  207.26  310.88      0
   268435456      67108864     float     sum      -1   1258.9  213.23  319.84      0   1262.0  212.71  319.07      0
   536870912     134217728     float     sum      -1   2491.8  215.45  323.18      0   2497.8  214.93  322.40      0
  1073741824     268435456     float     sum      -1   4974.7  215.84  323.76      0   4960.2  216.47  324.71      0
  2147483648     536870912     float     sum      -1   9976.5  215.25  322.88      0   9934.5  216.16  324.25      0
  4294967296    1073741824     float     sum      -1    19872  216.13  324.20      0    19858  216.28  324.42      0
           8             2     float     sum      -1     8.41    0.00    0.00      0     8.34    0.00    0.00      0
          16             4     float     sum      -1     8.39    0.00    0.00      0     8.33    0.00    0.00      0
          32             8     float     sum      -1     8.85    0.00    0.01      0     8.81    0.00    0.01      0
          64            16     float     sum      -1     9.38    0.01    0.01      0     9.23    0.01    0.01      0
         128            32     float     sum      -1     9.43    0.01    0.02      0     9.25    0.01    0.02      0
         256            64     float     sum      -1     9.79    0.03    0.04      0     9.38    0.03    0.04      0
         512           128     float     sum      -1     9.66    0.05    0.08      0     9.40    0.05    0.08      0
        1024           256     float     sum      -1     9.84    0.10    0.16      0     9.41    0.11    0.16      0
        2048           512     float     sum      -1     9.88    0.21    0.31      0     9.55    0.21    0.32      0
        4096          1024     float     sum      -1    10.06    0.41    0.61      0     9.69    0.42    0.63      0
        8192          2048     float     sum      -1    10.24    0.80    1.20      0     9.88    0.83    1.24      0
       16384          4096     float     sum      -1    11.04    1.48    2.23      0    10.67    1.53    2.30      0
       32768          8192     float     sum      -1    11.22    2.92    4.38      0    10.89    3.01    4.51      0
       65536         16384     float     sum      -1    11.43    5.74    8.60      0    11.09    5.91    8.86      0
      131072         32768     float     sum      -1    11.88   11.03   16.55      0    11.37   11.53   17.30      0
      262144         65536     float     sum      -1    12.09   21.69   32.53      0    12.05   21.75   32.63      0
      524288        131072     float     sum      -1    15.16   34.58   51.88      0    14.06   37.28   55.93      0
     1048576        262144     float     sum      -1    18.98   55.24   82.86      0    18.98   55.25   82.88      0
     2097152        524288     float     sum      -1    30.12   69.62  104.42      0    30.05   69.79  104.68      0
     4194304       1048576     float     sum      -1    42.90   97.76  146.65      0    42.48   98.74  148.11      0
     8388608       2097152     float     sum      -1    62.31  134.62  201.93      0    61.12  137.26  205.89      0
    16777216       4194304     float     sum      -1    102.8  163.19  244.78      0    101.2  165.71  248.56      0
    33554432       8388608     float     sum      -1    181.2  185.14  277.70      0    180.3  186.11  279.16      0
    67108864      16777216     float     sum      -1    342.1  196.16  294.24      0    340.8  196.93  295.39      0
   134217728      33554432     float     sum      -1    649.0  206.81  310.21      0    646.5  207.62  311.43      0
   268435456      67108864     float     sum      -1   1256.1  213.70  320.55      0   1261.3  212.82  319.24      0
   536870912     134217728     float     sum      -1   2501.4  214.62  321.94      0   2491.9  215.45  323.17      0
  1073741824     268435456     float     sum      -1   4942.5  217.25  325.87      0   4980.4  215.59  323.39      0
  2147483648     536870912     float     sum      -1   9963.4  215.54  323.31      0   9960.4  215.60  323.40      0
  4294967296    1073741824     float     sum      -1    19892  215.92  323.88      0    19949  215.29  322.94      0
           8             2     float     sum      -1     8.51    0.00    0.00      0     8.31    0.00    0.00      0
          16             4     float     sum      -1     8.35    0.00    0.00      0     8.34    0.00    0.00      0
          32             8     float     sum      -1     8.79    0.00    0.01      0     8.80    0.00    0.01      0
          64            16     float     sum      -1     9.40    0.01    0.01      0     9.25    0.01    0.01      0
         128            32     float     sum      -1     9.48    0.01    0.02      0     9.28    0.01    0.02      0
         256            64     float     sum      -1     9.71    0.03    0.04      0     9.32    0.03    0.04      0
         512           128     float     sum      -1     9.73    0.05    0.08      0     9.45    0.05    0.08      0
        1024           256     float     sum      -1     9.86    0.10    0.16      0     9.42    0.11    0.16      0
        2048           512     float     sum      -1     9.85    0.21    0.31      0     9.49    0.22    0.32      0
        4096          1024     float     sum      -1    10.07    0.41    0.61      0     9.67    0.42    0.64      0
        8192          2048     float     sum      -1    10.27    0.80    1.20      0     9.94    0.82    1.24      0
       16384          4096     float     sum      -1    11.12    1.47    2.21      0    10.65    1.54    2.31      0
       32768          8192     float     sum      -1    11.17    2.93    4.40      0    10.83    3.03    4.54      0
       65536         16384     float     sum      -1    11.42    5.74    8.61      0    11.04    5.94    8.91      0
      131072         32768     float     sum      -1    11.91   11.00   16.50      0    11.37   11.53   17.29      0
      262144         65536     float     sum      -1    12.08   21.70   32.55      0    11.54   22.72   34.09      0
      524288        131072     float     sum      -1    15.01   34.94   52.40      0    14.16   37.01   55.52      0
     1048576        262144     float     sum      -1    19.02   55.14   82.72      0    18.96   55.32   82.98      0
     2097152        524288     float     sum      -1    30.07   69.74  104.60      0    30.09   69.70  104.55      0
     4194304       1048576     float     sum      -1    43.05   97.43  146.15      0    42.38   98.97  148.46      0
     8388608       2097152     float     sum      -1    62.11  135.06  202.59      0    61.31  136.83  205.24      0
    16777216       4194304     float     sum      -1    102.8  163.20  244.81      0    101.0  166.17  249.26      0
    33554432       8388608     float     sum      -1    182.3  184.07  276.11      0    181.0  185.38  278.08      0
    67108864      16777216     float     sum      -1    340.5  197.08  295.61      0    341.7  196.42  294.63      0
   134217728      33554432     float     sum      -1    647.0  207.45  311.17      0    647.3  207.34  311.00      0
   268435456      67108864     float     sum      -1   1256.1  213.70  320.55      0   1259.3  213.16  319.74      0
   536870912     134217728     float     sum      -1   2489.9  215.62  323.43      0   2489.6  215.65  323.47      0
  1073741824     268435456     float     sum      -1   4950.1  216.91  325.37      0   4970.5  216.02  324.03      0
  2147483648     536870912     float     sum      -1   9949.9  215.83  323.74      0   9943.8  215.96  323.94      0
  4294967296    1073741824     float     sum      -1    19916  215.66  323.49      0    19865  216.21  324.32      0
           8             2     float     sum      -1     8.32    0.00    0.00      0     8.31    0.00    0.00      0
          16             4     float     sum      -1     8.39    0.00    0.00      0     8.40    0.00    0.00      0
          32             8     float     sum      -1     8.74    0.00    0.01      0     8.75    0.00    0.01      0
          64            16     float     sum      -1     9.39    0.01    0.01      0     9.22    0.01    0.01      0
         128            32     float     sum      -1     9.45    0.01    0.02      0     9.33    0.01    0.02      0
         256            64     float     sum      -1     9.78    0.03    0.04      0     9.32    0.03    0.04      0
         512           128     float     sum      -1     9.72    0.05    0.08      0     9.41    0.05    0.08      0
        1024           256     float     sum      -1     9.89    0.10    0.16      0     9.38    0.11    0.16      0
        2048           512     float     sum      -1     9.96    0.21    0.31      0     9.51    0.22    0.32      0
        4096          1024     float     sum      -1    10.12    0.40    0.61      0     9.59    0.43    0.64      0
        8192          2048     float     sum      -1    10.21    0.80    1.20      0     9.94    0.82    1.24      0
       16384          4096     float     sum      -1    11.08    1.48    2.22      0    10.70    1.53    2.30      0
       32768          8192     float     sum      -1    11.23    2.92    4.38      0    10.84    3.02    4.53      0
       65536         16384     float     sum      -1    11.41    5.75    8.62      0    10.98    5.97    8.95      0
      131072         32768     float     sum      -1    11.83   11.08   16.62      0    11.32   11.58   17.37      0
      262144         65536     float     sum      -1    12.11   21.65   32.47      0    11.49   22.82   34.23      0
      524288        131072     float     sum      -1    15.08   34.76   52.14      0    14.09   37.21   55.81      0
     1048576        262144     float     sum      -1    18.96   55.30   82.95      0    19.46   53.87   80.80      0
     2097152        524288     float     sum      -1    30.08   69.73  104.59      0    30.10   69.67  104.51      0
     4194304       1048576     float     sum      -1    42.99   97.57  146.36      0    42.40   98.93  148.40      0
     8388608       2097152     float     sum      -1    62.07  135.14  202.72      0    60.91  137.72  206.58      0
    16777216       4194304     float     sum      -1    102.8  163.15  244.73      0    101.1  166.03  249.04      0
    33554432       8388608     float     sum      -1    182.2  184.19  276.28      0    181.6  184.73  277.10      0
    67108864      16777216     float     sum      -1    342.0  196.25  294.37      0    340.3  197.23  295.84      0
   134217728      33554432     float     sum      -1    648.8  206.88  310.32      0    647.7  207.22  310.83      0
   268435456      67108864     float     sum      -1   1261.5  212.79  319.19      0   1255.0  213.90  320.84      0
   536870912     134217728     float     sum      -1   2495.4  215.14  322.71      0   2492.6  215.39  323.08      0
  1073741824     268435456     float     sum      -1   4955.4  216.68  325.02      0   4948.1  217.00  325.50      0
  2147483648     536870912     float     sum      -1   9950.0  215.83  323.74      0   9949.4  215.84  323.76      0
  4294967296    1073741824     float     sum      -1    19902  215.80  323.71      0    19878  216.06  324.09      0
           8             2     float     sum      -1     8.36    0.00    0.00      0     8.34    0.00    0.00      0
          16             4     float     sum      -1     8.37    0.00    0.00      0     8.37    0.00    0.00      0
          32             8     float     sum      -1     8.80    0.00    0.01      0     8.76    0.00    0.01      0
          64            16     float     sum      -1     9.32    0.01    0.01      0     9.28    0.01    0.01      0
         128            32     float     sum      -1     9.46    0.01    0.02      0     9.27    0.01    0.02      0
         256            64     float     sum      -1     9.71    0.03    0.04      0     9.35    0.03    0.04      0
         512           128     float     sum      -1     9.72    0.05    0.08      0     9.36    0.05    0.08      0
        1024           256     float     sum      -1     9.85    0.10    0.16      0     9.47    0.11    0.16      0
        2048           512     float     sum      -1     9.83    0.21    0.31      0     9.50    0.22    0.32      0
        4096          1024     float     sum      -1    10.02    0.41    0.61      0    10.09    0.41    0.61      0
        8192          2048     float     sum      -1    10.31    0.79    1.19      0     9.95    0.82    1.24      0
       16384          4096     float     sum      -1    11.03    1.49    2.23      0    10.72    1.53    2.29      0
       32768          8192     float     sum      -1    11.21    2.92    4.38      0    10.86    3.02    4.53      0
       65536         16384     float     sum      -1    11.38    5.76    8.64      0    11.01    5.95    8.93      0
      131072         32768     float     sum      -1    11.89   11.02   16.54      0    11.35   11.55   17.32      0
      262144         65536     float     sum      -1    12.04   21.78   32.67      0    11.53   22.73   34.09      0
      524288        131072     float     sum      -1    15.05   34.85   52.27      0    14.07   37.25   55.88      0
     1048576        262144     float     sum      -1    19.15   54.75   82.12      0    19.13   54.80   82.20      0
     2097152        524288     float     sum      -1    29.99   69.92  104.88      0    30.12   69.63  104.44      0
     4194304       1048576     float     sum      -1    42.84   97.91  146.87      0    42.48   98.74  148.11      0
     8388608       2097152     float     sum      -1    62.03  135.23  202.84      0    61.15  137.18  205.76      0
    16777216       4194304     float     sum      -1    103.1  162.72  244.08      0    100.7  166.57  249.85      0
    33554432       8388608     float     sum      -1    181.7  184.63  276.95      0    182.6  183.79  275.69      0
    67108864      16777216     float     sum      -1    341.4  196.56  294.85      0    340.4  197.14  295.71      0
   134217728      33554432     float     sum      -1    645.6  207.91  311.86      0    648.2  207.05  310.58      0
   268435456      67108864     float     sum      -1   1259.4  213.14  319.71      0   1261.7  212.77  319.15      0
   536870912     134217728     float     sum      -1   2497.6  214.96  322.44      0   2501.4  214.63  321.95      0
  1073741824     268435456     float     sum      -1   4964.4  216.29  324.44      0   4972.0  215.96  323.94      0
  2147483648     536870912     float     sum      -1   9948.6  215.86  323.79      0   9952.1  215.78  323.67      0
  4294967296    1073741824     float     sum      -1    19903  215.79  323.68      0    19919  215.62  323.43      0
           8             2     float     sum      -1     8.44    0.00    0.00      0     8.30    0.00    0.00      0
          16             4     float     sum      -1     8.36    0.00    0.00      0     8.31    0.00    0.00      0
          32             8     float     sum      -1     8.80    0.00    0.01      0     8.76    0.00    0.01      0
          64            16     float     sum      -1     9.37    0.01    0.01      0     9.26    0.01    0.01      0
         128            32     float     sum      -1     9.46    0.01    0.02      0     9.34    0.01    0.02      0
         256            64     float     sum      -1     9.70    0.03    0.04      0     9.28    0.03    0.04      0
         512           128     float     sum      -1     9.74    0.05    0.08      0     9.41    0.05    0.08      0
        1024           256     float     sum      -1     9.82    0.10    0.16      0     9.42    0.11    0.16      0
        2048           512     float     sum      -1     9.85    0.21    0.31      0     9.52    0.22    0.32      0
        4096          1024     float     sum      -1     9.99    0.41    0.62      0     9.63    0.43    0.64      0
        8192          2048     float     sum      -1    10.30    0.80    1.19      0     9.90    0.83    1.24      0
       16384          4096     float     sum      -1    11.07    1.48    2.22      0    10.64    1.54    2.31      0
       32768          8192     float     sum      -1    11.20    2.93    4.39      0    10.90    3.01    4.51      0
       65536         16384     float     sum      -1    11.47    5.71    8.57      0    11.02    5.95    8.92      0
      131072         32768     float     sum      -1    11.87   11.04   16.57      0    11.34   11.56   17.34      0
      262144         65536     float     sum      -1    12.02   21.81   32.72      0    11.49   22.81   34.22      0
      524288        131072     float     sum      -1    15.04   34.86   52.29      0    14.10   37.18   55.78      0
     1048576        262144     float     sum      -1    18.94   55.36   83.04      0    19.07   54.98   82.47      0
     2097152        524288     float     sum      -1    30.13   69.61  104.42      0    30.09   69.69  104.53      0
     4194304       1048576     float     sum      -1    43.45   96.53  144.79      0    42.40   98.91  148.37      0
     8388608       2097152     float     sum      -1    62.06  135.16  202.74      0    61.18  137.12  205.67      0
    16777216       4194304     float     sum      -1    103.3  162.49  243.73      0    101.1  165.88  248.81      0
    33554432       8388608     float     sum      -1    181.0  185.36  278.04      0    181.1  185.23  277.85      0
    67108864      16777216     float     sum      -1    343.3  195.46  293.18      0    342.0  196.22  294.32      0
   134217728      33554432     float     sum      -1    648.9  206.85  310.27      0    648.1  207.08  310.62      0
   268435456      67108864     float     sum      -1   1259.0  213.22  319.82      0   1258.6  213.28  319.92      0
   536870912     134217728     float     sum      -1   2483.9  216.14  324.22      0   2489.8  215.63  323.44      0
  1073741824     268435456     float     sum      -1   4963.6  216.32  324.48      0   4970.1  216.04  324.06      0
  2147483648     536870912     float     sum      -1   9957.9  215.66  323.48      0   9958.4  215.64  323.47      0
  4294967296    1073741824     float     sum      -1    19919  215.63  323.44      0    19842  216.46  324.69      0
           8             2     float     sum      -1     8.42    0.00    0.00      0     8.26    0.00    0.00      0
          16             4     float     sum      -1     8.39    0.00    0.00      0     8.32    0.00    0.00      0
          32             8     float     sum      -1     8.83    0.00    0.01      0     8.83    0.00    0.01      0
          64            16     float     sum      -1     9.36    0.01    0.01      0     9.27    0.01    0.01      0
         128            32     float     sum      -1     9.49    0.01    0.02      0     9.30    0.01    0.02      0
         256            64     float     sum      -1     9.78    0.03    0.04      0     9.35    0.03    0.04      0
         512           128     float     sum      -1     9.70    0.05    0.08      0     9.43    0.05    0.08      0
        1024           256     float     sum      -1     9.78    0.10    0.16      0     9.38    0.11    0.16      0
        2048           512     float     sum      -1     9.87    0.21    0.31      0     9.55    0.21    0.32      0
        4096          1024     float     sum      -1     9.97    0.41    0.62      0     9.65    0.42    0.64      0
        8192          2048     float     sum      -1    10.28    0.80    1.20      0     9.89    0.83    1.24      0
       16384          4096     float     sum      -1    11.12    1.47    2.21      0    10.59    1.55    2.32      0
       32768          8192     float     sum      -1    11.21    2.92    4.39      0    10.80    3.03    4.55      0
       65536         16384     float     sum      -1    11.44    5.73    8.59      0    11.01    5.95    8.93      0
      131072         32768     float     sum      -1    11.85   11.06   16.60      0    11.30   11.60   17.40      0
      262144         65536     float     sum      -1    12.05   21.75   32.63      0    11.51   22.78   34.17      0
      524288        131072     float     sum      -1    15.05   34.84   52.27      0    14.09   37.22   55.82      0
     1048576        262144     float     sum      -1    18.93   55.39   83.08      0    19.07   54.98   82.46      0
     2097152        524288     float     sum      -1    30.16   69.53  104.30      0    30.09   69.69  104.54      0
     4194304       1048576     float     sum      -1    43.04   97.45  146.18      0    42.39   98.96  148.44      0
     8388608       2097152     float     sum      -1    61.95  135.40  203.10      0    61.32  136.79  205.19      0
    16777216       4194304     float     sum      -1    103.1  162.77  244.15      0    101.0  166.07  249.10      0
    33554432       8388608     float     sum      -1    180.8  185.61  278.42      0    180.4  185.97  278.95      0
    67108864      16777216     float     sum      -1    341.9  196.31  294.47      0    341.5  196.53  294.80      0
   134217728      33554432     float     sum      -1    647.7  207.22  310.84      0    646.3  207.66  311.50      0
   268435456      67108864     float     sum      -1   1263.1  212.53  318.79      0   1259.3  213.16  319.74      0
   536870912     134217728     float     sum      -1   2489.3  215.67  323.51      0   2500.0  214.74  322.12      0
  1073741824     268435456     float     sum      -1   4952.6  216.81  325.21      0   4964.3  216.29  324.44      0
  2147483648     536870912     float     sum      -1   9968.0  215.44  323.16      0   9953.6  215.75  323.62      0
  4294967296    1073741824     float     sum      -1    19901  215.82  323.73      0    19875  216.10  324.16      0
           8             2     float     sum      -1     8.38    0.00    0.00      0     8.34    0.00    0.00      0
          16             4     float     sum      -1     8.36    0.00    0.00      0     8.41    0.00    0.00      0
          32             8     float     sum      -1     8.81    0.00    0.01      0     8.86    0.00    0.01      0
          64            16     float     sum      -1     9.42    0.01    0.01      0     9.23    0.01    0.01      0
         128            32     float     sum      -1     9.47    0.01    0.02      0     9.32    0.01    0.02      0
         256            64     float     sum      -1     9.75    0.03    0.04      0     9.32    0.03    0.04      0
         512           128     float     sum      -1     9.74    0.05    0.08      0     9.38    0.05    0.08      0
        1024           256     float     sum      -1     9.84    0.10    0.16      0     9.40    0.11    0.16      0
        2048           512     float     sum      -1     9.96    0.21    0.31      0     9.41    0.22    0.33      0
        4096          1024     float     sum      -1    10.04    0.41    0.61      0     9.64    0.42    0.64      0
        8192          2048     float     sum      -1    10.57    0.78    1.16      0     9.99    0.82    1.23      0
       16384          4096     float     sum      -1    11.05    1.48    2.22      0    10.68    1.53    2.30      0
       32768          8192     float     sum      -1    11.18    2.93    4.39      0    10.90    3.01    4.51      0
       65536         16384     float     sum      -1    11.56    5.67    8.50      0    10.94    5.99    8.98      0
      131072         32768     float     sum      -1    11.85   11.06   16.60      0    11.34   11.56   17.34      0
      262144         65536     float     sum      -1    12.11   21.65   32.48      0    11.49   22.82   34.22      0
      524288        131072     float     sum      -1    15.05   34.84   52.25      0    14.10   37.19   55.79      0
     1048576        262144     float     sum      -1    18.99   55.20   82.81      0    19.07   54.97   82.46      0
     2097152        524288     float     sum      -1    30.12   69.63  104.44      0    30.01   69.89  104.83      0
     4194304       1048576     float     sum      -1    42.84   97.91  146.86      0    42.44   98.82  148.23      0
     8388608       2097152     float     sum      -1    62.21  134.84  202.26      0    61.22  137.03  205.54      0
    16777216       4194304     float     sum      -1    102.4  163.88  245.82      0    101.2  165.77  248.66      0
    33554432       8388608     float     sum      -1    181.8  184.53  276.80      0    181.4  184.94  277.41      0
    67108864      16777216     float     sum      -1    341.4  196.57  294.86      0    343.0  195.64  293.46      0
   134217728      33554432     float     sum      -1    646.4  207.64  311.46      0    647.5  207.29  310.94      0
   268435456      67108864     float     sum      -1   1260.1  213.03  319.55      0   1257.8  213.42  320.13      0
   536870912     134217728     float     sum      -1   2496.7  215.03  322.54      0   2484.1  216.12  324.18      0
  1073741824     268435456     float     sum      -1   4972.8  215.93  323.89      0   4949.3  216.95  325.42      0
  2147483648     536870912     float     sum      -1   9942.5  215.99  323.98      0   9938.7  216.07  324.11      0
  4294967296    1073741824     float     sum      -1    19910  215.72  323.58      0    19908  215.74  323.60      0
