        size         count      type   redop    root     time   algbw   busbw #wrong     time   algbw   busbw #wrong
         (B)    (elements)                               (us)  (GB/s)  (GB/s)            (us)  (GB/s)  (GB/s)       
           8             2     float     sum      -1    39.10    0.00    0.00      0    38.20    0.00    0.00      0
          16             4     float     sum      -1    38.30    0.00    0.00      0    37.34    0.00    0.00      0
          32             8     float     sum      -1    37.72    0.00    0.00      0    38.16    0.00    0.00      0
          64            16     float     sum      -1    42.00    0.00    0.00      0    41.83    0.00    0.00      0
         128            32     float     sum      -1    43.72    0.00    0.01      0    42.92    0.00    0.01      0
         256            64     float     sum      -1    47.32    0.01    0.01      0    43.25    0.01    0.01      0
         512           128     float     sum      -1    45.71    0.01    0.02      0    44.75    0.01    0.02      0
        1024           256     float     sum      -1    51.02    0.02    0.04      0    50.24    0.02    0.04      0
        2048           512     float     sum      -1    54.80    0.04    0.07      0    54.10    0.04    0.07      0
        4096          1024     float     sum      -1    83.54    0.05    0.09      0    81.98    0.05    0.10      0
        8192          2048     float     sum      -1    256.4    0.03    0.06      0    83.10    0.10    0.19      0
       16384          4096     float     sum      -1    88.08    0.19    0.36      0    84.42    0.19    0.38      0
       32768          8192     float     sum      -1    92.24    0.36    0.69      0    91.21    0.36    0.70      0
       65536         16384     float     sum      -1    102.2    0.64    1.24      0    100.1    0.65    1.27      0
      131072         32768     float     sum      -1    115.0    1.14    2.21      0    113.8    1.15    2.23      0
      262144         65536     float     sum      -1    286.8    0.91    1.77      0    330.4    0.79    1.54      0
      524288        131072     float     sum      -1    304.6    1.72    3.34      0    303.7    1.73    3.34      0
     1048576        262144     float     sum      -1    241.1    4.35    8.43      0    240.2    4.37    8.46      0
     2097152        524288     float     sum      -1    319.0    6.57   12.74      0    319.3    6.57   12.72      0
     4194304       1048576     float     sum      -1    500.3    8.38   16.24      0    497.3    8.43   16.34      0
     8388608       2097152     float     sum      -1    847.5    9.90   19.18      0    867.1    9.67   18.74      0
    16777216       4194304     float     sum      -1   2189.5    7.66   14.85      0   2157.6    7.78   15.07      0
    33554432       8388608     float     sum      -1   2789.5   12.03   23.31      0   2778.8   12.08   23.40      0
    67108864      16777216     float     sum      -1   2865.0   23.42   45.38      0   2865.3   23.42   45.38      0
   134217728      33554432     float     sum      -1   3168.2   42.36   82.08      0   3166.9   42.38   82.11      0
   268435456      67108864     float     sum      -1   6656.3   40.33   78.14      0   6690.6   40.12   77.74      0
   536870912     134217728     float     sum      -1    13678   39.25   76.05      0    13714   39.15   75.85      0
  1073741824     268435456     float     sum      -1    29283   36.67   71.04      0    28959   37.08   71.84      0
  2147483648     536870912     float     sum      -1    59129   36.32   70.37      0    60511   35.49   68.76      0
  4294967296    1073741824     float     sum      -1   118011   36.39   70.51      0   118767   36.16   70.07      0
           8             2     float     sum      -1    39.09    0.00    0.00      0    38.45    0.00    0.00      0
          16             4     float     sum      -1    38.20    0.00    0.00      0    37.78    0.00    0.00      0
          32             8     float     sum      -1    38.73    0.00    0.00      0    38.55    0.00    0.00      0
          64            16     float     sum      -1    42.00    0.00    0.00      0    42.00    0.00    0.00      0
         128            32     float     sum      -1    43.65    0.00    0.01      0    43.75    0.00    0.01      0
         256            64     float     sum      -1    44.09    0.01    0.01      0    43.60    0.01    0.01      0
         512           128     float     sum      -1    47.07    0.01    0.02      0    46.13    0.01    0.02      0
        1024           256     float     sum      -1    50.89    0.02    0.04      0    50.60    0.02    0.04      0
        2048           512     float     sum      -1    54.86    0.04    0.07      0    54.50    0.04    0.07      0
        4096          1024     float     sum      -1    83.92    0.05    0.09      0    83.15    0.05    0.10      0
        8192          2048     float     sum      -1    85.47    0.10    0.19      0    84.08    0.10    0.19      0
       16384          4096     float     sum      -1    85.64    0.19    0.37      0    85.23    0.19    0.37      0
       32768          8192     float     sum      -1    93.16    0.35    0.68      0    91.55    0.36    0.69      0
       65536         16384     float     sum      -1    102.0    0.64    1.24      0    100.2    0.65    1.27      0
      131072         32768     float     sum      -1    115.5    1.14    2.20      0    114.3    1.15    2.22      0
      262144         65536     float     sum      -1    283.8    0.92    1.79      0    281.4    0.93    1.80      0
      524288        131072     float     sum      -1    302.0    1.74    3.36      0    304.8    1.72    3.33      0
     1048576        262144     float     sum      -1    242.2    4.33    8.39      0    241.3    4.34    8.42      0
     2097152        524288     float     sum      -1    319.4    6.57   12.72      0    317.4    6.61   12.80      0
     4194304       1048576     float     sum      -1    498.4    8.41   16.30      0    498.4    8.42   16.31      0
     8388608       2097152     float     sum      -1    854.8    9.81   19.01      0    852.8    9.84   19.06      0
    16777216       4194304     float     sum      -1   2188.9    7.66   14.85      0   2150.3    7.80   15.12      0
    33554432       8388608     float     sum      -1   2786.6   12.04   23.33      0   2777.1   12.08   23.41      0
    67108864      16777216     float     sum      -1   2855.1   23.50   45.54      0   2867.1   23.41   45.35      0
   134217728      33554432     float     sum      -1   3161.3   42.46   82.26      0   3169.3   42.35   82.05      0
   268435456      67108864     float     sum      -1   6683.9   40.16   77.81      0   6654.1   40.34   78.16      0
   536870912     134217728     float     sum      -1    13700   39.19   75.93      0    13684   39.23   76.02      0
  1073741824     268435456     float     sum      -1    29125   36.87   71.43      0    28863   37.20   72.08      0
  2147483648     536870912     float     sum      -1    60804   35.32   68.43      0    59794   35.91   69.58      0
  4294967296    1073741824     float     sum      -1   118390   36.28   70.29      0   119420   35.97   69.68      0
           8             2     float     sum      -1    39.44    0.00    0.00      0    38.95    0.00    0.00      0
          16             4     float     sum      -1    38.67    0.00    0.00      0    38.02    0.00    0.00      0
          32             8     float     sum      -1    38.31    0.00    0.00      0    38.54    0.00    0.00      0
          64            16     float     sum      -1    42.52    0.00    0.00      0    42.06    0.00    0.00      0
         128            32     float     sum      -1    43.57    0.00    0.01      0    42.91    0.00    0.01      0
         256            64     float     sum      -1    43.72    0.01    0.01      0    43.30    0.01    0.01      0
         512           128     float     sum      -1    45.42    0.01    0.02      0    44.91    0.01    0.02      0
        1024           256     float     sum      -1    50.84    0.02    0.04      0    50.54    0.02    0.04      0
        2048           512     float     sum      -1    55.43    0.04    0.07      0    54.35    0.04    0.07      0
        4096          1024     float     sum      -1    84.21    0.05    0.09      0    82.66    0.05    0.10      0
        8192          2048     float     sum      -1    84.49    0.10    0.19      0    83.37    0.10    0.19      0
       16384          4096     float     sum      -1    86.37    0.19    0.37      0    84.99    0.19    0.37      0
       32768          8192     float     sum      -1    92.52    0.35    0.69      0    91.73    0.36    0.69      0
       65536         16384     float     sum      -1    102.1    0.64    1.24      0    99.79    0.66    1.27      0
      131072         32768     float     sum      -1    114.2    1.15    2.22      0    114.6    1.14    2.22      0
      262144         65536     float     sum      -1    292.9    0.89    1.73      0    280.9    0.93    1.81      0
      524288        131072     float     sum      -1    302.5    1.73    3.36      0    309.0    1.70    3.29      0
     1048576        262144     float     sum      -1    242.0    4.33    8.40      0    240.5    4.36    8.45      0
     2097152        524288     float     sum      -1    319.0    6.57   12.74      0    318.2    6.59   12.77      0
     4194304       1048576     float     sum      -1    499.6    8.40   16.27      0    497.7    8.43   16.33      0
     8388608       2097152     float     sum      -1    852.8    9.84   19.06      0    862.7    9.72   18.84      0
    16777216       4194304     float     sum      -1   2186.6    7.67   14.87      0   2152.2    7.80   15.10      0
    33554432       8388608     float     sum      -1   2783.4   12.06   23.36      0   2775.0   12.09   23.43      0
    67108864      16777216     float     sum      -1   2859.4   23.47   45.47      0   2858.3   23.48   45.49      0
   134217728      33554432     float     sum      -1   3168.1   42.37   82.08      0   3168.9   42.36   82.06      0
   268435456      67108864     float     sum      -1   6665.6   40.27   78.03      0   6687.7   40.14   77.77      0
   536870912     134217728     float     sum      -1    13649   39.33   76.21      0    13794   38.92   75.41      0
  1073741824     268435456     float     sum      -1    29116   36.88   71.45      0    28825   37.25   72.17      0
  2147483648     536870912     float     sum      -1    58767   36.54   70.80      0    60067   35.75   69.27      0
  4294967296    1073741824     float     sum      -1   119591   35.91   69.58      0   118707   36.18   70.10      0
           8             2     float     sum      -1    39.82    0.00    0.00      0    37.98    0.00    0.00      0
          16             4     float     sum      -1    38.32    0.00    0.00      0    37.94    0.00    0.00      0
          32             8     float     sum      -1    39.05    0.00    0.00      0    38.37    0.00    0.00      0
          64            16     float     sum      -1    42.32    0.00    0.00      0    42.32    0.00    0.00      0
         128            32     float     sum      -1    44.11    0.00    0.01      0    43.00    0.00    0.01      0
         256            64     float     sum      -1    44.10    0.01    0.01      0    43.20    0.01    0.01      0
         512           128     float     sum      -1    46.26    0.01    0.02      0    44.94    0.01    0.02      0
        1024           256     float     sum      -1    51.03    0.02    0.04      0    50.22    0.02    0.04      0
        2048           512     float     sum      -1    54.49    0.04    0.07      0    54.12    0.04    0.07      0
        4096          1024     float     sum      -1    84.03    0.05    0.09      0    82.62    0.05    0.10      0
        8192          2048     float     sum      -1    84.85    0.10    0.19      0    83.00    0.10    0.19      0
       16384          4096     float     sum      -1    85.66    0.19    0.37      0    85.45    0.19    0.37      0
       32768          8192     float     sum      -1    92.24    0.36    0.69      0    91.78    0.36    0.69      0
       65536         16384     float     sum      -1    102.1    0.64    1.24      0    103.8    0.63    1.22      0
      131072         32768     float     sum      -1    116.7    1.12    2.18      0    119.4    1.10    2.13      0
      262144         65536     float     sum      -1    284.9    0.92    1.78      0    280.9    0.93    1.81      0
      524288        131072     float     sum      -1    306.6    1.71    3.31      0    310.2    1.69    3.27      0
     1048576        262144     float     sum      -1    241.3    4.35    8.42      0    240.6    4.36    8.44      0
     2097152        524288     float     sum      -1    318.8    6.58   12.75      0    319.2    6.57   12.73      0
     4194304       1048576     float     sum      -1    498.8    8.41   16.29      0    496.4    8.45   16.37      0
     8388608       2097152     float     sum      -1    853.7    9.83   19.04      0    853.1    9.83   19.05      0
    16777216       4194304     float     sum      -1   2185.2    7.68   14.88      0   2144.7    7.82   15.16      0
    33554432       8388608     float     sum      -1   2773.8   12.10   23.44      0   2769.7   12.11   23.47      0
    67108864      16777216     float     sum      -1   2856.0   23.50   45.53      0   2858.1   23.48   45.49      0
   134217728      33554432     float     sum      -1   3161.3   42.46   82.26      0   3160.4   42.47   82.28      0
   268435456      67108864     float     sum      -1   6677.5   40.20   77.89      0   6678.4   40.19   77.88      0
   536870912     134217728     float     sum      -1    13865   38.72   75.02      0    13853   38.75   75.09      0
  1073741824     268435456     float     sum      -1    29065   36.94   71.58      0    29227   36.74   71.18      0
  2147483648     536870912     float     sum      -1    60406   35.55   68.88      0    59863   35.87   69.50      0
  4294967296    1073741824     float     sum      -1   117544   36.54   70.79      0   117205   36.64   71.00      0
           8             2     float     sum      -1    39.58    0.00    0.00      0    38.63    0.00    0.00      0
          16             4     float     sum      -1    38.13    0.00    0.00      0    38.01    0.00    0.00      0
          32             8     float     sum      -1    38.65    0.00    0.00      0    38.22    0.00    0.00      0
          64            16     float     sum      -1    42.35    0.00    0.00      0    42.04    0.00    0.00      0
         128            32     float     sum      -1    43.59    0.00    0.01      0    42.44    0.00    0.01      0
         256            64     float     sum      -1    43.92    0.01    0.01      0    43.67    0.01    0.01      0
         512           128     float     sum      -1    45.66    0.01    0.02      0    44.76    0.01    0.02      0
        1024           256     float     sum      -1    51.19    0.02    0.04      0    50.73    0.02    0.04      0
        2048           512     float     sum      -1    55.19    0.04    0.07      0    53.90    0.04    0.07      0
        4096          1024     float     sum      -1    84.34    0.05    0.09      0    82.79    0.05    0.10      0
        8192          2048     float     sum      -1    85.17    0.10    0.19      0    83.49    0.10    0.19      0
       16384          4096     float     sum      -1    86.12    0.19    0.37      0    84.53    0.19    0.38      0
       32768          8192     float     sum      -1    95.07    0.34    0.67      0    91.78    0.36    0.69      0
       65536         16384     float     sum      -1    101.6    0.65    1.25      0    103.5    0.63    1.23      0
      131072         32768     float     sum      -1    116.3    1.13    2.18      0    111.9    1.17    2.27      0
      262144         65536     float     sum      -1    296.9    0.88    1.71      0    282.3    0.93    1.80      0
      524288        131072     float     sum      -1    308.8    1.70    3.29      0    303.7    1.73    3.34      0
     1048576        262144     float     sum      -1    242.9    4.32    8.36      0    241.4    4.34    8.42      0
     2097152        524288     float     sum      -1    319.0    6.58   12.74      0    320.2    6.55   12.69      0
     4194304       1048576     float     sum      -1    498.3    8.42   16.31      0    497.7    8.43   16.33      0
     8388608       2097152     float     sum      -1    842.8    9.95   19.28      0    864.3    9.71   18.80      0
    16777216       4194304     float     sum      -1   2183.1    7.68   14.89      0   2152.8    7.79   15.10      0
    33554432       8388608     float     sum      -1   2779.5   12.07   23.39      0   2770.9   12.11   23.46      0
    67108864      16777216     float     sum      -1   2868.7   23.39   45.33      0   2864.3   23.43   45.39      0
   134217728      33554432     float     sum      -1   3162.7   42.44   82.22      0   3165.7   42.40   82.15      0
   268435456      67108864     float     sum      -1   6659.2   40.31   78.10      0   6639.9   40.43   78.33      0
   536870912     134217728     float     sum      -1    13769   38.99   75.55      0    13777   38.97   75.50      0
  1073741824     268435456     float     sum      -1    28795   37.29   72.25      0    29477   36.43   70.58      0
  2147483648     536870912     float     sum      -1    60320   35.60   68.98      0    60298   35.61   69.00      0
  4294967296    1073741824     float     sum      -1   117810   36.46   70.63      0   119594   35.91   69.58      0
           8             2     float     sum      -1    39.35    0.00    0.00      0    39.67    0.00    0.00      0
          16             4     float     sum      -1    38.88    0.00    0.00      0    38.26    0.00    0.00      0
          32             8     float     sum      -1    38.50    0.00    0.00      0    38.64    0.00    0.00      0
          64            16     float     sum      -1    42.25    0.00    0.00      0    42.23    0.00    0.00      0
         128            32     float     sum      -1    43.68    0.00    0.01      0    43.04    0.00    0.01      0
         256            64     float     sum      -1    43.90    0.01    0.01      0    43.83    0.01    0.01      0
         512           128     float     sum      -1    46.32    0.01    0.02      0    45.02    0.01    0.02      0
        1024           256     float     sum      -1    51.35    0.02    0.04      0    50.51    0.02    0.04      0
        2048           512     float     sum      -1    55.02    0.04    0.07      0    54.23    0.04    0.07      0
        4096          1024     float     sum      -1    84.13    0.05    0.09      0    83.16    0.05    0.10      0
        8192          2048     float     sum      -1    84.35    0.10    0.19      0    83.82    0.10    0.19      0
       16384          4096     float     sum      -1    85.42    0.19    0.37      0    84.90    0.19    0.37      0
       32768          8192     float     sum      -1    93.36    0.35    0.68      0    91.21    0.36    0.70      0
       65536         16384     float     sum      -1    101.4    0.65    1.25      0    100.5    0.65    1.26      0
      131072         32768     float     sum      -1    115.6    1.13    2.20      0    113.6    1.15    2.24      0
      262144         65536     float     sum      -1    285.6    0.92    1.78      0    284.5    0.92    1.79      0
      524288        131072     float     sum      -1    308.9    1.70    3.29      0    307.4    1.71    3.30      0
     1048576        262144     float     sum      -1    241.4    4.34    8.42      0    240.4    4.36    8.45      0
     2097152        524288     float     sum      -1    318.1    6.59   12.77      0    318.6    6.58   12.75      0
     4194304       1048576     float     sum      -1    497.6    8.43   16.33      0    498.4    8.41   16.30      0
     8388608       2097152     float     sum      -1    854.4    9.82   19.02      0    851.5    9.85   19.09      0
    16777216       4194304     float     sum      -1   2188.5    7.67   14.85      0   2154.4    7.79   15.09      0
    33554432       8388608     float     sum      -1   2777.8   12.08   23.40      0   2765.8   12.13   23.51      0
    67108864      16777216     float     sum      -1   2847.7   23.57   45.66      0   2858.3   23.48   45.49      0
   134217728      33554432     float     sum      -1   3163.5   42.43   82.20      0   3166.2   42.39   82.13      0
   268435456      67108864     float     sum      -1   6633.7   40.47   78.40      0   6673.9   40.22   77.93      0
   536870912     134217728     float     sum      -1    13633   39.38   76.30      0    13785   38.94   75.46      0
  1073741824     268435456     float     sum      -1    29130   36.86   71.42      0    28979   37.05   71.79      0
  2147483648     536870912     float     sum      -1    60089   35.74   69.24      0    59667   35.99   69.73      0
  4294967296    1073741824     float     sum      -1   120393   35.67   69.12      0   117706   36.49   70.70      0
           8             2     float     sum      -1    40.31    0.00    0.00      0    38.29    0.00    0.00      0
          16             4     float     sum      -1    38.81    0.00    0.00      0    37.96    0.00    0.00      0
          32             8     float     sum      -1    38.39    0.00    0.00      0    37.89    0.00    0.00      0
          64            16     float     sum      -1    42.15    0.00    0.00      0    42.25    0.00    0.00      0
         128            32     float     sum      -1    42.79    0.00    0.01      0    42.74    0.00    0.01      0
         256            64     float     sum      -1    44.33    0.01    0.01      0    42.96    0.01    0.01      0
         512           128     float     sum      -1    45.09    0.01    0.02      0    44.78    0.01    0.02      0
        1024           256     float     sum      -1    50.71    0.02    0.04      0    49.69    0.02    0.04      0
        2048           512     float     sum      -1    55.01    0.04    0.07      0    54.51    0.04    0.07      0
        4096          1024     float     sum      -1    83.90    0.05    0.09      0    83.11    0.05    0.10      0
        8192          2048     float     sum      -1    85.06    0.10    0.19      0    83.98    0.10    0.19      0
       16384          4096     float     sum      -1    86.24    0.19    0.37      0    85.07    0.19    0.37      0
       32768          8192     float     sum      -1    92.58    0.35    0.69      0    92.20    0.36    0.69      0
       65536         16384     float     sum      -1    102.7    0.64    1.24      0    99.70    0.66    1.27      0
      131072         32768     float     sum      -1    116.1    1.13    2.19      0    114.2    1.15    2.22      0
      262144         65536     float     sum      -1    283.1    0.93    1.79      0    282.9    0.93    1.80      0
      524288        131072     float     sum      -1    302.9    1.73    3.35      0    304.5    1.72    3.34      0
     1048576        262144     float     sum      -1    241.8    4.34    8.40      0    241.1    4.35    8.43      0
     2097152        524288     float     sum      -1    318.9    6.58   12.74      0    318.7    6.58   12.75      0
     4194304       1048576     float     sum      -1    497.8    8.43   16.32      0    498.2    8.42   16.31      0
     8388608       2097152     float     sum      -1    853.5    9.83   19.04      0    843.4    9.95   19.27      0
    16777216       4194304     float     sum      -1   2186.3    7.67   14.87      0   2150.2    7.80   15.12      0
    33554432       8388608     float     sum      -1   2781.9   12.06   23.37      0   2778.3   12.08   23.40      0
    67108864      16777216     float     sum      -1   2865.9   23.42   45.37      0   2858.5   23.48   45.49      0
   134217728      33554432     float     sum      -1   3162.1   42.45   82.24      0   3165.4   42.40   82.15      0
   268435456      67108864     float     sum      -1   6672.7   40.23   77.94      0   6655.1   40.34   78.15      0
   536870912     134217728     float     sum      -1    13738   39.08   75.71      0    13709   39.16   75.88      0
  1073741824     268435456     float     sum      -1    29287   36.66   71.03      0    28964   37.07   71.83      0
  2147483648     536870912     float     sum      -1    60171   35.69   69.15      0    60053   35.76   69.28      0
  4294967296    1073741824     float     sum      -1   118070   36.38   70.48      0   116951   36.72   71.15      0
           8             2     float     sum      -1    39.20    0.00    0.00      0    38.62    0.00    0.00      0
          16             4     float     sum      -1    38.25    0.00    0.00      0    38.23    0.00    0.00      0
          32             8     float     sum      -1    38.20    0.00    0.00      0    38.47    0.00    0.00      0
          64            16     float     sum      -1    43.02    0.00    0.00      0    42.01    0.00    0.00      0
         128            32     float     sum      -1    43.65    0.00    0.01      0    43.44    0.00    0.01      0
         256            64     float     sum      -1    44.14    0.01    0.01      0    43.15    0.01    0.01      0
         512           128     float     sum      -1    45.74    0.01    0.02      0    44.90    0.01    0.02      0
        1024           256     float     sum      -1    51.38    0.02    0.04      0    50.16    0.02    0.04      0
        2048           512     float     sum      -1    55.08    0.04    0.07      0    54.33    0.04    0.07      0
        4096          1024     float     sum      -1    84.11    0.05    0.09      0    83.15    0.05    0.10      0
        8192          2048     float     sum      -1    84.98    0.10    0.19      0    84.25    0.10    0.19      0
       16384          4096     float     sum      -1    86.34    0.19    0.37      0    84.44    0.19    0.38      0
       32768          8192     float     sum      -1    92.45    0.35    0.69      0    91.38    0.36    0.69      0
       65536         16384     float     sum      -1    106.5    0.62    1.19      0    99.93    0.66    1.27      0
      131072         32768     float     sum      -1    125.9    1.04    2.02      0    180.9    0.72    1.40      0
      262144         65536     float     sum      -1    299.7    0.87    1.69      0    293.0    0.89    1.73      0
      524288        131072     float     sum      -1    304.0    1.72    3.34      0    308.5    1.70    3.29      0
     1048576        262144     float     sum      -1    243.1    4.31    8.36      0    241.6    4.34    8.41      0
     2097152        524288     float     sum      -1    318.8    6.58   12.75      0    318.9    6.58   12.74      0
     4194304       1048576     float     sum      -1    499.3    8.40   16.27      0    497.8    8.42   16.32      0
     8388608       2097152     float     sum      -1    849.5    9.87   19.13      0    837.8   10.01   19.40      0
    16777216       4194304     float     sum      -1   2186.9    7.67   14.86      0   2145.3    7.82   15.15      0
    33554432       8388608     float     sum      -1   2775.4   12.09   23.42      0   2768.6   12.12   23.48      0
    67108864      16777216     float     sum      -1   2847.5   23.57   45.66      0   2853.6   23.52   45.56      0
   134217728      33554432     float     sum      -1   3163.7   42.42   82.20      0   3164.3   42.42   82.18      0
   268435456      67108864     float     sum      -1   6679.4   40.19   77.87      0   6686.6   40.15   77.78      0
   536870912     134217728     float     sum      -1    13712   39.15   75.86      0    13712   39.15   75.86      0
  1073741824     268435456     float     sum      -1    28655   37.47   72.60      0    29289   36.66   71.03      0
  2147483648     536870912     float     sum      -1    60018   35.78   69.32      0    60159   35.70   69.16      0
  4294967296    1073741824     float     sum      -1   120509   35.64   69.05      0   118999   36.09   69.93      0
           8             2     float     sum      -1    39.11    0.00    0.00      0    38.40    0.00    0.00      0
          16             4     float     sum      -1    37.90    0.00    0.00      0    38.08    0.00    0.00      0
          32             8     float     sum      -1    38.56    0.00    0.00      0    38.22    0.00    0.00      0
          64            16     float     sum      -1    42.24    0.00    0.00      0    42.16    0.00    0.00      0
         128            32     float     sum      -1    43.34    0.00    0.01      0    42.50    0.00    0.01      0
         256            64     float     sum      -1    43.72    0.01    0.01      0    43.26    0.01    0.01      0
         512           128     float     sum      -1    45.99    0.01    0.02      0    44.57    0.01    0.02      0
        1024           256     float     sum      -1    50.95    0.02    0.04      0    50.55    0.02    0.04      0
        2048           512     float     sum      -1    54.59    0.04    0.07      0    54.15    0.04    0.07      0
        4096          1024     float     sum      -1    83.46    0.05    0.10      0    83.36    0.05    0.10      0
        8192          2048     float     sum      -1    85.80    0.10    0.18      0    84.14    0.10    0.19      0
       16384          4096     float     sum      -1    86.50    0.19    0.37      0    84.71    0.19    0.37      0
       32768          8192     float     sum      -1    94.03    0.35    0.68      0    91.38    0.36    0.69      0
       65536         16384     float     sum      -1    101.6    0.65    1.25      0    99.90    0.66    1.27      0
      131072         32768     float     sum      -1    116.1    1.13    2.19      0    112.6    1.16    2.26      0
      262144         65536     float     sum      -1    286.3    0.92    1.77      0    285.2    0.92    1.78      0
      524288        131072     float     sum      -1    307.5    1.70    3.30      0    305.6    1.72    3.32      0
     1048576        262144     float     sum      -1    242.5    4.32    8.38      0    242.6    4.32    8.38      0
     2097152        524288     float     sum      -1    318.4    6.59   12.76      0    318.6    6.58   12.75      0
     4194304       1048576     float     sum      -1    500.2    8.39   16.25      0    499.6    8.40   16.27      0
     8388608       2097152     float     sum      -1    869.8    9.64   18.69      0    865.2    9.70   18.79      0
    16777216       4194304     float     sum      -1   2186.7    7.67   14.87      0   2156.4    7.78   15.07      0
    33554432       8388608     float     sum      -1   2776.2   12.09   23.42      0   2778.0   12.08   23.40      0
    67108864      16777216     float     sum      -1   2857.9   23.48   45.50      0   2858.3   23.48   45.49      0
   134217728      33554432     float     sum      -1   3158.2   42.50   82.34      0   3164.9   42.41   82.17      0
   268435456      67108864     float     sum      -1   6662.2   40.29   78.07      0   6653.1   40.35   78.17      0
   536870912     134217728     float     sum      -1    13727   39.11   75.78      0    13682   39.24   76.02      0
  1073741824     268435456     float     sum      -1    29264   36.69   71.09      0    28943   37.10   71.88      0
  2147483648     536870912     float     sum      -1    59701   35.97   69.69      0    60538   35.47   68.73      0
  4294967296    1073741824     float     sum      -1   118161   36.35   70.43      0   117950   36.41   70.55      0
           8             2     float     sum      -1    40.02    0.00    0.00      0    38.89    0.00    0.00      0
          16             4     float     sum      -1    38.01    0.00    0.00      0    38.30    0.00    0.00      0
          32             8     float     sum      -1    38.30    0.00    0.00      0    38.28    0.00    0.00      0
          64            16     float     sum      -1    42.98    0.00    0.00      0    42.10    0.00    0.00      0
         128            32     float     sum      -1    43.32    0.00    0.01      0    43.06    0.00    0.01      0
         256            64     float     sum      -1    44.49    0.01    0.01      0    43.65    0.01    0.01      0
         512           128     float     sum      -1    45.46    0.01    0.02      0    44.83    0.01    0.02      0
        1024           256     float     sum      -1    51.06    0.02    0.04      0    49.86    0.02    0.04      0
        2048           512     float     sum      -1    54.67    0.04    0.07      0    53.48    0.04    0.07      0
        4096          1024     float     sum      -1    83.82    0.05    0.09      0    83.17    0.05    0.10      0
        8192          2048     float     sum      -1    84.94    0.10    0.19      0    83.38    0.10    0.19      0
       16384          4096     float     sum      -1    85.78    0.19    0.37      0    84.36    0.19    0.38      0
       32768          8192     float     sum      -1    92.67    0.35    0.69      0    92.11    0.36    0.69      0
       65536         16384     float     sum      -1    101.5    0.65    1.25      0    106.7    0.61    1.19      0
      131072         32768     float     sum      -1    115.4    1.14    2.20      0    113.4    1.16    2.24      0
      262144         65536     float     sum      -1    283.2    0.93    1.79      0    283.0    0.93    1.79      0
      524288        131072     float     sum      -1    300.7    1.74    3.38      0    300.3    1.75    3.38      0
     1048576        262144     float     sum      -1    240.9    4.35    8.43      0    240.1    4.37    8.46      0
     2097152        524288     float     sum      -1    319.8    6.56   12.71      0    318.2    6.59   12.77      0
     4194304       1048576     float     sum      -1    498.1    8.42   16.32      0    496.8    8.44   16.36      0
     8388608       2097152     float     sum      -1    839.7    9.99   19.36      0    838.3   10.01   19.39      0
    16777216       4194304     float     sum      -1   2187.4    7.67   14.86      0   2156.1    7.78   15.08      0
    33554432       8388608     float     sum      -1   2774.4   12.09   23.43      0   2763.4   12.14   23.53      0
    67108864      16777216     float     sum      -1   2850.2   23.55   45.62      0   2867.1   23.41   45.35      0
   134217728      33554432     float     sum      -1   3162.3   42.44   82.23      0   3164.3   42.42   82.18      0
   268435456      67108864     float     sum      -1   6669.1   40.25   77.99      0   6650.3   40.36   78.21      0
   536870912     134217728     float     sum      -1    14008   38.33   74.26      0    13968   38.44   74.47      0
  1073741824     268435456     float     sum      -1    29154   36.83   71.36      0    29103   36.89   71.48      0
  2147483648     536870912     float     sum      -1    60150   35.70   69.17      0    60360   35.58   68.93      0
  4294967296    1073741824     float     sum      -1   121781   35.27   68.33      0   120386   35.68   69.12      0
