        size         count      type   redop    root     time   algbw   busbw #wrong     time   algbw   busbw #wrong
         (B)    (elements)                               (us)  (GB/s)  (GB/s)            (us)  (GB/s)  (GB/s)       
           8             2     float     sum      -1    197.4    0.00    0.00      0    77.24    0.00    0.00      0
          16             4     float     sum      -1    76.56    0.00    0.00      0    79.06    0.00    0.00      0
          32             8     float     sum      -1    76.46    0.00    0.00      0    76.08    0.00    0.00      0
          64            16     float     sum      -1    84.53    0.00    0.00      0    115.0    0.00    0.00      0
         128            32     float     sum      -1    88.99    0.00    0.00      0    85.66    0.00    0.00      0
         256            64     float     sum      -1    97.98    0.00    0.01      0    86.25    0.00    0.01      0
         512           128     float     sum      -1    93.76    0.01    0.01      0    88.23    0.01    0.01      0
        1024           256     float     sum      -1    99.92    0.01    0.02      0    99.57    0.01    0.02      0
        2048           512     float     sum      -1    108.0    0.02    0.04      0    106.6    0.02    0.04      0
        4096          1024     float     sum      -1    185.3    0.02    0.04      0    177.6    0.02    0.05      0
        8192          2048     float     sum      -1    181.0    0.05    0.09      0    177.8    0.05    0.09      0
       16384          4096     float     sum      -1    205.8    0.08    0.16      0    201.9    0.08    0.16      0
       32768          8192     float     sum      -1    250.5    0.13    0.26      0    242.3    0.14    0.27      0
       65536         16384     float     sum      -1    292.1    0.22    0.45      0    295.7    0.22    0.44      0
      131072         32768     float     sum      -1    366.1    0.36    0.71      0    352.0    0.37    0.74      0
      262144         65536     float     sum      -1    472.5    0.55    1.11      0    471.7    0.56    1.11      0
      524288        131072     float     sum      -1    871.1    0.60    1.20      0    847.0    0.62    1.23      0
     1048576        262144     float     sum      -1   1003.5    1.04    2.08      0    992.4    1.06    2.11      0
     2097152        524288     float     sum      -1   1250.2    1.68    3.34      0   1372.5    1.53    3.04      0
     4194304       1048576     float     sum      -1   1935.6    2.17    4.32      0   1928.7    2.17    4.33      0
     8388608       2097152     float     sum      -1   3061.3    2.74    5.46      0   3060.5    2.74    5.46      0
    16777216       4194304     float     sum      -1   4900.3    3.42    6.82      0   4887.2    3.43    6.84      0
    33554432       8388608     float     sum      -1   5746.7    5.84   11.63      0   5746.1    5.84   11.63      0
    67108864      16777216     float     sum      -1   9655.6    6.95   13.85      0   9546.2    7.03   14.00      0
   134217728      33554432     float     sum      -1    39149    3.43    6.83      0    18057    7.43   14.81      0
   268435456      67108864     float     sum      -1    26842   10.00   19.92      0    27055    9.92   19.77      0
   536870912     134217728     float     sum      -1   258128    2.08    4.14      0   207967    2.58    5.14      0
  1073741824     268435456     float     sum      -1   207759    5.17   10.30      0   225979    4.75    9.47      0
  2147483648     536870912     float     sum      -1   256451    8.37   16.68      0    62746   34.22   68.18      0
  4294967296    1073741824     float     sum      -1   109018   39.40   78.49      0   109123   39.36   78.41      0
           8             2     float     sum      -1    79.75    0.00    0.00      0    76.18    0.00    0.00      0
          16             4     float     sum      -1    77.42    0.00    0.00      0    77.28    0.00    0.00      0
          32             8     float     sum      -1    77.49    0.00    0.00      0    77.41    0.00    0.00      0
          64            16     float     sum      -1    84.33    0.00    0.00      0    84.54    0.00    0.00      0
         128            32     float     sum      -1    86.87    0.00    0.00      0    84.08    0.00    0.00      0
         256            64     float     sum      -1    89.28    0.00    0.01      0    85.47    0.00    0.01      0
         512           128     float     sum      -1    89.81    0.01    0.01      0    88.61    0.01    0.01      0
        1024           256     float     sum      -1    100.9    0.01    0.02      0    100.1    0.01    0.02      0
        2048           512     float     sum      -1    108.8    0.02    0.04      0    106.7    0.02    0.04      0
        4096          1024     float     sum      -1    179.6    0.02    0.05      0    178.2    0.02    0.05      0
        8192          2048     float     sum      -1    182.9    0.04    0.09      0    178.8    0.05    0.09      0
       16384          4096     float     sum      -1    181.7    0.09    0.18      0    179.8    0.09    0.18      0
       32768          8192     float     sum      -1    194.1    0.17    0.34      0    194.6    0.17    0.34      0
       65536         16384     float     sum      -1    212.0    0.31    0.62      0    204.4    0.32    0.64      0
      131072         32768     float     sum      -1    243.5    0.54    1.07      0    231.5    0.57    1.13      0
      262144         65536     float     sum      -1    305.1    0.86    1.71      0    309.5    0.85    1.69      0
      524288        131072     float     sum      -1    415.0    1.26    2.52      0    399.4    1.31    2.62      0
     1048576        262144     float     sum      -1    473.9    2.21    4.41      0    474.5    2.21    4.40      0
     2097152        524288     float     sum      -1    611.5    3.43    6.83      0    617.3    3.40    6.77      0
     4194304       1048576     float     sum      -1    961.9    4.36    8.69      0    961.6    4.36    8.69      0
     8388608       2097152     float     sum      -1   1628.2    5.15   10.26      0   1626.3    5.16   10.28      0
    16777216       4194304     float     sum      -1   2603.7    6.44   12.84      0   2609.9    6.43   12.81      0
    33554432       8388608     float     sum      -1   3348.3   10.02   19.96      0   3332.3   10.07   20.06      0
    67108864      16777216     float     sum      -1   5656.2   11.86   23.64      0   5675.7   11.82   23.56      0
   134217728      33554432     float     sum      -1    10295   13.04   25.97      0    10084   13.31   26.52      0
   268435456      67108864     float     sum      -1    14893   18.02   35.91      0    15034   17.86   35.57      0
   536870912     134217728     float     sum      -1    23881   22.48   44.79      0    23503   22.84   45.51      0
  1073741824     268435456     float     sum      -1    25960   41.36   82.40      0    25972   41.34   82.36      0
  2147483648     536870912     float     sum      -1    53037   40.49   80.66      0    52986   40.53   80.74      0
  4294967296    1073741824     float     sum      -1   109071   39.38   78.45      0   109143   39.35   78.40      0
           8             2     float     sum      -1    79.54    0.00    0.00      0    76.85    0.00    0.00      0
          16             4     float     sum      -1    78.59    0.00    0.00      0    77.42    0.00    0.00      0
          32             8     float     sum      -1    76.32    0.00    0.00      0    77.69    0.00    0.00      0
          64            16     float     sum      -1    84.60    0.00    0.00      0    83.99    0.00    0.00      0
         128            32     float     sum      -1    86.31    0.00    0.00      0    87.71    0.00    0.00      0
         256            64     float     sum      -1    87.05    0.00    0.01      0    86.14    0.00    0.01      0
         512           128     float     sum      -1    89.32    0.01    0.01      0    89.73    0.01    0.01      0
        1024           256     float     sum      -1    101.0    0.01    0.02      0    99.62    0.01    0.02      0
        2048           512     float     sum      -1    109.6    0.02    0.04      0    107.6    0.02    0.04      0
        4096          1024     float     sum      -1    179.5    0.02    0.05      0    177.8    0.02    0.05      0
        8192          2048     float     sum      -1    180.2    0.05    0.09      0    177.8    0.05    0.09      0
       16384          4096     float     sum      -1    182.0    0.09    0.18      0    179.6    0.09    0.18      0
       32768          8192     float     sum      -1    195.6    0.17    0.33      0    196.2    0.17    0.33      0
       65536         16384     float     sum      -1    211.7    0.31    0.62      0    218.8    0.30    0.60      0
      131072         32768     float     sum      -1    234.1    0.56    1.12      0    230.6    0.57    1.13      0
      262144         65536     float     sum      -1    299.1    0.88    1.75      0    327.7    0.80    1.59      0
      524288        131072     float     sum      -1    403.2    1.30    2.59      0    397.8    1.32    2.63      0
     1048576        262144     float     sum      -1    479.3    2.19    4.36      0    470.0    2.23    4.44      0
     2097152        524288     float     sum      -1    611.3    3.43    6.83      0    612.2    3.43    6.82      0
     4194304       1048576     float     sum      -1    963.5    4.35    8.67      0    961.7    4.36    8.69      0
     8388608       2097152     float     sum      -1   1633.9    5.13   10.23      0   1631.5    5.14   10.24      0
    16777216       4194304     float     sum      -1   2604.4    6.44   12.83      0   2604.0    6.44   12.84      0
    33554432       8388608     float     sum      -1   3311.7   10.13   20.18      0   3319.6   10.11   20.14      0
    67108864      16777216     float     sum      -1   5614.6   11.95   23.81      0   5602.8   11.98   23.86      0
   134217728      33554432     float     sum      -1    10286   13.05   25.99      0    10170   13.20   26.29      0
   268435456      67108864     float     sum      -1    15109   17.77   35.39      0    15254   17.60   35.06      0
   536870912     134217728     float     sum      -1    23767   22.59   45.00      0    23607   22.74   45.31      0
  1073741824     268435456     float     sum      -1    25815   41.59   82.86      0    25876   41.50   82.67      0
  2147483648     536870912     float     sum      -1    53021   40.50   80.69      0    53031   40.50   80.67      0
  4294967296    1073741824     float     sum      -1   109010   39.40   78.49      0   109177   39.34   78.37      0
           8             2     float     sum      -1    78.55    0.00    0.00      0    77.74    0.00    0.00      0
          16             4     float     sum      -1    77.23    0.00    0.00      0    76.15    0.00    0.00      0
          32             8     float     sum      -1    76.94    0.00    0.00      0    76.93    0.00    0.00      0
          64            16     float     sum      -1    84.30    0.00    0.00      0    83.88    0.00    0.00      0
         128            32     float     sum      -1    86.40    0.00    0.00      0    84.62    0.00    0.00      0
         256            64     float     sum      -1    86.53    0.00    0.01      0    86.65    0.00    0.01      0
         512           128     float     sum      -1    90.41    0.01    0.01      0    89.25    0.01    0.01      0
        1024           256     float     sum      -1    106.9    0.01    0.02      0    98.83    0.01    0.02      0
        2048           512     float     sum      -1    108.3    0.02    0.04      0    106.6    0.02    0.04      0
        4096          1024     float     sum      -1    179.3    0.02    0.05      0    176.9    0.02    0.05      0
        8192          2048     float     sum      -1    180.3    0.05    0.09      0    178.1    0.05    0.09      0
       16384          4096     float     sum      -1    181.6    0.09    0.18      0    184.1    0.09    0.18      0
       32768          8192     float     sum      -1    193.1    0.17    0.34      0    190.4    0.17    0.34      0
       65536         16384     float     sum      -1    224.4    0.29    0.58      0    203.9    0.32    0.64      0
      131072         32768     float     sum      -1    240.3    0.55    1.09      0    248.2    0.53    1.05      0
      262144         65536     float     sum      -1    291.9    0.90    1.79      0    302.8    0.87    1.72      0
      524288        131072     float     sum      -1    401.7    1.31    2.60      0    398.2    1.32    2.62      0
     1048576        262144     float     sum      -1    473.5    2.21    4.41      0    472.7    2.22    4.42      0
     2097152        524288     float     sum      -1    610.5    3.44    6.84      0    620.7    3.38    6.73      0
     4194304       1048576     float     sum      -1    962.9    4.36    8.68      0    960.7    4.37    8.70      0
     8388608       2097152     float     sum      -1   1637.3    5.12   10.21      0   1647.0    5.09   10.15      0
    16777216       4194304     float     sum      -1   2600.5    6.45   12.85      0   2604.3    6.44   12.83      0
    33554432       8388608     float     sum      -1   3347.7   10.02   19.97      0   3335.6   10.06   20.04      0
    67108864      16777216     float     sum      -1   5515.6   12.17   24.24      0   5714.0   11.74   23.40      0
   134217728      33554432     float     sum      -1    10256   13.09   26.07      0    10463   12.83   25.56      0
   268435456      67108864     float     sum      -1    15217   17.64   35.14      0    15093   17.79   35.43      0
   536870912     134217728     float     sum      -1    23655   22.70   45.21      0    23588   22.76   45.34      0
  1073741824     268435456     float     sum      -1    25813   41.60   82.87      0    25837   41.56   82.79      0
  2147483648     536870912     float     sum      -1    53754   39.95   79.59      0    53042   40.49   80.66      0
  4294967296    1073741824     float     sum      -1   109176   39.34   78.37      0   110839   38.75   77.20      0
           8             2     float     sum      -1    79.06    0.00    0.00      0    77.47    0.00    0.00      0
          16             4     float     sum      -1    78.29    0.00    0.00      0    76.44    0.00    0.00      0
          32             8     float     sum      -1    78.30    0.00    0.00      0    77.82    0.00    0.00      0
          64            16     float     sum      -1    84.50    0.00    0.00      0    83.87    0.00    0.00      0
         128            32     float     sum      -1    87.59    0.00    0.00      0    84.57    0.00    0.00      0
         256            64     float     sum      -1    86.94    0.00    0.01      0    86.69    0.00    0.01      0
         512           128     float     sum      -1    89.55    0.01    0.01      0    88.18    0.01    0.01      0
        1024           256     float     sum      -1    100.3    0.01    0.02      0    98.77    0.01    0.02      0
        2048           512     float     sum      -1    108.2    0.02    0.04      0    107.3    0.02    0.04      0
        4096          1024     float     sum      -1    178.6    0.02    0.05      0    177.5    0.02    0.05      0
        8192          2048     float     sum      -1    180.2    0.05    0.09      0    177.6    0.05    0.09      0
       16384          4096     float     sum      -1    182.4    0.09    0.18      0    179.5    0.09    0.18      0
       32768          8192     float     sum      -1    193.0    0.17    0.34      0    190.2    0.17    0.34      0
       65536         16384     float     sum      -1    213.2    0.31    0.61      0    204.0    0.32    0.64      0
      131072         32768     float     sum      -1    266.9    0.49    0.98      0    228.0    0.57    1.15      0
      262144         65536     float     sum      -1    329.1    0.80    1.59      0    298.4    0.88    1.75      0
      524288        131072     float     sum      -1    401.2    1.31    2.60      0    396.9    1.32    2.63      0
     1048576        262144     float     sum      -1    474.8    2.21    4.40      0    468.9    2.24    4.46      0
     2097152        524288     float     sum      -1    610.1    3.44    6.85      0    610.2    3.44    6.85      0
     4194304       1048576     float     sum      -1    962.5    4.36    8.68      0    962.5    4.36    8.68      0
     8388608       2097152     float     sum      -1   1628.4    5.15   10.26      0   1627.9    5.15   10.27      0
    16777216       4194304     float     sum      -1   2618.9    6.41   12.76      0   2611.1    6.43   12.80      0
    33554432       8388608     float     sum      -1   3321.6   10.10   20.12      0   3326.3   10.09   20.10      0
    67108864      16777216     float     sum      -1   5721.7   11.73   23.37      0   5668.7   11.84   23.58      0
   134217728      33554432     float     sum      -1    10208   13.15   26.19      0    10120   13.26   26.42      0
   268435456      67108864     float     sum      -1    15312   17.53   34.92      0    15069   17.81   35.49      0
   536870912     134217728     float     sum      -1    23687   22.67   45.15      0    23665   22.69   45.20      0
  1073741824     268435456     float     sum      -1    25837   41.56   82.79      0    25892   41.47   82.62      0
  2147483648     536870912     float     sum      -1    53021   40.50   80.69      0    53064   40.47   80.62      0
  4294967296    1073741824     float     sum      -1   109213   39.33   78.35      0   109136   39.35   78.40      0
           8             2     float     sum      -1    78.97    0.00    0.00      0    76.83    0.00    0.00      0
          16             4     float     sum      -1    77.39    0.00    0.00      0    76.77    0.00    0.00      0
          32             8     float     sum      -1    77.27    0.00    0.00      0    77.31    0.00    0.00      0
          64            16     float     sum      -1    84.55    0.00    0.00      0    83.61    0.00    0.00      0
         128            32     float     sum      -1    85.91    0.00    0.00      0    84.89    0.00    0.00      0
         256            64     float     sum      -1    86.86    0.00    0.01      0    86.13    0.00    0.01      0
         512           128     float     sum      -1    89.94    0.01    0.01      0    88.62    0.01    0.01      0
        1024           256     float     sum      -1    100.9    0.01    0.02      0    99.18    0.01    0.02      0
        2048           512     float     sum      -1    108.0    0.02    0.04      0    107.6    0.02    0.04      0
        4096          1024     float     sum      -1    178.7    0.02    0.05      0    178.4    0.02    0.05      0
        8192          2048     float     sum      -1    179.7    0.05    0.09      0    179.2    0.05    0.09      0
       16384          4096     float     sum      -1    184.7    0.09    0.18      0    180.0    0.09    0.18      0
       32768          8192     float     sum      -1    194.7    0.17    0.34      0    190.7    0.17    0.34      0
       65536         16384     float     sum      -1    216.3    0.30    0.60      0    227.5    0.29    0.57      0
      131072         32768     float     sum      -1    248.6    0.53    1.05      0    245.2    0.53    1.06      0
      262144         65536     float     sum      -1    324.7    0.81    1.61      0    391.6    0.67    1.33      0
      524288        131072     float     sum      -1    402.3    1.30    2.60      0    397.9    1.32    2.62      0
     1048576        262144     float     sum      -1    473.6    2.21    4.41      0    470.9    2.23    4.44      0
     2097152        524288     float     sum      -1    611.9    3.43    6.83      0    611.7    3.43    6.83      0
     4194304       1048576     float     sum      -1    961.7    4.36    8.69      0    963.7    4.35    8.67      0
     8388608       2097152     float     sum      -1   1630.1    5.15   10.25      0   1626.5    5.16   10.27      0
    16777216       4194304     float     sum      -1   2607.3    6.43   12.82      0   2614.5    6.42   12.78      0
    33554432       8388608     float     sum      -1   3352.4   10.01   19.94      0   3331.2   10.07   20.07      0
    67108864      16777216     float     sum      -1   5686.3   11.80   23.51      0   5558.1   12.07   24.05      0
   134217728      33554432     float     sum      -1    10232   13.12   26.13      0    10240   13.11   26.11      0
   268435456      67108864     float     sum      -1    15280   17.57   35.00      0    15118   17.76   35.37      0
   536870912     134217728     float     sum      -1    23629   22.72   45.26      0    23580   22.77   45.36      0
  1073741824     268435456     float     sum      -1    25872   41.50   82.68      0    25893   41.47   82.61      0
  2147483648     536870912     float     sum      -1    53107   40.44   80.56      0    53044   40.48   80.65      0
  4294967296    1073741824     float     sum      -1   109127   39.36   78.41      0   205507   20.90   41.64      0
           8             2     float     sum      -1    78.06    0.00    0.00      0    77.10    0.00    0.00      0
          16             4     float     sum      -1    77.58    0.00    0.00      0    77.53    0.00    0.00      0
          32             8     float     sum      -1    75.96    0.00    0.00      0    77.66    0.00    0.00      0
          64            16     float     sum      -1    84.62    0.00    0.00      0    83.42    0.00    0.00      0
         128            32     float     sum      -1    85.18    0.00    0.00      0    84.51    0.00    0.00      0
         256            64     float     sum      -1    87.01    0.00    0.01      0    85.37    0.00    0.01      0
         512           128     float     sum      -1    88.79    0.01    0.01      0    87.98    0.01    0.01      0
        1024           256     float     sum      -1    100.2    0.01    0.02      0    98.70    0.01    0.02      0
        2048           512     float     sum      -1    108.6    0.02    0.04      0    107.0    0.02    0.04      0
        4096          1024     float     sum      -1    178.5    0.02    0.05      0    176.8    0.02    0.05      0
        8192          2048     float     sum      -1    182.2    0.04    0.09      0    178.8    0.05    0.09      0
       16384          4096     float     sum      -1    181.5    0.09    0.18      0    181.7    0.09    0.18      0
       32768          8192     float     sum      -1    193.3    0.17    0.34      0    193.9    0.17    0.34      0
       65536         16384     float     sum      -1    207.8    0.32    0.63      0    204.7    0.32    0.64      0
      131072         32768     float     sum      -1    254.4    0.52    1.03      0    249.9    0.52    1.04      0
      262144         65536     float     sum      -1    291.8    0.90    1.79      0    308.4    0.85    1.69      0
      524288        131072     float     sum      -1    401.3    1.31    2.60      0    403.7    1.30    2.59      0
     1048576        262144     float     sum      -1    472.1    2.22    4.42      0    469.6    2.23    4.45      0
     2097152        524288     float     sum      -1    610.3    3.44    6.85      0   5824.4    0.36    0.72      0
     4194304       1048576     float     sum      -1   5821.9    0.72    1.44      0   3897.1    1.08    2.14      0
     8388608       2097152     float     sum      -1   6239.6    1.34    2.68      0   6210.9    1.35    2.69      0
    16777216       4194304     float     sum      -1   6109.9    2.75    5.47      0   7830.4    2.14    4.27      0
    33554432       8388608     float     sum      -1   7846.5    4.28    8.52      0   6994.4    4.80    9.56      0
    67108864      16777216     float     sum      -1    10415    6.44   12.84      0    10692    6.28   12.50      0
   134217728      33554432     float     sum      -1    36590    3.67    7.31      0    24446    5.49   10.94      0
   268435456      67108864     float     sum      -1    70282    3.82    7.61      0    43480    6.17   12.30      0
   536870912     134217728     float     sum      -1   274429    1.96    3.90      0   288352    1.86    3.71      0
  1073741824     268435456     float     sum      -1   305373    3.52    7.00      0   282252    3.80    7.58      0
  2147483648     536870912     float     sum      -1   302015    7.11   14.17      0   301227    7.13   14.20      0
  4294967296    1073741824     float     sum      -1   420252   10.22   20.36      0   422661   10.16   20.24      0
           8             2     float     sum      -1    124.0    0.00    0.00      0    77.87    0.00    0.00      0
          16             4     float     sum      -1    77.10    0.00    0.00      0    77.62    0.00    0.00      0
          32             8     float     sum      -1    77.89    0.00    0.00      0    76.50    0.00    0.00      0
          64            16     float     sum      -1    86.59    0.00    0.00      0    82.37    0.00    0.00      0
         128            32     float     sum      -1    87.83    0.00    0.00      0    84.19    0.00    0.00      0
         256            64     float     sum      -1    93.42    0.00    0.01      0    85.18    0.00    0.01      0
         512           128     float     sum      -1    91.65    0.01    0.01      0    88.44    0.01    0.01      0
        1024           256     float     sum      -1    101.9    0.01    0.02      0    100.9    0.01    0.02      0
        2048           512     float     sum      -1    113.0    0.02    0.04      0    109.2    0.02    0.04      0
        4096          1024     float     sum      -1    182.1    0.02    0.04      0    180.6    0.02    0.05      0
        8192          2048     float     sum      -1    185.7    0.04    0.09      0    186.7    0.04    0.09      0
       16384          4096     float     sum      -1    188.8    0.09    0.17      0    196.3    0.08    0.17      0
       32768          8192     float     sum      -1    229.3    0.14    0.28      0    232.3    0.14    0.28      0
       65536         16384     float     sum      -1    286.5    0.23    0.46      0    274.5    0.24    0.48      0
      131072         32768     float     sum      -1    432.8    0.30    0.60      0    419.5    0.31    0.62      0
      262144         65536     float     sum      -1    505.9    0.52    1.03      0    499.1    0.53    1.05      0
      524288        131072     float     sum      -1   1019.3    0.51    1.02      0   1029.4    0.51    1.01      0
     1048576        262144     float     sum      -1   9210.7    0.11    0.23      0   7160.5    0.15    0.29      0
     2097152        524288     float     sum      -1    10823    0.19    0.39      0   7907.1    0.27    0.53      0
     4194304       1048576     float     sum      -1   5937.5    0.71    1.41      0   7490.6    0.56    1.12      0
     8388608       2097152     float     sum      -1   6386.8    1.31    2.62      0   5323.8    1.58    3.14      0
    16777216       4194304     float     sum      -1   9156.9    1.83    3.65      0   9156.3    1.83    3.65      0
    33554432       8388608     float     sum      -1   7013.3    4.78    9.53      0   8611.2    3.90    7.76      0
    67108864      16777216     float     sum      -1   9985.8    6.72   13.39      0    10119    6.63   13.21      0
   134217728      33554432     float     sum      -1    27984    4.80    9.55      0    25491    5.27   10.49      0
   268435456      67108864     float     sum      -1    49385    5.44   10.83      0    41872    6.41   12.77      0
   536870912     134217728     float     sum      -1   289865    1.85    3.69      0   290211    1.85    3.69      0
  1073741824     268435456     float     sum      -1   280613    3.83    7.62      0   291569    3.68    7.34      0
  2147483648     536870912     float     sum      -1   295883    7.26   14.46      0   317570    6.76   13.47      0
  4294967296    1073741824     float     sum      -1   417146   10.30   20.51      0   395286   10.87   21.65      0
           8             2     float     sum      -1    78.85    0.00    0.00      0    76.84    0.00    0.00      0
          16             4     float     sum      -1    77.16    0.00    0.00      0    76.76    0.00    0.00      0
          32             8     float     sum      -1    76.30    0.00    0.00      0    77.07    0.00    0.00      0
          64            16     float     sum      -1    84.43    0.00    0.00      0    83.33    0.00    0.00      0
         128            32     float     sum      -1    86.16    0.00    0.00      0    84.77    0.00    0.00      0
         256            64     float     sum      -1    87.61    0.00    0.01      0    85.22    0.00    0.01      0
         512           128     float     sum      -1    89.21    0.01    0.01      0    87.90    0.01    0.01      0
        1024           256     float     sum      -1    99.90    0.01    0.02      0    98.76    0.01    0.02      0
        2048           512     float     sum      -1    108.3    0.02    0.04      0    106.5    0.02    0.04      0
        4096          1024     float     sum      -1    179.9    0.02    0.05      0    177.4    0.02    0.05      0
        8192          2048     float     sum      -1    181.3    0.05    0.09      0    178.2    0.05    0.09      0
       16384          4096     float     sum      -1    182.4    0.09    0.18      0    179.5    0.09    0.18      0
       32768          8192     float     sum      -1    193.3    0.17    0.34      0    192.5    0.17    0.34      0
       65536         16384     float     sum      -1    206.8    0.32    0.63      0    205.2    0.32    0.64      0
      131072         32768     float     sum      -1    246.1    0.53    1.06      0    236.4    0.55    1.10      0
      262144         65536     float     sum      -1    328.9    0.80    1.59      0    294.7    0.89    1.77      0
      524288        131072     float     sum      -1    402.8    1.30    2.59      0    397.7    1.32    2.63      0
     1048576        262144     float     sum      -1    472.9    2.22    4.42      0    471.3    2.23    4.43      0
     2097152        524288     float     sum      -1    611.6    3.43    6.83      0    611.1    3.43    6.84      0
     4194304       1048576     float     sum      -1    962.6    4.36    8.68      0    963.0    4.36    8.68      0
     8388608       2097152     float     sum      -1   1634.6    5.13   10.22      0   1628.8    5.15   10.26      0
    16777216       4194304     float     sum      -1   2605.4    6.44   12.83      0   2625.0    6.39   12.73      0
    33554432       8388608     float     sum      -1   3331.1   10.07   20.07      0   3335.7   10.06   20.04      0
    67108864      16777216     float     sum      -1   5646.0   11.89   23.68      0   5581.7   12.02   23.95      0
   134217728      33554432     float     sum      -1    10203   13.15   26.21      0    10199   13.16   26.22      0
   268435456      67108864     float     sum      -1    15330   17.51   34.88      0    15077   17.80   35.47      0
   536870912     134217728     float     sum      -1    23602   22.75   45.32      0    23561   22.79   45.39      0
  1073741824     268435456     float     sum      -1    25894   41.47   82.61      0    25848   41.54   82.76      0
  2147483648     536870912     float     sum      -1    53039   40.49   80.66      0    53056   40.48   80.64      0
  4294967296    1073741824     float     sum      -1   108979   39.41   78.51      0   108980   39.41   78.51      0
           8             2     float     sum      -1    78.65    0.00    0.00      0    78.31    0.00    0.00      0
          16             4     float     sum      -1    77.84    0.00    0.00      0    76.63    0.00    0.00      0
          32             8     float     sum      -1    76.96    0.00    0.00      0    77.53    0.00    0.00      0
          64            16     float     sum      -1    84.14    0.00    0.00      0    84.65    0.00    0.00      0
         128            32     float     sum      -1    86.15    0.00    0.00      0    84.92    0.00    0.00      0
         256            64     float     sum      -1    87.62    0.00    0.01      0    86.64    0.00    0.01      0
         512           128     float     sum      -1    89.74    0.01    0.01      0    89.27    0.01    0.01      0
        1024           256     float     sum      -1    100.4    0.01    0.02      0    99.38    0.01    0.02      0
        2048           512     float     sum      -1    107.9    0.02    0.04      0    106.7    0.02    0.04      0
        4096          1024     float     sum      -1    178.5    0.02    0.05      0    177.5    0.02    0.05      0
        8192          2048     float     sum      -1    182.4    0.04    0.09      0    178.0    0.05    0.09      0
       16384          4096     float     sum      -1    182.0    0.09    0.18      0    183.0    0.09    0.18      0
       32768          8192     float     sum      -1    193.5    0.17    0.34      0    190.6    0.17    0.34      0
       65536         16384     float     sum      -1    213.4    0.31    0.61      0    205.8    0.32    0.63      0
      131072         32768     float     sum      -1    234.2    0.56    1.11      0    243.9    0.54    1.07      0
      262144         65536     float     sum      -1    292.3    0.90    1.79      0    329.9    0.79    1.58      0
      524288        131072     float     sum      -1    401.3    1.31    2.60      0    398.2    1.32    2.62      0
     1048576        262144     float     sum      -1    472.9    2.22    4.42      0    468.0    2.24    4.46      0
     2097152        524288     float     sum      -1    611.1    3.43    6.84      0    610.7    3.43    6.84      0
     4194304       1048576     float     sum      -1    962.3    4.36    8.68      0    963.0    4.36    8.68      0
     8388608       2097152     float     sum      -1   1632.1    5.14   10.24      0   1630.9    5.14   10.25      0
    16777216       4194304     float     sum      -1   2621.0    6.40   12.75      0   2615.5    6.41   12.78      0
    33554432       8388608     float     sum      -1   3324.9   10.09   20.10      0   3313.6   10.13   20.17      0
    67108864      16777216     float     sum      -1   5694.3   11.79   23.48      0   5656.0   11.86   23.64      0
   134217728      33554432     float     sum      -1    10149   13.22   26.35      0    10330   12.99   25.88      0
   268435456      67108864     float     sum      -1    14943   17.96   35.79      0    14959   17.94   35.75      0
   536870912     134217728     float     sum      -1    23699   22.65   45.13      0    23566   22.78   45.39      0
  1073741824     268435456     float     sum      -1    25858   41.52   82.72      0    26029   41.25   82.18      0
  2147483648     536870912     float     sum      -1    53581   40.08   79.85      0    53049   40.48   80.65      0
  4294967296    1073741824     float     sum      -1   109175   39.34   78.37      0   109374   39.27   78.23      0
