        size         count      type   redop    root     time   algbw   busbw #wrong     time   algbw   busbw #wrong
         (B)    (elements)                               (us)  (GB/s)  (GB/s)            (us)  (GB/s)  (GB/s)       
           8             2     float     sum      -1     8.65    0.00    0.00      0     8.11    0.00    0.00      0
          16             4     float     sum      -1     8.13    0.00    0.00      0     8.08    0.00    0.00      0
          32             8     float     sum      -1     8.49    0.00    0.01      0     8.47    0.00    0.01      0
          64            16     float     sum      -1     9.29    0.01    0.01      0     9.24    0.01    0.01      0
         128            32     float     sum      -1     9.47    0.01    0.02      0     9.30    0.01    0.02      0
         256            64     float     sum      -1     9.64    0.03    0.04      0     9.21    0.03    0.04      0
         512           128     float     sum      -1     9.55    0.05    0.08      0     9.37    0.05    0.08      0
        1024           256     float     sum      -1    10.04    0.10    0.15      0     9.50    0.11    0.16      0
        2048           512     float     sum      -1     9.74    0.21    0.32      0     9.39    0.22    0.33      0
        4096          1024     float     sum      -1     9.88    0.41    0.62      0     9.53    0.43    0.64      0
        8192          2048     float     sum      -1    10.18    0.80    1.21      0     9.87    0.83    1.24      0
       16384          4096     float     sum      -1    10.98    1.49    2.24      0    10.58    1.55    2.32      0
       32768          8192     float     sum      -1    11.20    2.93    4.39      0    10.78    3.04    4.56      0
       65536         16384     float     sum      -1    11.45    5.73    8.59      0    10.94    5.99    8.98      0
      131072         32768     float     sum      -1    11.68   11.22   16.83      0    11.28   11.62   17.43      0
      262144         65536     float     sum      -1    12.02   21.81   32.71      0    11.51   22.79   34.18      0
      524288        131072     float     sum      -1    15.06   34.82   52.23      0    14.02   37.40   56.11      0
     1048576        262144     float     sum      -1    18.89   55.50   83.25      0    18.78   55.83   83.75      0
     2097152        524288     float     sum      -1    30.03   69.84  104.76      0    29.92   70.10  105.15      0
     4194304       1048576     float     sum      -1    42.64   98.38  147.57      0    42.15   99.51  149.27      0
     8388608       2097152     float     sum      -1    61.67  136.02  204.04      0    61.18  137.12  205.68      0
    16777216       4194304     float     sum      -1    106.0  158.28  237.42      0    100.0  167.73  251.60      0
    33554432       8388608     float     sum      -1    189.0  177.57  266.35      0    177.8  188.69  283.03      0
    67108864      16777216     float     sum      -1    351.0  191.18  286.77      0    335.6  199.97  299.95      0
   134217728      33554432     float     sum      -1    674.3  199.06  298.59      0    631.7  212.47  318.70      0
   268435456      67108864     float     sum      -1   1345.0  199.58  299.36      0   1224.1  219.30  328.94      0
   536870912     134217728     float     sum      -1   2660.2  201.81  302.72      0   2406.8  223.06  334.60      0
  1073741824     268435456     float     sum      -1   5301.1  202.55  303.83      0   4746.7  226.21  339.31      0
  2147483648     536870912     float     sum      -1    10567  203.23  304.85      0   9481.8  226.48  339.73      0
  4294967296    1073741824     float     sum      -1    21091  203.64  305.47      0    18981  226.27  339.41      0
           8             2     float     sum      -1     8.10    0.00    0.00      0     8.10    0.00    0.00      0
          16             4     float     sum      -1     8.15    0.00    0.00      0     8.15    0.00    0.00      0
          32             8     float     sum      -1     8.80    0.00    0.01      0     8.66    0.00    0.01      0
          64            16     float     sum      -1     9.32    0.01    0.01      0     9.17    0.01    0.01      0
         128            32     float     sum      -1     9.54    0.01    0.02      0     9.27    0.01    0.02      0
         256            64     float     sum      -1     9.75    0.03    0.04      0     9.30    0.03    0.04      0
         512           128     float     sum      -1     9.59    0.05    0.08      0     9.31    0.05    0.08      0
        1024           256     float     sum      -1     9.78    0.10    0.16      0     9.35    0.11    0.16      0
        2048           512     float     sum      -1     9.74    0.21    0.32      0     9.37    0.22    0.33      0
        4096          1024     float     sum      -1     9.94    0.41    0.62      0     9.52    0.43    0.65      0
        8192          2048     float     sum      -1    10.16    0.81    1.21      0     9.94    0.82    1.24      0
       16384          4096     float     sum      -1    11.01    1.49    2.23      0    10.55    1.55    2.33      0
       32768          8192     float     sum      -1    11.19    2.93    4.39      0    10.81    3.03    4.55      0
       65536         16384     float     sum      -1    11.36    5.77    8.65      0    10.94    5.99    8.99      0
      131072         32768     float     sum      -1    11.68   11.22   16.83      0    11.27   11.63   17.44      0
      262144         65536     float     sum      -1    11.97   21.90   32.84      0    11.45   22.90   34.35      0
      524288        131072     float     sum      -1    15.01   34.93   52.40      0    14.00   37.45   56.17      0
     1048576        262144     float     sum      -1    18.89   55.50   83.26      0    18.83   55.69   83.53      0
     2097152        524288     float     sum      -1    30.02   69.85  104.78      0    29.91   70.11  105.16      0
     4194304       1048576     float     sum      -1    42.64   98.36  147.54      0    42.18   99.45  149.17      0
     8388608       2097152     float     sum      -1    62.00  135.30  202.94      0    61.03  137.46  206.19      0
    16777216       4194304     float     sum      -1    106.9  156.89  235.33      0    100.4  167.16  250.74      0
    33554432       8388608     float     sum      -1    189.6  176.94  265.41      0    179.8  186.59  279.88      0
    67108864      16777216     float     sum      -1    353.4  189.89  284.84      0    332.4  201.90  302.85      0
   134217728      33554432     float     sum      -1    694.8  193.17  289.75      0    636.1  211.00  316.50      0
   268435456      67108864     float     sum      -1   1325.1  202.58  303.88      0   1228.5  218.50  327.75      0
   536870912     134217728     float     sum      -1   2675.0  200.70  301.05      0   2408.7  222.89  334.34      0
  1073741824     268435456     float     sum      -1   5291.5  202.92  304.38      0   4758.2  225.66  338.49      0
  2147483648     536870912     float     sum      -1    10572  203.12  304.69      0   9486.6  226.37  339.56      0
  4294967296    1073741824     float     sum      -1    21146  203.11  304.67      0    18972  226.39  339.59      0
           8             2     float     sum      -1     8.15    0.00    0.00      0     8.13    0.00    0.00      0
          16             4     float     sum      -1     8.16    0.00    0.00      0     8.51    0.00    0.00      0
          32             8     float     sum      -1     8.99    0.00    0.01      0     8.50    0.00    0.01      0
          64            16     float     sum      -1     9.41    0.01    0.01      0     9.21    0.01    0.01      0
         128            32     float     sum      -1     9.48    0.01    0.02      0     9.31    0.01    0.02      0
         256            64     float     sum      -1     9.65    0.03    0.04      0     9.28    0.03    0.04      0
         512           128     float     sum      -1     9.59    0.05    0.08      0     9.36    0.05    0.08      0
        1024           256     float     sum      -1     9.79    0.10    0.16      0     9.31    0.11    0.17      0
        2048           512     float     sum      -1     9.79    0.21    0.31      0     9.45    0.22    0.33      0
        4096          1024     float     sum      -1     9.90    0.41    0.62      0     9.56    0.43    0.64      0
        8192          2048     float     sum      -1    10.19    0.80    1.21      0     9.88    0.83    1.24      0
       16384          4096     float     sum      -1    11.03    1.49    2.23      0    10.78    1.52    2.28      0
       32768          8192     float     sum      -1    11.19    2.93    4.39      0    10.80    3.03    4.55      0
       65536         16384     float     sum      -1    11.39    5.76    8.63      0    10.95    5.99    8.98      0
      131072         32768     float     sum      -1    12.40   10.57   15.85      0    11.31   11.58   17.38      0
      262144         65536     float     sum      -1    11.94   21.95   32.92      0    11.46   22.88   34.32      0
      524288        131072     float     sum      -1    14.93   35.11   52.66      0    14.05   37.31   55.96      0
     1048576        262144     float     sum      -1    18.89   55.52   83.28      0    18.83   55.70   83.54      0
     2097152        524288     float     sum      -1    30.04   69.82  104.72      0    29.94   70.05  105.07      0
     4194304       1048576     float     sum      -1    42.84   97.91  146.86      0    42.24   99.30  148.95      0
     8388608       2097152     float     sum      -1    62.23  134.80  202.19      0    61.55  136.28  204.43      0
    16777216       4194304     float     sum      -1    105.8  158.65  237.97      0    100.7  166.66  249.99      0
    33554432       8388608     float     sum      -1    188.9  177.60  266.40      0    177.6  188.90  283.36      0
    67108864      16777216     float     sum      -1    360.3  186.28  279.42      0    333.9  201.00  301.50      0
   134217728      33554432     float     sum      -1    698.3  192.21  288.31      0    633.2  211.96  317.95      0
   268435456      67108864     float     sum      -1   1329.8  201.86  302.79      0   1227.1  218.76  328.13      0
   536870912     134217728     float     sum      -1   2684.9  199.96  299.94      0   2413.0  222.49  333.73      0
  1073741824     268435456     float     sum      -1   5284.9  203.17  304.76      0   4758.5  225.65  338.47      0
  2147483648     536870912     float     sum      -1    10529  203.96  305.95      0   9485.7  226.39  339.59      0
  4294967296    1073741824     float     sum      -1    21131  203.25  304.88      0    18954  226.60  339.90      0
           8             2     float     sum      -1     8.14    0.00    0.00      0     8.13    0.00    0.00      0
          16             4     float     sum      -1     8.17    0.00    0.00      0     8.13    0.00    0.00      0
          32             8     float     sum      -1     8.51    0.00    0.01      0     8.51    0.00    0.01      0
          64            16     float     sum      -1     9.38    0.01    0.01      0     9.26    0.01    0.01      0
         128            32     float     sum      -1     9.43    0.01    0.02      0     9.29    0.01    0.02      0
         256            64     float     sum      -1     9.68    0.03    0.04      0     9.29    0.03    0.04      0
         512           128     float     sum      -1     9.59    0.05    0.08      0     9.31    0.05    0.08      0
        1024           256     float     sum      -1     9.80    0.10    0.16      0     9.35    0.11    0.16      0
        2048           512     float     sum      -1     9.68    0.21    0.32      0     9.38    0.22    0.33      0
        4096          1024     float     sum      -1     9.89    0.41    0.62      0     9.49    0.43    0.65      0
        8192          2048     float     sum      -1    10.17    0.81    1.21      0     9.89    0.83    1.24      0
       16384          4096     float     sum      -1    10.96    1.49    2.24      0    10.62    1.54    2.32      0
       32768          8192     float     sum      -1    11.14    2.94    4.41      0    10.85    3.02    4.53      0
       65536         16384     float     sum      -1    11.37    5.76    8.65      0    10.95    5.99    8.98      0
      131072         32768     float     sum      -1    11.70   11.20   16.81      0    11.27   11.63   17.45      0
      262144         65536     float     sum      -1    11.98   21.88   32.82      0    11.46   22.88   34.33      0
      524288        131072     float     sum      -1    14.97   35.02   52.53      0    14.07   37.26   55.90      0
     1048576        262144     float     sum      -1    18.82   55.72   83.58      0    18.77   55.88   83.82      0
     2097152        524288     float     sum      -1    29.98   69.96  104.93      0    29.97   69.98  104.96      0
     4194304       1048576     float     sum      -1    42.85   97.89  146.83      0    42.24   99.29  148.93      0
     8388608       2097152     float     sum      -1    62.02  135.26  202.90      0    61.17  137.13  205.70      0
    16777216       4194304     float     sum      -1    106.4  157.71  236.57      0    100.4  167.04  250.56      0
    33554432       8388608     float     sum      -1    189.3  177.24  265.86      0    178.1  188.41  282.62      0
    67108864      16777216     float     sum      -1    357.0  187.99  281.98      0    334.9  200.37  300.55      0
   134217728      33554432     float     sum      -1    699.6  191.86  287.79      0    634.2  211.65  317.47      0
   268435456      67108864     float     sum      -1   1344.4  199.67  299.51      0   1226.4  218.89  328.33      0
   536870912     134217728     float     sum      -1   2683.1  200.10  300.15      0   2407.8  222.98  334.46      0
  1073741824     268435456     float     sum      -1   5298.1  202.67  304.00      0   4756.2  225.75  338.63      0
  2147483648     536870912     float     sum      -1    10570  203.16  304.75      0   9486.4  226.37  339.56      0
  4294967296    1073741824     float     sum      -1    21156  203.02  304.53      0    18947  226.69  340.03      0
           8             2     float     sum      -1     8.18    0.00    0.00      0     8.11    0.00    0.00      0
          16             4     float     sum      -1     8.16    0.00    0.00      0     8.03    0.00    0.00      0
          32             8     float     sum      -1     8.47    0.00    0.01      0     8.47    0.00    0.01      0
          64            16     float     sum      -1     9.44    0.01    0.01      0     9.22    0.01    0.01      0
         128            32     float     sum      -1     9.49    0.01    0.02      0     9.27    0.01    0.02      0
         256            64     float     sum      -1     9.64    0.03    0.04      0     9.29    0.03    0.04      0
         512           128     float     sum      -1     9.54    0.05    0.08      0     9.33    0.05    0.08      0
        1024           256     float     sum      -1     9.74    0.11    0.16      0     9.31    0.11    0.16      0
        2048           512     float     sum      -1     9.75    0.21    0.32      0     9.41    0.22    0.33      0
        4096          1024     float     sum      -1     9.91    0.41    0.62      0     9.53    0.43    0.64      0
        8192          2048     float     sum      -1    10.28    0.80    1.20      0     9.87    0.83    1.24      0
       16384          4096     float     sum      -1    11.03    1.49    2.23      0    10.61    1.54    2.32      0
       32768          8192     float     sum      -1    11.16    2.94    4.40      0    10.81    3.03    4.55      0
       65536         16384     float     sum      -1    11.40    5.75    8.62      0    10.91    6.01    9.01      0
      131072         32768     float     sum      -1    11.68   11.22   16.83      0    11.28   11.62   17.44      0
      262144         65536     float     sum      -1    11.93   21.97   32.95      0    11.49   22.82   34.23      0
      524288        131072     float     sum      -1    15.01   34.94   52.41      0    14.06   37.30   55.95      0
     1048576        262144     float     sum      -1    18.91   55.46   83.19      0    18.82   55.73   83.59      0
     2097152        524288     float     sum      -1    29.99   69.94  104.90      0    30.02   69.86  104.79      0
     4194304       1048576     float     sum      -1    42.76   98.10  147.15      0    42.26   99.25  148.88      0
     8388608       2097152     float     sum      -1    62.22  134.83  202.25      0    61.45  136.51  204.77      0
    16777216       4194304     float     sum      -1    106.6  157.45  236.17      0    100.3  167.27  250.90      0
    33554432       8388608     float     sum      -1    189.4  177.12  265.68      0    178.3  188.19  282.28      0
    67108864      16777216     float     sum      -1    350.5  191.46  287.19      0    334.9  200.41  300.61      0
   134217728      33554432     float     sum      -1    671.7  199.82  299.73      0    635.1  211.33  316.99      0
   268435456      67108864     float     sum      -1   1354.0  198.26  297.38      0   1228.5  218.52  327.77      0
   536870912     134217728     float     sum      -1   2680.7  200.27  300.41      0   2409.6  222.81  334.21      0
  1073741824     268435456     float     sum      -1   5287.6  203.07  304.60      0   4758.8  225.63  338.45      0
  2147483648     536870912     float     sum      -1    10532  203.89  305.84      0   9479.4  226.54  339.82      0
  4294967296    1073741824     float     sum      -1    21066  203.88  305.82      0    18973  226.37  339.55      0
           8             2     float     sum      -1     8.22    0.00    0.00      0     8.12    0.00    0.00      0
          16             4     float     sum      -1     8.14    0.00    0.00      0     8.09    0.00    0.00      0
          32             8     float     sum      -1     8.56    0.00    0.01      0     8.51    0.00    0.01      0
          64            16     float     sum      -1     9.36    0.01    0.01      0     9.16    0.01    0.01      0
         128            32     float     sum      -1     9.43    0.01    0.02      0     9.23    0.01    0.02      0
         256            64     float     sum      -1     9.69    0.03    0.04      0     9.27    0.03    0.04      0
         512           128     float     sum      -1     9.58    0.05    0.08      0     9.34    0.05    0.08      0
        1024           256     float     sum      -1     9.75    0.11    0.16      0     9.37    0.11    0.16      0
        2048           512     float     sum      -1     9.73    0.21    0.32      0     9.45    0.22    0.33      0
        4096          1024     float     sum      -1     9.93    0.41    0.62      0     9.54    0.43    0.64      0
        8192          2048     float     sum      -1    10.25    0.80    1.20      0     9.96    0.82    1.23      0
       16384          4096     float     sum      -1    11.05    1.48    2.22      0    10.55    1.55    2.33      0
       32768          8192     float     sum      -1    11.16    2.93    4.40      0    10.89    3.01    4.51      0
       65536         16384     float     sum      -1    11.35    5.77    8.66      0    10.96    5.98    8.97      0
      131072         32768     float     sum      -1    11.76   11.15   16.72      0    11.39   11.50   17.26      0
      262144         65536     float     sum      -1    12.44   21.07   31.61      0    11.42   22.95   34.43      0
      524288        131072     float     sum      -1    15.10   34.72   52.09      0    14.04   37.35   56.03      0
     1048576        262144     float     sum      -1    18.84   55.65   83.48      0    18.75   55.93   83.89      0
     2097152        524288     float     sum      -1    29.95   70.02  105.04      0    29.92   70.08  105.12      0
     4194304       1048576     float     sum      -1    42.67   98.29  147.43      0    42.24   99.29  148.94      0
     8388608       2097152     float     sum      -1    62.35  134.55  201.82      0    61.57  136.25  204.37      0
    16777216       4194304     float     sum      -1    105.9  158.43  237.65      0    100.6  166.69  250.03      0
    33554432       8388608     float     sum      -1    188.7  177.83  266.75      0    177.8  188.76  283.15      0
    67108864      16777216     float     sum      -1    351.0  191.20  286.80      0    334.8  200.46  300.69      0
   134217728      33554432     float     sum      -1    671.0  200.02  300.04      0    633.6  211.84  317.77      0
   268435456      67108864     float     sum      -1   1351.5  198.62  297.94      0   1227.0  218.77  328.15      0
   536870912     134217728     float     sum      -1   2662.1  201.67  302.51      0   2410.7  222.71  334.06      0
  1073741824     268435456     float     sum      -1   5282.3  203.27  304.91      0   4754.1  225.85  338.78      0
  2147483648     536870912     float     sum      -1    10538  203.78  305.68      0   9467.6  226.82  340.24      0
  4294967296    1073741824     float     sum      -1    21084  203.71  305.56      0    18939  226.78  340.17      0
           8             2     float     sum      -1     8.11    0.00    0.00      0     8.16    0.00    0.00      0
          16             4     float     sum      -1     8.18    0.00    0.00      0     8.09    0.00    0.00      0
          32             8     float     sum      -1     8.54    0.00    0.01      0     8.51    0.00    0.01      0
          64            16     float     sum      -1     9.39    0.01    0.01      0     9.18    0.01    0.01      0
         128            32     float     sum      -1     9.43    0.01    0.02      0     9.23    0.01    0.02      0
         256            64     float     sum      -1     9.71    0.03    0.04      0     9.24    0.03    0.04      0
         512           128     float     sum      -1     9.62    0.05    0.08      0     9.30    0.06    0.08      0
        1024           256     float     sum      -1     9.84    0.10    0.16      0     9.36    0.11    0.16      0
        2048           512     float     sum      -1     9.69    0.21    0.32      0     9.39    0.22    0.33      0
        4096          1024     float     sum      -1     9.88    0.41    0.62      0     9.52    0.43    0.65      0
        8192          2048     float     sum      -1    10.20    0.80    1.21      0     9.90    0.83    1.24      0
       16384          4096     float     sum      -1    11.06    1.48    2.22      0    10.58    1.55    2.32      0
       32768          8192     float     sum      -1    11.28    2.91    4.36      0    10.81    3.03    4.55      0
       65536         16384     float     sum      -1    11.45    5.72    8.58      0    10.95    5.99    8.98      0
      131072         32768     float     sum      -1    11.71   11.19   16.79      0    11.27   11.63   17.45      0
      262144         65536     float     sum      -1    11.99   21.86   32.79      0    11.39   23.01   34.51      0
      524288        131072     float     sum      -1    15.04   34.85   52.27      0    14.04   37.34   56.01      0
     1048576        262144     float     sum      -1    18.93   55.39   83.09      0    18.73   55.97   83.96      0
     2097152        524288     float     sum      -1    30.03   69.84  104.76      0    30.01   69.87  104.81      0
     4194304       1048576     float     sum      -1    42.83   97.93  146.89      0    42.26   99.26  148.89      0
     8388608       2097152     float     sum      -1    61.99  135.32  202.98      0    61.75  135.85  203.78      0
    16777216       4194304     float     sum      -1    105.7  158.80  238.19      0    100.4  167.05  250.58      0
    33554432       8388608     float     sum      -1    186.9  179.51  269.26      0    178.1  188.39  282.58      0
    67108864      16777216     float     sum      -1    359.8  186.53  279.80      0    332.9  201.58  302.37      0
   134217728      33554432     float     sum      -1    695.9  192.87  289.31      0    633.6  211.82  317.73      0
   268435456      67108864     float     sum      -1   1357.3  197.77  296.66      0   1228.0  218.60  327.90      0
   536870912     134217728     float     sum      -1   2671.5  200.96  301.44      0   2405.6  223.18  334.77      0
  1073741824     268435456     float     sum      -1   5303.9  202.44  303.66      0   4761.3  225.51  338.27      0
  2147483648     536870912     float     sum      -1    10498  204.56  306.85      0   9482.6  226.47  339.70      0
  4294967296    1073741824     float     sum      -1    21028  204.25  306.37      0    18975  226.35  339.52      0
           8             2     float     sum      -1     8.11    0.00    0.00      0     8.09    0.00    0.00      0
          16             4     float     sum      -1     8.18    0.00    0.00      0     8.11    0.00    0.00      0
          32             8     float     sum      -1     8.53    0.00    0.01      0     8.58    0.00    0.01      0
          64            16     float     sum      -1     9.30    0.01    0.01      0     9.22    0.01    0.01      0
         128            32     float     sum      -1     9.45    0.01    0.02      0     9.25    0.01    0.02      0
         256            64     float     sum      -1     9.72    0.03    0.04      0     9.39    0.03    0.04      0
         512           128     float     sum      -1     9.58    0.05    0.08      0     9.33    0.05    0.08      0
        1024           256     float     sum      -1     9.81    0.10    0.16      0     9.22    0.11    0.17      0
        2048           512     float     sum      -1     9.81    0.21    0.31      0     9.43    0.22    0.33      0
        4096          1024     float     sum      -1     9.89    0.41    0.62      0     9.63    0.43    0.64      0
        8192          2048     float     sum      -1    10.21    0.80    1.20      0     9.87    0.83    1.24      0
       16384          4096     float     sum      -1    11.04    1.48    2.23      0    10.59    1.55    2.32      0
       32768          8192     float     sum      -1    11.15    2.94    4.41      0    10.80    3.03    4.55      0
       65536         16384     float     sum      -1    11.42    5.74    8.61      0    11.00    5.96    8.93      0
      131072         32768     float     sum      -1    11.70   11.21   16.81      0    11.23   11.68   17.52      0
      262144         65536     float     sum      -1    11.95   21.94   32.91      0    11.56   22.67   34.00      0
      524288        131072     float     sum      -1    15.06   34.82   52.22      0    14.04   37.35   56.02      0
     1048576        262144     float     sum      -1    18.85   55.63   83.45      0    18.79   55.79   83.69      0
     2097152        524288     float     sum      -1    30.04   69.82  104.73      0    29.96   70.00  105.00      0
     4194304       1048576     float     sum      -1    42.87   97.84  146.76      0    42.34   99.06  148.59      0
     8388608       2097152     float     sum      -1    62.27  134.71  202.06      0    61.17  137.13  205.69      0
    16777216       4194304     float     sum      -1    106.7  157.30  235.95      0    100.7  166.57  249.86      0
    33554432       8388608     float     sum      -1    188.6  177.94  266.92      0    178.3  188.20  282.29      0
    67108864      16777216     float     sum      -1    347.0  193.39  290.08      0    334.2  200.79  301.18      0
   134217728      33554432     float     sum      -1    667.5  201.09  301.63      0    632.4  212.22  318.33      0
   268435456      67108864     float     sum      -1   1372.2  195.63  293.44      0   1225.9  218.97  328.45      0
   536870912     134217728     float     sum      -1   2670.6  201.03  301.54      0   2409.2  222.84  334.26      0
  1073741824     268435456     float     sum      -1   5300.0  202.59  303.89      0   4753.2  225.90  338.85      0
  2147483648     536870912     float     sum      -1    10520  204.13  306.20      0   9488.5  226.32  339.49      0
  4294967296    1073741824     float     sum      -1    21092  203.63  305.45      0    18938  226.79  340.19      0
           8             2     float     sum      -1     8.08    0.00    0.00      0     8.12    0.00    0.00      0
          16             4     float     sum      -1     8.23    0.00    0.00      0     8.13    0.00    0.00      0
          32             8     float     sum      -1     8.55    0.00    0.01      0     8.51    0.00    0.01      0
          64            16     float     sum      -1     9.37    0.01    0.01      0     9.24    0.01    0.01      0
         128            32     float     sum      -1     9.45    0.01    0.02      0     9.26    0.01    0.02      0
         256            64     float     sum      -1     9.61    0.03    0.04      0     9.24    0.03    0.04      0
         512           128     float     sum      -1     9.62    0.05    0.08      0     9.32    0.05    0.08      0
        1024           256     float     sum      -1     9.79    0.10    0.16      0     9.32    0.11    0.16      0
        2048           512     float     sum      -1     9.77    0.21    0.31      0     9.46    0.22    0.32      0
        4096          1024     float     sum      -1     9.97    0.41    0.62      0     9.50    0.43    0.65      0
        8192          2048     float     sum      -1    10.19    0.80    1.21      0     9.89    0.83    1.24      0
       16384          4096     float     sum      -1    10.95    1.50    2.24      0    10.67    1.54    2.30      0
       32768          8192     float     sum      -1    11.13    2.95    4.42      0    10.82    3.03    4.54      0
       65536         16384     float     sum      -1    11.43    5.73    8.60      0    10.94    5.99    8.99      0
      131072         32768     float     sum      -1    11.71   11.19   16.79      0    11.35   11.55   17.32      0
      262144         65536     float     sum      -1    12.24   21.42   32.13      0    11.58   22.64   33.97      0
      524288        131072     float     sum      -1    14.94   35.09   52.64      0    14.04   37.34   56.00      0
     1048576        262144     float     sum      -1    19.01   55.15   82.73      0    18.86   55.60   83.40      0
     2097152        524288     float     sum      -1    29.99   69.92  104.88      0    30.00   69.91  104.87      0
     4194304       1048576     float     sum      -1    42.67   98.29  147.44      0    42.22   99.35  149.02      0
     8388608       2097152     float     sum      -1    62.30  134.64  201.97      0    61.34  136.76  205.15      0
    16777216       4194304     float     sum      -1    106.4  157.61  236.41      0    100.4  167.18  250.77      0
    33554432       8388608     float     sum      -1    189.1  177.40  266.11      0    178.7  187.72  281.58      0
    67108864      16777216     float     sum      -1    352.3  190.47  285.70      0    334.3  200.72  301.07      0
   134217728      33554432     float     sum      -1    670.0  200.33  300.49      0    633.2  211.96  317.94      0
   268435456      67108864     float     sum      -1   1343.5  199.81  299.71      0   1224.4  219.24  328.86      0
   536870912     134217728     float     sum      -1   2643.8  203.06  304.60      0   2403.1  223.41  335.11      0
  1073741824     268435456     float     sum      -1   5290.7  202.95  304.42      0   4758.9  225.63  338.44      0
  2147483648     536870912     float     sum      -1    10536  203.83  305.74      0   9484.9  226.41  339.62      0
  4294967296    1073741824     float     sum      -1    21042  204.12  306.17      0    18964  226.48  339.72      0
           8             2     float     sum      -1     8.19    0.00    0.00      0     8.17    0.00    0.00      0
          16             4     float     sum      -1     8.20    0.00    0.00      0     8.07    0.00    0.00      0
          32             8     float     sum      -1     8.56    0.00    0.01      0     8.48    0.00    0.01      0
          64            16     float     sum      -1     9.34    0.01    0.01      0     9.26    0.01    0.01      0
         128            32     float     sum      -1     9.41    0.01    0.02      0     9.31    0.01    0.02      0
         256            64     float     sum      -1     9.69    0.03    0.04      0     9.29    0.03    0.04      0
         512           128     float     sum      -1     9.58    0.05    0.08      0     9.34    0.05    0.08      0
        1024           256     float     sum      -1     9.81    0.10    0.16      0     9.28    0.11    0.17      0
        2048           512     float     sum      -1     9.74    0.21    0.32      0     9.51    0.22    0.32      0
        4096          1024     float     sum      -1     9.91    0.41    0.62      0     9.57    0.43    0.64      0
        8192          2048     float     sum      -1    10.17    0.81    1.21      0     9.89    0.83    1.24      0
       16384          4096     float     sum      -1    11.30    1.45    2.17      0    10.56    1.55    2.33      0
       32768          8192     float     sum      -1    11.15    2.94    4.41      0    10.87    3.01    4.52      0
       65536         16384     float     sum      -1    11.44    5.73    8.59      0    10.98    5.97    8.95      0
      131072         32768     float     sum      -1    11.75   11.15   16.73      0    11.27   11.63   17.44      0
      262144         65536     float     sum      -1    11.99   21.85   32.78      0    11.49   22.81   34.21      0
      524288        131072     float     sum      -1    14.99   34.97   52.46      0    14.05   37.30   55.96      0
     1048576        262144     float     sum      -1    19.01   55.15   82.72      0    18.74   55.94   83.91      0
     2097152        524288     float     sum      -1    30.01   69.88  104.82      0    29.90   70.14  105.21      0
     4194304       1048576     float     sum      -1    42.71   98.20  147.30      0    42.31   99.14  148.71      0
     8388608       2097152     float     sum      -1    61.81  135.72  203.58      0    61.47  136.47  204.70      0
    16777216       4194304     float     sum      -1    106.2  157.94  236.91      0    100.2  167.51  251.26      0
    33554432       8388608     float     sum      -1    189.5  177.02  265.54      0    178.2  188.30  282.45      0
    67108864      16777216     float     sum      -1    350.6  191.39  287.09      0    333.8  201.05  301.57      0
   134217728      33554432     float     sum      -1    677.3  198.17  297.26      0    633.7  211.79  317.69      0
   268435456      67108864     float     sum      -1   1357.5  197.74  296.61      0   1226.8  218.81  328.21      0
   536870912     134217728     float     sum      -1   2671.1  200.99  301.49      0   2408.4  222.92  334.38      0
  1073741824     268435456     float     sum      -1   5294.3  202.81  304.21      0   4753.1  225.90  338.86      0
  2147483648     536870912     float     sum      -1    10576  203.06  304.59      0   9481.5  226.49  339.74      0
  4294967296    1073741824     float     sum      -1    21068  203.86  305.79      0    18947  226.68  340.02      0
