        size         count      type   redop    root     time   algbw   busbw #wrong     time   algbw   busbw #wrong
         (B)    (elements)                               (us)  (GB/s)  (GB/s)            (us)  (GB/s)  (GB/s)       
           8             2     float     sum      -1    346.9    0.00    0.00      0    341.1    0.00    0.00      0
          16             4     float     sum      -1    341.7    0.00    0.00      0    348.4    0.00    0.00      0
          32             8     float     sum      -1    344.3    0.00    0.00      0    341.5    0.00    0.00      0
          64            16     float     sum      -1    341.4    0.00    0.00      0    338.8    0.00    0.00      0
         128            32     float     sum      -1    337.9    0.00    0.00      0    331.9    0.00    0.00      0
         256            64     float     sum      -1   1151.2    0.00    0.00      0    820.9    0.00    0.00      0
         512           128     float     sum      -1    336.6    0.00    0.00      0    338.6    0.00    0.00      0
        1024           256     float     sum      -1    336.8    0.00    0.01      0    495.1    0.00    0.00      0
        2048           512     float     sum      -1    343.9    0.01    0.01      0    343.5    0.01    0.01      0
        4096          1024     float     sum      -1    411.0    0.01    0.02      0    364.2    0.01    0.02      0
        8192          2048     float     sum      -1    700.1    0.01    0.02      0    778.4    0.01    0.02      0
       16384          4096     float     sum      -1   2062.8    0.01    0.01      0   2013.5    0.01    0.02      0
       32768          8192     float     sum      -1   2917.8    0.01    0.02      0   2845.3    0.01    0.02      0
       65536         16384     float     sum      -1   2934.0    0.02    0.04      0   2914.0    0.02    0.04      0
      131072         32768     float     sum      -1    103.7    1.26    2.37      0    102.8    1.27    2.39      0
      262144         65536     float     sum      -1    121.3    2.16    4.05      0    121.0    2.17    4.06      0
      524288        131072     float     sum      -1    206.2    2.54    4.77      0    201.1    2.61    4.89      0
     1048576        262144     float     sum      -1    226.8    4.62    8.67      0    228.6    4.59    8.60      0
     2097152        524288     float     sum      -1    18007    0.12    0.22      0    17742    0.12    0.22      0
     4194304       1048576     float     sum      -1    17785    0.24    0.44      0    17525    0.24    0.45      0
     8388608       2097152     float     sum      -1    37720    0.22    0.42      0    39443    0.21    0.40      0
    16777216       4194304     float     sum      -1  3327601    0.01    0.01      0    591.7   28.36   53.17      0
