        size         count      type   redop    root     time   algbw   busbw #wrong     time   algbw   busbw #wrong
         (B)    (elements)                               (us)  (GB/s)  (GB/s)            (us)  (GB/s)  (GB/s)       
           8             2     float     sum      -1    577.0    0.00    0.00      0    796.7    0.00    0.00      0
          16             4     float     sum      -1    523.5    0.00    0.00      0    504.3    0.00    0.00      0
          32             8     float     sum      -1    664.5    0.00    0.00      0    640.9    0.00    0.00      0
          64            16     float     sum      -1    491.2    0.00    0.00      0    484.0    0.00    0.00      0
         128            32     float     sum      -1    492.1    0.00    0.00      0    457.7    0.00    0.00      0
         256            64     float     sum      -1    453.5    0.00    0.00      0    449.5    0.00    0.00      0
         512           128     float     sum      -1    452.1    0.00    0.00      0    445.1    0.00    0.00      0
        1024           256     float     sum      -1    451.2    0.00    0.00      0    445.1    0.00    0.00      0
        2048           512     float     sum      -1    458.2    0.00    0.01      0    451.4    0.00    0.01      0
        4096          1024     float     sum      -1    405.3    0.01    0.02      0    395.6    0.01    0.02      0
        8192          2048     float     sum      -1    754.6    0.01    0.02      0    768.5    0.01    0.02      0
       16384          4096     float     sum      -1   2104.7    0.01    0.02      0   2114.4    0.01    0.02      0
       32768          8192     float     sum      -1   2870.3    0.01    0.02      0   2832.1    0.01    0.02      0
       65536         16384     float     sum      -1   2872.9    0.02    0.04      0   2922.8    0.02    0.04      0
      131072         32768     float     sum      -1   3137.5    0.04    0.08      0   3391.0    0.04    0.07      0
      262144         65536     float     sum      -1   3508.4    0.07    0.14      0   3050.9    0.09    0.17      0
      524288        131072     float     sum      -1    709.4    0.74    1.43      0    704.7    0.74    1.44      0
     1048576        262144     float     sum      -1    30131    0.03    0.07      0    28413    0.04    0.07      0
     2097152        524288     float     sum      -1    28775    0.07    0.14      0    28853    0.07    0.14      0
     4194304       1048576     float     sum      -1    28198    0.15    0.29      0    27598    0.15    0.29      0
     8388608       2097152     float     sum      -1    50960    0.16    0.32      0    50350    0.17    0.32      0
    16777216       4194304     float     sum      -1    97638    0.17    0.33      0    98158    0.17    0.33      0
